,,,KOr74,GENETREEr79,OMAr2014,TREEFAMr9,ORTHODBv8,EggNOGv4,HOGENOMr6,HOVERGENr49,COGv2014,HumPhylomeDBv4
,,,K04705,ENSGT00700000104139,HGGNYMG,TF315007,EOG7353WJ,NOG309509,HOG000231952,HBG053175,NA,O75886
ACC,ENTRY_NAME,Db_count,,,,,,,,,,
O75886,STAM2_HUMAN,9.0,1,1,1,1,1,1,1,1,,1
Q5XHY7,STAM2_RAT,9.0,1,1,1,1,1,1,1,1,,1
O88811,STAM2_MOUSE,9.0,1,1,1,1,1,1,1,1,,1
Q08DL9,Q08DL9_BOVIN,7.0,1,1,,1,1,1,1,1,,
A5PMY5,A5PMY5_DANRE,7.0,1,1,,1,1,1,1,1,,
B5DF55,B5DF55_RAT,7.0,1,1,,1,1,1,1,1,,
A8WI00,A8WI00_DANRE,6.0,1,1,,,1,1,1,1,,
Q92783,STAM1_HUMAN,6.0,1,1,,1,,1,1,1,,
O93436,STAM2_CHICK,5.0,1,,,,,1,1,1,,1
Q9XTL2,Q9XTL2_DROME,5.0,1,1,,,1,1,,,,1
F1PNS4,F1PNS4_CANFA,5.0,1,1,1,1,1,,,,,
P70297,STAM1_MOUSE,5.0,1,,,1,1,1,,1,,
A7RQF8,A7RQF8_NEMVE,5.0,1,,,,1,1,1,,,1
F6PSW1,F6PSW1_HORSE,5.0,1,1,1,1,1,,,,,
F7C3X8,F7C3X8_MONDO,5.0,1,1,1,1,1,,,,,
Q7PNF5,Q7PNF5_ANOGA,5.0,1,,,,1,1,1,,,1
M3WQ89,M3WQ89_FELCA,4.0,1,1,1,,1,,,,,
H0UZI0,H0UZI0_CAVPO,4.0,,1,1,1,1,,,,,
B3SA14,B3SA14_TRIAD,4.0,1,,,,1,1,1,,,
G1RQ00,G1RQ00_NOMLE,4.0,1,1,,1,1,,,,,
B0W8U1,B0W8U1_CULQU,4.0,1,,,,1,1,1,,,
F1N4I2,F1N4I2_BOVIN,4.0,,1,1,1,1,,,,,
H2R6H2,H2R6H2_PANTR,4.0,,1,1,1,1,,,,,
B7P999,B7P999_IXOSC,4.0,1,,,,1,1,,,,1
H2N9W0,H2N9W0_PONAB,4.0,1,1,,1,1,,,,,
G1RKI7,G1RKI7_NOMLE,4.0,,1,1,1,1,,,,,
H2Q1P5,H2Q1P5_PANTR,4.0,1,1,,1,1,,,,,
Q6P3N3,Q6P3N3_XENTR,4.0,1,,,,,1,1,1,,
H2P7J9,H2P7J9_PONAB,4.0,,1,1,1,1,,,,,
Q5U3F4,Q5U3F4_DANRE,4.0,1,,,,,,1,1,,1
O01498,STAM1_CAEEL,4.0,1,1,,,,1,,,,1
O01498,STAM1_CAEEL,4.0,1,1,,,,1,,,,1
E2RN50,E2RN50_CANFA,4.0,1,1,,1,1,,,,,
G1LQH6,G1LQH6_AILME,4.0,,1,1,1,1,,,,,
G1P091,G1P091_MYOLU,4.0,,1,1,1,1,,,,,
G1LVX5,G1LVX5_AILME,4.0,1,1,,1,1,,,,,
G1NJJ7,G1NJJ7_MELGA,4.0,,1,1,1,1,,,,,
H0ZPD0,H0ZPD0_TAEGU,4.0,,1,1,1,1,,,,,
Q3TGH8,Q3TGH8_MOUSE,4.0,1,1,1,,,,,1,,
Q2KIK6,Q2KIK6_BOVIN,4.0,1,,,,,1,1,1,,
K7GH82,K7GH82_PELSI,4.0,,1,1,1,1,,,,,
Q17IU1,Q17IU1_AEDAE,4.0,1,,,,1,1,1,,,
F1SHW8,F1SHW8_PIG,4.0,,1,1,1,1,,,,,
H9GJ58,H9GJ58_ANOCA,4.0,1,1,,1,1,,,,,
F7E7C6,F7E7C6_CALJA,4.0,1,1,,1,1,,,,,
G3T4G6,G3T4G6_LOXAF,4.0,,1,1,1,1,,,,,
G3S6V1,G3S6V1_GORGO,4.0,,1,1,1,1,,,,,
F6STQ7,F6STQ7_XENTR,4.0,,1,1,1,1,,,,,
I3MUQ6,I3MUQ6_SPETR,4.0,,1,1,1,1,,,,,
G3QDI4,G3QDI4_GORGO,4.0,1,1,,1,1,,,,,
F7F5W3,F7F5W3_CALJA,4.0,,1,1,1,1,,,,,
F7B1Q8,F7B1Q8_MACMU,4.0,,1,1,1,1,,,,,
G3U387,G3U387_LOXAF,3.0,,1,,1,1,,,,,
H3ATT0,H3ATT0_LATCH,3.0,1,1,,,1,,,,,
H3ATT1,H3ATT1_LATCH,3.0,,1,1,1,,,,,,
G1PX16,G1PX16_MYOLU,3.0,,1,,1,1,,,,,
H0WRB6,H0WRB6_OTOGA,3.0,,1,,1,1,,,,,
F7AET0,F7AET0_XENTR,3.0,,1,,1,1,,,,,
Q6C2N2,HSE1_YARLI,3.0,1,,,,,1,,,,1
H2MUD3,H2MUD3_ORYLA,3.0,,1,,1,1,,,,,
O74749,HSE1_SCHPO,3.0,1,,,,,1,,,,1
H0XG63,H0XG63_OTOGA,3.0,,1,,1,1,,,,,
Q5A895,HSE1_CANAL,3.0,1,,,,,1,,,,1
Q5A895,HSE1_CANAL,3.0,1,,,,,1,,,,1
F1RWA6,F1RWA6_PIG,3.0,,1,,1,1,,,,,
H0YSR8,H0YSR8_TAEGU,3.0,,1,,1,1,,,,,
G3N8G1,G3N8G1_GASAC,3.0,,1,,1,1,,,,,
F7DIA3,F7DIA3_HORSE,3.0,,1,,1,1,,,,,
F7DEB9,F7DEB9_ORNAN,3.0,,1,,1,1,,,,,
H3C6F4,H3C6F4_TETNG,3.0,,1,,1,1,,,,,
Q4P5J4,HSE1_USTMA,3.0,1,,,,,1,,,,1
P38753,HSE1_YEAST,3.0,1,1,,,,1,,,,
Q3UGN9,Q3UGN9_MOUSE,3.0,,1,,,,,1,1,,
Q3TQ49,Q3TQ49_MOUSE,3.0,1,1,,,,,,1,,
G1N6S2,G1N6S2_MELGA,3.0,,1,,1,1,,,,,
F7BY02,F7BY02_ORNAN,3.0,,1,,1,1,,,,,
H3DMT0,H3DMT0_TETNG,3.0,,1,,1,1,,,,,
H2M171,H2M171_ORYLA,3.0,,1,,1,1,,,,,
M4AQD6,M4AQD6_XIPMA,3.0,1,1,,,1,,,,,
H0VE80,H0VE80_CAVPO,3.0,,1,,1,1,,,,,
M4ACW3,M4ACW3_XIPMA,3.0,1,1,,,1,,,,,
B4P133,B4P133_DROYA,3.0,1,,,,1,1,,,,
F1NQG6,F1NQG6_CHICK,3.0,,1,1,,1,,,,,
G3VYB9,G3VYB9_SARHA,3.0,,1,1,1,,,,,,
M3XDT7,M3XDT7_FELCA,3.0,1,1,,,1,,,,,
F1NL22,F1NL22_CHICK,3.0,,1,,1,1,,,,,
H2TEE8,H2TEE8_TAKRU,3.0,,1,,1,1,,,,,
B4JPV4,B4JPV4_DROGR,3.0,1,,,,1,1,,,,
A7F7C3,A7F7C3_SCLS1,3.0,1,,,,,1,,,,1
B4LS62,B4LS62_DROVI,3.0,1,,,,1,1,,,,
G1SD38,G1SD38_RABIT,3.0,,1,,1,1,,,,,
B4NLN4,B4NLN4_DROWI,3.0,1,,,,1,1,,,,
G3PY40,G3PY40_GASAC,3.0,,1,,1,1,,,,,
M3XMV1,M3XMV1_MUSPF,3.0,,1,1,,1,,,,,
I3NE41,I3NE41_SPETR,3.0,,1,,1,1,,,,,
F6PHZ4,F6PHZ4_CIOIN,3.0,,1,,1,1,,,,,
F7FZW7,F7FZW7_MACMU,3.0,,1,,1,1,,,,,
A9V0D3,A9V0D3_MONBE,3.0,1,,,,,1,,,,1
U3KHM1,U3KHM1_FICAL,3.0,1,1,1,,,,,,,
K7GGW4,K7GGW4_PELSI,3.0,,1,,1,1,,,,,
Q7S6J4,HSE1_NEUCR,3.0,1,,,,,1,,,,1
I3LAD5,I3LAD5_PIG,3.0,,1,,1,1,,,,,
G1KDY4,G1KDY4_ANOCA,3.0,,1,,1,1,,,,,
F6XSP0,F6XSP0_MONDO,3.0,,1,,1,1,,,,,
B3MJX6,B3MJX6_DROAN,3.0,1,,,,1,1,,,,
E0W250,E0W250_PEDHC,2.0,1,,,,1,,,,,
H2UJI7,H2UJI7_TAKRU,2.0,,1,,,1,,,,,
M3XJH9,M3XJH9_LATCH,2.0,,1,,,1,,,,,
J9K5H2,J9K5H2_ACYPI,2.0,1,,,,1,,,,,
Q0U6X7,HSE1_PHANO,2.0,1,,,,,,,,,1
H2ZH91,H2ZH91_CIOSA,2.0,,1,,,1,,,,,
H2UJI8,H2UJI8_TAKRU,2.0,,1,,1,,,,,,
I3JRR0,I3JRR0_ORENI,2.0,,,,1,1,,,,,
M3YJN6,M3YJN6_MUSPF,2.0,,1,,,1,,,,,
I3KK28,I3KK28_ORENI,2.0,,,,1,1,,,,,
H3AWG8,H3AWG8_LATCH,2.0,,1,,1,,,,,,
F1QHB2,F1QHB2_DANRE,2.0,,1,,1,,,,,,
Q3UMC8,Q3UMC8_MOUSE,2.0,,,,,,,1,1,,
D6WJJ5,D6WJJ5_TRICA,2.0,1,,,,1,,,,,
A2ARJ0,A2ARJ0_MOUSE,2.0,,1,,,,,,1,,
B6H100,B6H100_PENCW,2.0,1,,,,,1,,,,
Q7ZVR5,Q7ZVR5_DANRE,2.0,1,,,,,,,1,,
Q7ZYI7,Q7ZYI7_XENLA,2.0,1,,,,,,,1,,
B4KKL4,B4KKL4_DROMO,2.0,1,,,,1,,,,,
B4HWX3,B4HWX3_DROSE,2.0,1,,,,1,,,,,
B4G6X0,B4G6X0_DROPE,2.0,1,,,,1,,,,,
B3N517,B3N517_DROER,2.0,1,,,,1,,,,,
A1CEK6,HSE1_ASPCL,2.0,1,,,,,1,,,,
A1DFN5,HSE1_NEOFI,2.0,1,,,,,1,,,,
G1SKD5,G1SKD5_RABIT,2.0,,1,,,1,,,,,
Q6IRR1,Q6IRR1_XENLA,2.0,1,,,,,,,1,,
A2QW93,HSE1_ASPNC,2.0,1,,,,,1,,,,
G3WJK5,G3WJK5_SARHA,2.0,,1,,1,,,,,,
A3LXQ8,HSE1_PICST,2.0,1,,,,,1,,,,
A4RF61,HSE1_MAGO7,2.0,1,,,,,1,,,,
A8WW10,A8WW10_CAEBR,2.0,,,,,1,1,,,,
G3WJK4,G3WJK4_SARHA,2.0,,1,,,1,,,,,
A7TLP4,A7TLP4_VANPO,2.0,1,,,,,1,,,,
A6NMU3,A6NMU3_HUMAN,2.0,,1,,,1,,,,,
U3IQF9,U3IQF9_ANAPL,2.0,,1,1,,,,,,,
Q75DS3,HSE1_ASHGO,2.0,1,,,,,1,,,,
B4Q9V5,B4Q9V5_DROSI,2.0,1,,,,1,,,,,
G3VYB8,G3VYB8_SARHA,2.0,,1,,,1,,,,,
B9WKV5,B9WKV5_CANDC,2.0,1,,,,,1,,,,
Q4WHP5,HSE1_ASPFU,2.0,1,,,,,1,,,,
Q5BBL4,HSE1_EMENI,2.0,1,,,,,1,,,,
G3N315,G3N315_BOVIN,2.0,,1,,,1,,,,,
C5PGY6,C5PGY6_COCP7,2.0,1,,,,,1,,,,
W5PEU9,W5PEU9_SHEEP,2.0,,1,1,,,,,,,
C5DQL5,C5DQL5_ZYGRC,2.0,1,,,,,1,,,,
C5DGK8,C5DGK8_LACTC,2.0,1,,,,,1,,,,
C4R385,C4R385_PICPG,2.0,1,,,,,1,,,,
Q6BNP6,HSE1_DEBHA,2.0,1,,,,,1,,,,
Q29PI9,Q29PI9_DROPS,2.0,1,,,,1,,,,,
Q6CVA8,HSE1_KLULA,2.0,1,,,,,1,,,,
W5PPV5,W5PPV5_SHEEP,2.0,1,1,,,,,,,,
G3P3U3,G3P3U3_GASAC,1.0,,1,,,,,,,,
G2QSR6,G2QSR6_THITE,1.0,1,,,,,,,,,
G3NUP0,G3NUP0_GASAC,1.0,,1,,,,,,,,
G2QF50,G2QF50_THIHA,1.0,1,,,,,,,,,
G3P3U7,G3P3U7_GASAC,1.0,,1,,,,,,,,
F7FDF3,F7FDF3_ORNAN,1.0,,1,,,,,,,,
F7F601,F7F601_CALJA,1.0,,1,,,,,,,,
F7GA07,F7GA07_MACMU,1.0,,1,,,,,,,,
G2XB10,G2XB10_VERDV,1.0,1,,,,,,,,,
F7HB32,F7HB32_CALJA,1.0,,1,,,,,,,,
F7CM97,F7CM97_HORSE,1.0,,1,,,,,,,,
G3JF56,G3JF56_CORMM,1.0,1,,,,,,,,,
F7D0F3,F7D0F3_MACMU,1.0,,1,,,,,,,,
F7EJQ0,F7EJQ0_CALJA,1.0,,1,,,,,,,,
F7ED62,F7ED62_MACMU,1.0,,1,,,,,,,,
F7ED56,F7ED56_MACMU,1.0,,1,,,,,,,,
G3NUN3,G3NUN3_GASAC,1.0,,1,,,,,,,,
G3NUL9,G3NUL9_GASAC,1.0,,1,,,,,,,,
G3AIZ7,G3AIZ7_SPAPN,1.0,1,,,,,,,,,
G2HG32,G2HG32_PANTR,1.0,1,,,,,,,,,
G3NUK8,G3NUK8_GASAC,1.0,,1,,,,,,,,
G3B079,G3B079_CANTC,1.0,1,,,,,,,,,
G3I4Z0,G3I4Z0_CRIGR,1.0,1,,,,,,,,,
F7ED73,F7ED73_MACMU,1.0,,1,,,,,,,,
F8P7Z7,F8P7Z7_SERL9,1.0,1,,,,,,,,,
G1SZP0,G1SZP0_RABIT,1.0,,1,,,,,,,,
G1Q579,G1Q579_MYOLU,1.0,,1,,,,,,,,
G0V6H3,G0V6H3_NAUCC,1.0,1,,,,,,,,,
G0WHZ3,G0WHZ3_NAUDC,1.0,1,,,,,,,,,
G1R947,G1R947_NOMLE,1.0,,1,,,,,,,,
G1KX91,G1KX91_ANOCA,1.0,,1,,,,,,,,
G1L405,G1L405_AILME,1.0,,1,,,,,,,,
G1LES4,G1LES4_AILME,1.0,,1,,,,,,,,
G1P905,G1P905_MYOLU,1.0,,1,,,,,,,,
F7HBD0,F7HBD0_CALJA,1.0,,1,,,,,,,,
G1NWT2,G1NWT2_MYOLU,1.0,,1,,,,,,,,
G1NTF9,G1NTF9_MYOLU,1.0,,1,,,,,,,,
G1M7Z6,G1M7Z6_AILME,1.0,,1,,,,,,,,
G1NJE2,G1NJE2_MELGA,1.0,,1,,,,,,,,
F7CC92,F7CC92_XENTR,1.0,,1,,,,,,,,
G1N8K3,G1N8K3_MELGA,1.0,,1,,,,,,,,
G0SAH4,G0SAH4_CHATD,1.0,1,,,,,,,,,
G1RTU7,G1RTU7_NOMLE,1.0,,1,,,,,,,,
G0RWF2,G0RWF2_HYPJQ,1.0,1,,,,,,,,,
F9X9I0,F9X9I0_ZYMTI,1.0,1,,,,,,,,,
G1RVW4,G1RVW4_NOMLE,1.0,,1,,,,,,,,
F8WE29,F8WE29_HUMAN,1.0,,1,,,,,,,,
F8WBB0,F8WBB0_HUMAN,1.0,,1,,,,,,,,
G1SLM2,G1SLM2_RABIT,1.0,,1,,,,,,,,
F8WB30,F8WB30_HUMAN,1.0,,1,,,,,,,,
F8WAW7,F8WAW7_HUMAN,1.0,,1,,,,,,,,
G1MZE7,G1MZE7_MELGA,1.0,,1,,,,,,,,
F8MWN7,F8MWN7_NEUT8,1.0,1,,,,,,,,,
F7VW93,F7VW93_SORMK,1.0,1,,,,,,,,,
G1SV79,G1SV79_RABIT,1.0,,1,,,,,,,,
F7I195,F7I195_CALJA,1.0,,1,,,,,,,,
F7HYH1,F7HYH1_CALJA,1.0,,1,,,,,,,,
F7HGD7,F7HGD7_CALJA,1.0,,1,,,,,,,,
F7CK11,F7CK11_ORNAN,1.0,,1,,,,,,,,
X1WEM0,X1WEM0_DANRE,1.0,,1,,,,,,,,
F7C3Y5,F7C3Y5_CALJA,1.0,,1,,,,,,,,
D5GFL0,D5GFL0_TUBMM,1.0,1,,,,,,,,,
B0QY01,B0QY01_HUMAN,1.0,,1,,,,,,,,
B0QY02,B0QY02_HUMAN,1.0,,1,,,,,,,,
B0R0N7,B0R0N7_MOUSE,1.0,,1,,,,,,,,
B2AQU9,B2AQU9_PODAN,1.0,1,,,,,,,,,
B2RAY1,B2RAY1_HUMAN,1.0,,,,,,,,1,,
B4DZT2,B4DZT2_HUMAN,1.0,,,,,,,,1,,
B7Z2U2,B7Z2U2_HUMAN,1.0,,1,,,,,,,,
B8BX48,B8BX48_THAPS,1.0,,,,,,,,,,1
B8N4E1,B8N4E1_ASPFN,1.0,1,,,,,,,,,
B8PB73,B8PB73_POSPM,1.0,1,,,,,,,,,
C1HDR4,C1HDR4_PARBA,1.0,1,,,,,,,,,
C4JGH4,C4JGH4_UNCRE,1.0,1,,,,,,,,,
C4YAV0,C4YAV0_CLAL4,1.0,1,,,,,,,,,
C5M4H7,C5M4H7_CANTT,1.0,1,,,,,,,,,
C5XJP3,C5XJP3_SORBI,1.0,,,,,,1,,,,
C7YLM0,C7YLM0_NECH7,1.0,1,,,,,,,,,
C9J1E5,C9J1E5_HUMAN,1.0,,1,,,,,,,,
C9SWK7,C9SWK7_VERA1,1.0,1,,,,,,,,,
D2CPV6,D2CPV6_9VIRU,1.0,1,,,,,,,,,
D2H9Y5,D2H9Y5_AILME,1.0,,,,,,,1,,,
D2HUD3,D2HUD3_AILME,1.0,,,,,,,1,,,
D4A6C9,D4A6C9_RAT,1.0,,1,,,,,,,,
D4ALR4,D4ALR4_ARTBC,1.0,1,,,,,,,,,
A9TQ90,A9TQ90_PHYPA,1.0,,,,,,,,,,1
A8Q9H7,A8Q9H7_MALGO,1.0,1,,,,,,,,,
A8NAI4,A8NAI4_COPC7,1.0,1,,,,,,,,,
A0A096NXW7,A0A096NXW7_PAPAN,1.0,,1,,,,,,,,
A0A061IF59,A0A061IF59_CRIGR,1.0,1,,,,,,,,,
A0A087X8R2,A0A087X8R2_POEFO,1.0,,1,,,,,,,,
A0A087XC11,A0A087XC11_POEFO,1.0,,1,,,,,,,,
A0A087XJQ8,A0A087XJQ8_POEFO,1.0,,1,,,,,,,,
A0A087XWU0,A0A087XWU0_POEFO,1.0,,1,,,,,,,,
A0A087Y4N4,A0A087Y4N4_POEFO,1.0,,1,,,,,,,,
A0A087YGM9,A0A087YGM9_POEFO,1.0,,1,,,,,,,,
A0A088AM41,A0A088AM41_APIME,1.0,1,,,,,,,,,
A0A096LRJ2,A0A096LRJ2_POEFO,1.0,,1,,,,,,,,
A0A096NJR5,A0A096NJR5_PAPAN,1.0,,1,,,,,,,,
A0A096P324,A0A096P324_PAPAN,1.0,,1,,,,,,,,
A7EE04,A7EE04_SCLS1,1.0,,,,,,,,,,1
A0A096P3M2,A0A096P3M2_PAPAN,1.0,,1,,,,,,,,
A0A096P3M3,A0A096P3M3_PAPAN,1.0,,1,,,,,,,,
A0A096P4N8,A0A096P4N8_PAPAN,1.0,,1,,,,,,,,
A0A0A6YVP6,A0A0A6YVP6_MOUSE,1.0,,1,,,,,,,,
A5DP75,A5DP75_PICGU,1.0,1,,,,,,,,,
A5DS28,A5DS28_LODEL,1.0,1,,,,,,,,,
A5PK10,A5PK10_BOVIN,1.0,,1,,,,,,,,
A6PWP3,A6PWP3_MOUSE,1.0,,1,,,,,,,,
A6RH98,A6RH98_AJECN,1.0,1,,,,,,,,,
A7EBL9,A7EBL9_SCLS1,1.0,,,,,,,,,,1
D4D5D1,D4D5D1_TRIVH,1.0,1,,,,,,,,,
D8Q8H5,D8Q8H5_SCHCM,1.0,1,,,,,,,,,
F7BYB8,F7BYB8_MONDO,1.0,,1,,,,,,,,
E1BEE0,E1BEE0_BOVIN,1.0,,1,,,,,,,,
F6QK45,F6QK45_MACMU,1.0,,1,,,,,,,,
F6QK53,F6QK53_MACMU,1.0,,1,,,,,,,,
F6RBX1,F6RBX1_MOUSE,1.0,,1,,,,,,,,
F6RKU2,F6RKU2_MONDO,1.0,,1,,,,,,,,
F6SB04,F6SB04_XENTR,1.0,,1,,,,,,,,
F6SC35,F6SC35_CALJA,1.0,,1,,,,,,,,
F6SC62,F6SC62_CALJA,1.0,,1,,,,,,,,
F6SCH8,F6SCH8_HORSE,1.0,,1,,,,,,,,
F6SRE6,F6SRE6_ORNAN,1.0,,1,,,,,,,,
F6U1C6,F6U1C6_XENTR,1.0,,1,,,,,,,,
F6U836,F6U836_MONDO,1.0,,1,,,,,,,,
F6ZCW5,F6ZCW5_CALJA,1.0,,1,,,,,,,,
F6ZDJ1,F6ZDJ1_MOUSE,1.0,,1,,,,,,,,
F6ZDM4,F6ZDM4_CALJA,1.0,,1,,,,,,,,
F7AB60,F7AB60_MACMU,1.0,,1,,,,,,,,
F7AF68,F7AF68_ORNAN,1.0,,1,,,,,,,,
F7AF79,F7AF79_ORNAN,1.0,,1,,,,,,,,
F7AJK0,F7AJK0_HORSE,1.0,,1,,,,,,,,
F7B5U0,F7B5U0_CALJA,1.0,,1,,,,,,,,
F7BNS8,F7BNS8_CALJA,1.0,,1,,,,,,,,
F7BNY0,F7BNY0_CALJA,1.0,,1,,,,,,,,
F7BPR0,F7BPR0_CALJA,1.0,,1,,,,,,,,
F7BXZ4,F7BXZ4_ORNAN,1.0,,1,,,,,,,,
F6QK35,F6QK35_MACMU,1.0,,1,,,,,,,,
F6PUM7,F6PUM7_ORNAN,1.0,,1,,,,,,,,
F6PP54,F6PP54_XENTR,1.0,,1,,,,,,,,
E9EPL2,E9EPL2_METRA,1.0,1,,,,,,,,,
E2RAX0,E2RAX0_CANFA,1.0,,1,,,,,,,,
E2RAY7,E2RAY7_CANFA,1.0,,1,,,,,,,,
E2RE93,E2RE93_CANFA,1.0,,1,,,,,,,,
E3KVF3,E3KVF3_PUCGT,1.0,1,,,,,,,,,
E3RVB3,E3RVB3_PYRTT,1.0,1,,,,,,,,,
E5SHM0,E5SHM0_TRISP,1.0,1,,,,,,,,,
E6R8K2,E6R8K2_CRYGW,1.0,1,,,,,,,,,
E7F811,E7F811_DANRE,1.0,,1,,,,,,,,
E7FC90,E7FC90_DANRE,1.0,,1,,,,,,,,
E9E0N4,E9E0N4_METAQ,1.0,1,,,,,,,,,
F1LM81,TM1L1_RAT,1.0,,1,,,,,,,,
F5H3S6,F5H3S6_HUMAN,1.0,,1,,,,,,,,
F1MY58,F1MY58_BOVIN,1.0,,1,,,,,,,,
F1NIQ4,F1NIQ4_CHICK,1.0,,1,,,,,,,,
F1NWT1,F1NWT1_CHICK,1.0,,1,,,,,,,,
F1P732,F1P732_CANFA,1.0,,1,,,,,,,,
F1PP45,F1PP45_CANFA,1.0,,1,,,,,,,,
F1QZU2,F1QZU2_DANRE,1.0,,1,,,,,,,,
F1R3F2,F1R3F2_DANRE,1.0,,1,,,,,,,,
F1RDN5,F1RDN5_DANRE,1.0,,1,,,,,,,,
F1RSF8,F1RSF8_PIG,1.0,,1,,,,,,,,
F4RMP8,F4RMP8_MELLP,1.0,1,,,,,,,,,
G3PED3,G3PED3_GASAC,1.0,,1,,,,,,,,
H0XNL5,H0XNL5_OTOGA,1.0,,1,,,,,,,,
G3Q5S6,G3Q5S6_GASAC,1.0,,1,,,,,,,,
Q5DAL0,Q5DAL0_SCHJA,1.0,,,,,,1,,,,
Q1E878,HSE1_COCIM,1.0,1,,,,,,,,,
Q3TPR2,Q3TPR2_MOUSE,1.0,,,,,,,,1,,
Q3UDC3,Q3UDC3_MOUSE,1.0,,1,,,,,,,,
Q3YEC8,Q3YEC8_MOUSE,1.0,,1,,,,,,,,
Q4PDA1,Q4PDA1_USTMA,1.0,,,,,,,,,,1
Q4PGV7,Q4PGV7_USTMA,1.0,,,,,,,,,,1
Q4RH38,Q4RH38_TETNG,1.0,,,,,,,,1,,
Q4RTL7,Q4RTL7_TETNG,1.0,,,,,,,,1,,
Q561M4,Q561M4_MOUSE,1.0,,1,,,,,,,,
Q5BIP4,Q5BIP4_BOVIN,1.0,,1,,,,,,,,
Q5BTJ3,Q5BTJ3_SCHJA,1.0,,,,,,1,,,,
Q5BY63,Q5BY63_SCHJA,1.0,,,,,,1,,,,
Q5DAL2,Q5DAL2_SCHJA,1.0,,,,,,1,,,,
Q86GT7,Q86GT7_CAEEL,1.0,,1,,,,,,,,
Q5KI11,Q5KI11_CRYNJ,1.0,,,,,,,,,,1
Q5N7Y5,Q5N7Y5_ORYSJ,1.0,,,,,,1,,,,
Q5SRX1,TM1L2_MOUSE,1.0,,1,,,,,,,,
Q5SXA4,Q5SXA4_MOUSE,1.0,,1,,,,,,,,
Q5SXA5,Q5SXA5_MOUSE,1.0,,1,,,,,,,,
Q5XI21,Q5XI21_RAT,1.0,,1,,,,,,,,
Q6FN49,HSE1_CANGA,1.0,1,,,,,,,,,
Q6UW50,Q6UW50_HUMAN,1.0,,1,,,,,,,,
Q6ZVM7,TM1L2_HUMAN,1.0,,1,,,,,,,,
Q7PJI7,Q7PJI7_ANOGA,1.0,,,,,,,,,,1
Q7S527,Q7S527_NEUCR,1.0,,,,,,,,,,1
Q7S8X1,Q7S8X1_NEUCR,1.0,,,,,,,,,,1
Q0U9E8,Q0U9E8_PHANO,1.0,,,,,,,,,,1
Q0CJU8,HSE1_ASPTN,1.0,,,,,,1,,,,
P38817,GGA2_YEAST,1.0,,,,,,,,,,1
P0CR79,HSE1_CRYNB,1.0,1,,,,,,,,,
K7GGX2,K7GGX2_PELSI,1.0,,1,,,,,,,,
K9HLW6,K9HLW6_AGABB,1.0,1,,,,,,,,,
L5M9M0,L5M9M0_MYODS,1.0,1,,,,,,,,,
M2N651,M2N651_BAUCO,1.0,1,,,,,,,,,
M2SAY9,M2SAY9_COCSN,1.0,1,,,,,,,,,
M3VZB5,M3VZB5_FELCA,1.0,,1,,,,,,,,
M3W035,M3W035_FELCA,1.0,,1,,,,,,,,
M3WRU6,M3WRU6_FELCA,1.0,,1,,,,,,,,
M3XHL9,M3XHL9_LATCH,1.0,,1,,,,,,,,
M3XLS5,M3XLS5_MUSPF,1.0,,1,,,,,,,,
M3YLW2,M3YLW2_MUSPF,1.0,,1,,,,,,,,
M3YVD5,M3YVD5_MUSPF,1.0,,1,,,,,,,,
M3Z9N3,M3Z9N3_NOMLE,1.0,,1,,,,,,,,
M3ZD85,M3ZD85_XIPMA,1.0,,1,,,,,,,,
M3ZQZ3,M3ZQZ3_XIPMA,1.0,,1,,,,,,,,
M3ZSX7,M3ZSX7_XIPMA,1.0,,1,,,,,,,,
M4AK85,M4AK85_XIPMA,1.0,,1,,,,,,,,
M7TWT2,M7TWT2_EUTLA,1.0,1,,,,,,,,,
M9PEX2,M9PEX2_DROME,1.0,,1,,,,,,,,
M9PF36,M9PF36_DROME,1.0,,1,,,,,,,,
N1Q8G3,N1Q8G3_PSEFD,1.0,1,,,,,,,,,
O12940,TOM1_CHICK,1.0,,1,,,,,,,,
O60784,TOM1_HUMAN,1.0,,1,,,,,,,,
O75674,TM1L1_HUMAN,1.0,,1,,,,,,,,
P0CR78,HSE1_CRYNJ,1.0,1,,,,,,,,,
Q84WW7,Q84WW7_ARATH,1.0,,,,,,,,,,1
Q8BZR6,Q8BZR6_MOUSE,1.0,,1,,,,,,,,
K7GA05,K7GA05_PELSI,1.0,,1,,,,,,,,
W5KNU9,W5KNU9_ASTMX,1.0,,1,,,,,,,,
U3KFK8,U3KFK8_FICAL,1.0,,1,,,,,,,,
U3KH54,U3KH54_FICAL,1.0,,1,,,,,,,,
U3KM53,U3KM53_RABIT,1.0,,1,,,,,,,,
V2X560,V2X560_MONRO,1.0,1,,,,,,,,,
V4BAR1,V4BAR1_LOTGI,1.0,1,,,,,,,,,
V9GYF4,V9GYF4_HUMAN,1.0,,1,,,,,,,,
V9GZ68,V9GZ68_HUMAN,1.0,,1,,,,,,,,
V9KB82,V9KB82_CALMI,1.0,1,,,,,,,,,
V9KQL1,V9KQL1_CALMI,1.0,1,,,,,,,,,
W4K020,W4K020_9HOMO,1.0,1,,,,,,,,,
W5K6U1,W5K6U1_ASTMX,1.0,,1,,,,,,,,
W5KL31,W5KL31_ASTMX,1.0,,1,,,,,,,,
W5KVY1,W5KVY1_ASTMX,1.0,,1,,,,,,,,
Q923U0,TM1L1_MOUSE,1.0,,1,,,,,,,,
W5L1E2,W5L1E2_ASTMX,1.0,,1,,,,,,,,
W5M3N3,W5M3N3_LEPOC,1.0,,1,,,,,,,,
W5MQQ1,W5MQQ1_LEPOC,1.0,,1,,,,,,,,
W5MYF2,W5MYF2_LEPOC,1.0,,1,,,,,,,,
W5MYG6,W5MYG6_LEPOC,1.0,,1,,,,,,,,
W5N2H1,W5N2H1_LEPOC,1.0,,1,,,,,,,,
W5P3N7,W5P3N7_SHEEP,1.0,,1,,,,,,,,
W5P3N9,W5P3N9_SHEEP,1.0,,1,,,,,,,,
W5QAP2,W5QAP2_SHEEP,1.0,,1,,,,,,,,
W5QAP3,W5QAP3_SHEEP,1.0,,1,,,,,,,,
W6Y9M9,W6Y9M9_COCCA,1.0,1,,,,,,,,,
W6YXE4,W6YXE4_COCMI,1.0,1,,,,,,,,,
U3KFK7,U3KFK7_FICAL,1.0,,1,,,,,,,,
U3JYB7,U3JYB7_FICAL,1.0,,1,,,,,,,,
U3JHU9,U3JHU9_FICAL,1.0,,1,,,,,,,,
U3IU08,U3IU08_ANAPL,1.0,,1,,,,,,,,
Q95QX5,Q95QX5_CAEEL,1.0,,1,,,,,,,,
Q9LXL1,Q9LXL1_ARATH,1.0,,,,,,,,,,1
Q9VSZ1,Q9VSZ1_DROME,1.0,,1,,,,,,,,
R0M6J0,R0M6J0_ANAPL,1.0,,,1,,,,,,,
R1GW41,R1GW41_BOTPV,1.0,1,,,,,,,,,
R4GB66,R4GB66_ANOCA,1.0,,1,,,,,,,,
R4GEE3,R4GEE3_DANRE,1.0,,1,,,,,,,,
R7SC52,R7SC52_TREMS,1.0,1,,,,,,,,,
R8BS42,R8BS42_TOGMI,1.0,1,,,,,,,,,
R9AGB4,R9AGB4_WALI9,1.0,1,,,,,,,,,
S4R8K8,S4R8K8_PETMA,1.0,,1,,,,,,,,
S4RCZ2,S4RCZ2_PETMA,1.0,,1,,,,,,,,
S4RJW0,S4RJW0_PETMA,1.0,,1,,,,,,,,
S4RVM1,S4RVM1_PETMA,1.0,,1,,,,,,,,
S4RVM4,S4RVM4_PETMA,1.0,,1,,,,,,,,
S4RXI6,S4RXI6_PETMA,1.0,,1,,,,,,,,
S7MGH2,S7MGH2_MYOBR,1.0,1,,,,,,,,,
S7QBC0,S7QBC0_GLOTA,1.0,1,,,,,,,,,
T1EEK5,T1EEK5_HELRO,1.0,1,,,,,,,,,
T1FB23,T1FB23_HELRO,1.0,1,,,,,,,,,
U3ET33,U3ET33_CALJA,1.0,1,,,,,,,,,
U3I7Q8,U3I7Q8_ANAPL,1.0,,1,,,,,,,,
U3ILH0,U3ILH0_ANAPL,1.0,,1,,,,,,,,
U3ILH8,U3ILH8_ANAPL,1.0,,1,,,,,,,,
U3IQG2,U3IQG2_ANAPL,1.0,,1,,,,,,,,
K7GA12,K7GA12_PELSI,1.0,,1,,,,,,,,
K7FPZ8,K7FPZ8_PELSI,1.0,,1,,,,,,,,
G3Q5T3,G3Q5T3_GASAC,1.0,,1,,,,,,,,
H2PXS0,H2PXS0_PONAB,1.0,,1,,,,,,,,
H0ZAC1,H0ZAC1_TAEGU,1.0,,1,,,,,,,,
H0ZGN1,H0ZGN1_TAEGU,1.0,,1,,,,,,,,
H0ZKS3,H0ZKS3_TAEGU,1.0,,1,,,,,,,,
H2AUD4,H2AUD4_KAZAF,1.0,1,,,,,,,,,
H2KYH5,H2KYH5_CAEEL,1.0,,1,,,,,,,,
H2LDN0,H2LDN0_ORYLA,1.0,,1,,,,,,,,
H2M034,H2M034_ORYLA,1.0,,1,,,,,,,,
H2MI38,H2MI38_ORYLA,1.0,,1,,,,,,,,
H2MKG0,H2MKG0_ORYLA,1.0,,1,,,,,,,,
H2MKG1,H2MKG1_ORYLA,1.0,,1,,,,,,,,
H2NSX4,H2NSX4_PONAB,1.0,,1,,,,,,,,
H2P471,H2P471_PONAB,1.0,,1,,,,,,,,
H2QDG7,H2QDG7_PANTR,1.0,,1,,,,,,,,
H2T2X0,H2T2X0_TAKRU,1.0,,1,,,,,,,,
H2QLK0,H2QLK0_PANTR,1.0,,1,,,,,,,,
H2R9K3,H2R9K3_PANTR,1.0,,1,,,,,,,,
H2SRD3,H2SRD3_TAKRU,1.0,,1,,,,,,,,
H2SRD4,H2SRD4_TAKRU,1.0,,1,,,,,,,,
H2SRD5,H2SRD5_TAKRU,1.0,,1,,,,,,,,
H2SV88,H2SV88_TAKRU,1.0,,1,,,,,,,,
H2SV89,H2SV89_TAKRU,1.0,,1,,,,,,,,
H2SV90,H2SV90_TAKRU,1.0,,1,,,,,,,,
H2SV91,H2SV91_TAKRU,1.0,,1,,,,,,,,
H2SV92,H2SV92_TAKRU,1.0,,1,,,,,,,,
H2SV93,H2SV93_TAKRU,1.0,,1,,,,,,,,
H2T2W8,H2T2W8_TAKRU,1.0,,1,,,,,,,,
X1WBI2,X1WBI2_DANRE,1.0,,1,,,,,,,,
H0XDC0,H0XDC0_OTOGA,1.0,,1,,,,,,,,
H0WLQ7,H0WLQ7_OTOGA,1.0,,1,,,,,,,,
H0W2N7,H0W2N7_CAVPO,1.0,,1,,,,,,,,
G3Q5T4,G3Q5T4_GASAC,1.0,,1,,,,,,,,
G3Q5T7,G3Q5T7_GASAC,1.0,,1,,,,,,,,
G3QDZ4,G3QDZ4_GORGO,1.0,,1,,,,,,,,
G3R732,G3R732_GORGO,1.0,,1,,,,,,,,
G3REE7,G3REE7_GORGO,1.0,,1,,,,,,,,
G3RLQ6,G3RLQ6_GORGO,1.0,,1,,,,,,,,
G3SU93,G3SU93_LOXAF,1.0,,1,,,,,,,,
G3SVR1,G3SVR1_LOXAF,1.0,,1,,,,,,,,
G3T8C7,G3T8C7_LOXAF,1.0,,1,,,,,,,,
G3TH31,G3TH31_LOXAF,1.0,,1,,,,,,,,
G3TUG4,G3TUG4_LOXAF,1.0,,1,,,,,,,,
G3U9M3,G3U9M3_LOXAF,1.0,,1,,,,,,,,
G3UQB8,G3UQB8_MELGA,1.0,,1,,,,,,,,
G3UQR9,G3UQR9_MELGA,1.0,,1,,,,,,,,
G3US84,G3US84_MELGA,1.0,,1,,,,,,,,
G3VYC0,G3VYC0_SARHA,1.0,,1,,,,,,,,
G3W6U3,G3W6U3_SARHA,1.0,,1,,,,,,,,
G3WVN8,G3WVN8_SARHA,1.0,,1,,,,,,,,
G3X3S3,G3X3S3_SARHA,1.0,,1,,,,,,,,
G7PEG7,G7PEG7_MACFA,1.0,1,,,,,,,,,
G8BQP0,G8BQP0_TETPH,1.0,1,,,,,,,,,
G8JPB2,G8JPB2_ERECY,1.0,1,,,,,,,,,
G8ZLW6,G8ZLW6_TORDC,1.0,1,,,,,,,,,
H0V1B4,H0V1B4_CAVPO,1.0,,1,,,,,,,,
H0VBV6,H0VBV6_CAVPO,1.0,,1,,,,,,,,
H2T2W9,H2T2W9_TAKRU,1.0,,1,,,,,,,,
H2T2X1,H2T2X1_TAKRU,1.0,,1,,,,,,,,
K7FPY2,K7FPY2_PELSI,1.0,,1,,,,,,,,
I3N496,I3N496_SPETR,1.0,,1,,,,,,,,
I3L1Q1,I3L1Q1_HUMAN,1.0,,1,,,,,,,,
I3L1T2,I3L1T2_HUMAN,1.0,,1,,,,,,,,
I3L367,I3L367_HUMAN,1.0,,1,,,,,,,,
I3L3M3,I3L3M3_HUMAN,1.0,,1,,,,,,,,
I3L3T4,I3L3T4_HUMAN,1.0,,1,,,,,,,,
I3L4G0,I3L4G0_HUMAN,1.0,,1,,,,,,,,
I3L4I4,I3L4I4_HUMAN,1.0,,1,,,,,,,,
I3L4N3,I3L4N3_HUMAN,1.0,,1,,,,,,,,
I3L7V7,I3L7V7_PIG,1.0,,1,,,,,,,,
I3MCJ1,I3MCJ1_SPETR,1.0,,1,,,,,,,,
I3MIN9,I3MIN9_SPETR,1.0,,1,,,,,,,,
I3MNV3,I3MNV3_SPETR,1.0,,1,,,,,,,,
I3NI44,I3NI44_HUMAN,1.0,,1,,,,,,,,
H2T2X2,H2T2X2_TAKRU,1.0,,1,,,,,,,,
I4YJB5,I4YJB5_WALSC,1.0,1,,,,,,,,,
J3KQU4,J3KQU4_HUMAN,1.0,,1,,,,,,,,
K1XRF8,K1XRF8_MARBU,1.0,1,,,,,,,,,
K3URW4,K3URW4_FUSPC,1.0,1,,,,,,,,,
K5VG80,K5VG80_PHACS,1.0,1,,,,,,,,,
K5Y2W8,K5Y2W8_AGABU,1.0,1,,,,,,,,,
K7EC00,K7EC00_ORNAN,1.0,,1,,,,,,,,
K7EKL6,K7EKL6_HUMAN,1.0,,1,,,,,,,,
K7ENB0,K7ENB0_HUMAN,1.0,,1,,,,,,,,
K7EP47,K7EP47_HUMAN,1.0,,1,,,,,,,,
K7FL17,K7FL17_PELSI,1.0,,1,,,,,,,,
K7FL20,K7FL20_PELSI,1.0,,1,,,,,,,,
I3L1G1,I3L1G1_HUMAN,1.0,,1,,,,,,,,
I3L0N2,I3L0N2_HUMAN,1.0,,1,,,,,,,,
I2GZ24,I2GZ24_TETBL,1.0,1,,,,,,,,,
I1RW38,I1RW38_GIBZE,1.0,1,,,,,,,,,
H2V1W9,H2V1W9_TAKRU,1.0,,1,,,,,,,,
H2V1X0,H2V1X0_TAKRU,1.0,,1,,,,,,,,
H2V1X1,H2V1X1_TAKRU,1.0,,1,,,,,,,,
H2V1X2,H2V1X2_TAKRU,1.0,,1,,,,,,,,
H2V1X3,H2V1X3_TAKRU,1.0,,1,,,,,,,,
H2V1X4,H2V1X4_TAKRU,1.0,,1,,,,,,,,
H2XVP4,H2XVP4_CIOIN,1.0,,1,,,,,,,,
H2Y3I5,H2Y3I5_CIOIN,1.0,,1,,,,,,,,
H2ZH92,H2ZH92_CIOSA,1.0,,1,,,,,,,,
H3A0P0,H3A0P0_LATCH,1.0,,1,,,,,,,,
H3B1F2,H3B1F2_LATCH,1.0,,1,,,,,,,,
H3B2X5,H3B2X5_LATCH,1.0,,1,,,,,,,,
H3C1I9,H3C1I9_TETNG,1.0,,1,,,,,,,,
H3CL85,H3CL85_TETNG,1.0,,1,,,,,,,,
H3D3C6,H3D3C6_TETNG,1.0,,1,,,,,,,,
H3D5T4,H3D5T4_TETNG,1.0,,1,,,,,,,,
H3DE28,H3DE28_TETNG,1.0,,1,,,,,,,,
H3DKY1,H3DKY1_TETNG,1.0,,1,,,,,,,,
H7BYN7,H7BYN7_HUMAN,1.0,,1,,,,,,,,
H8WW87,H8WW87_CANO9,1.0,1,,,,,,,,,
H9GFU4,H9GFU4_ANOCA,1.0,,1,,,,,,,,
H9GP95,H9GP95_ANOCA,1.0,,1,,,,,,,,
H9GQE5,H9GQE5_ANOCA,1.0,,1,,,,,,,,
H9GVT2,H9GVT2_ANOCA,1.0,,1,,,,,,,,
H9J2L6,H9J2L6_BOMMO,1.0,,,,,1,,,,,
A0A061H7B2,A0A061H7B2_9BASI,1.0,1,,,,,,,,,
