,,,KOr74,GENETREEr79,OMAr2014,TREEFAMr9,ORTHODBv8,EggNOGv4,HOGENOMr6,HOVERGENr49,COGv2014,HumPhylomeDBv4
,,,K00540,ENSGT00390000013113,VSNGKAH,TF328922,EOG7K0ZDM,COG0604,HOG000293267,HBG009484,NA,O95825
ACC,ENTRY_NAME,Db_count,,,,,,,,,,
O95825,QORL1_HUMAN,9.0,1,1,1,1,1,1,1,1,,1
Q921W4,QORL1_MOUSE,9.0,1,1,1,1,1,1,1,1,,1
Q6DHM3,Q6DHM3_DANRE,8.0,,1,1,1,1,1,1,1,,1
Q5XI39,Q5XI39_RAT,8.0,,1,1,1,1,1,1,1,,1
Q59A28,QORL1_BOVIN,7.0,,1,1,1,1,1,1,1,,
A5JUQ8,A5JUQ8_PIG,5.0,,1,1,1,1,,,1,,
H2QKZ3,H2QKZ3_PANTR,5.0,1,1,1,1,1,,,,,
A7SCF3,A7SCF3_NEMVE,5.0,1,,1,,1,,1,,,1
I3MC80,I3MC80_SPETR,4.0,,1,1,1,1,,,,,
H0YQE6,H0YQE6_TAEGU,4.0,,1,1,1,1,,,,,
G1M8H9,G1M8H9_AILME,4.0,,1,1,1,1,,,,,
G1NNW5,G1NNW5_MELGA,4.0,,1,1,1,1,,,,,
G1PNB2,G1PNB2_MYOLU,4.0,,1,1,1,1,,,,,
G1QVK5,G1QVK5_NOMLE,4.0,,1,1,1,1,,,,,
G1SKL8,G1SKL8_RABIT,4.0,,1,1,1,1,,,,,
G3PBH6,G3PBH6_GASAC,4.0,,1,1,1,1,,,,,
G3TGS8,G3TGS8_LOXAF,4.0,,1,1,1,1,,,,,
G3VUM4,G3VUM4_SARHA,4.0,,1,1,1,1,,,,,
H0V430,H0V430_CAVPO,4.0,,1,1,1,1,,,,,
E1BUS8,E1BUS8_CHICK,4.0,,1,1,1,1,,,,,
F6ZR97,F6ZR97_ORNAN,4.0,,1,1,1,1,,,,,
F6VIW3,F6VIW3_MONDO,4.0,,1,1,1,1,,,,,
H2P314,H2P314_PONAB,4.0,,1,1,1,1,,,,,
K7FHX5,K7FHX5_PELSI,4.0,,1,1,1,1,,,,,
H3CWY1,H3CWY1_TETNG,4.0,,1,1,1,1,,,,,
E2RGL7,E2RGL7_CANFA,4.0,,1,1,1,1,,,,,
B7Q5K2,B7Q5K2_IXOSC,4.0,,,1,,1,1,,,,1
F7A6K5,F7A6K5_CIOIN,3.0,,1,,1,1,,,,,
F6SFJ5,F6SFJ5_MACMU,3.0,,1,,1,1,,,,,
F6PX58,F6PX58_XENTR,3.0,,1,,1,1,,,,,
A6NHJ8,A6NHJ8_HUMAN,3.0,,1,,,,,1,1,,
D3Z6I4,D3Z6I4_MOUSE,3.0,1,1,,,,,1,,,
A6NMA8,A6NMA8_HUMAN,3.0,,1,,,,,1,1,,
A6NND8,A6NND8_HUMAN,3.0,,1,,,,,1,1,,
B8K1C0,B8K1C0_RABIT,3.0,,,,,,1,1,1,,
F7C6U6,F7C6U6_HORSE,3.0,,1,,1,1,,,,,
F7ILS7,F7ILS7_CALJA,3.0,,1,1,1,,,,,,
M3WUS5,M3WUS5_FELCA,3.0,,1,1,,1,,,,,
H3AGG1,H3AGG1_LATCH,3.0,,1,1,,1,,,,,
M3XQE9,M3XQE9_MUSPF,3.0,,1,1,,1,,,,,
J9NT59,J9NT59_CANFA,3.0,,1,,1,1,,,,,
H2N1W5,H2N1W5_ORYLA,3.0,,1,,1,1,,,,,
M4AGM0,M4AGM0_XIPMA,3.0,,1,1,,1,,,,,
H0XE39,H0XE39_OTOGA,3.0,,1,,1,1,,,,,
G1KZ20,G1KZ20_ANOCA,3.0,,1,,1,1,,,,,
G1KD21,G1KD21_ANOCA,3.0,,1,,1,1,,,,,
A9UPM9,A9UPM9_MONBE,2.0,,,,,,1,,,,1
A9CB03,A9CB03_PAPAN,2.0,,1,,,,,,1,,
Q38VT5,Q38VT5_LACSS,2.0,1,,,,,1,,,,
D3YU21,D3YU21_MOUSE,2.0,,1,,,,,1,,,
Q38X13,Q38X13_LACSS,2.0,1,,,,,1,,,,
A1KJX7,A1KJX7_MYCBP,2.0,1,,,,,1,,,,
C9JAL0,C9JAL0_HUMAN,2.0,,1,,,,,1,,,
C9JQD0,C9JQD0_HUMAN,2.0,,1,,,,,1,,,
C9JZK8,C9JZK8_HUMAN,2.0,,1,,,,,1,,,
C9K0F7,C9K0F7_HUMAN,2.0,,1,,,,,1,,,
A1KQB1,A1KQB1_MYCBP,2.0,1,,,,,1,,,,
A5EK12,A5EK12_BRASB,2.0,1,,,,,1,,,,
Q58DQ1,Q58DQ1_BOVIN,2.0,,,,,,,1,1,,
Q0BTA7,Q0BTA7_GRABC,2.0,1,,,,,1,,,,
A2RM94,A2RM94_LACLM,2.0,1,,,,,1,,,,
D3YZD6,D3YZD6_MOUSE,2.0,,1,,,,,1,,,
O35017,YOGA_BACSU,2.0,,,,,,1,,,,1
Q97V32,Q97V32_SULSO,2.0,,,,,,1,,,,1
I3IZD9,I3IZD9_ORENI,2.0,,,,1,1,,,,,
A4YVB9,A4YVB9_BRASO,2.0,1,,,,,1,,,,
Q4SG72,Q4SG72_TETNG,2.0,,,,,,1,,1,,
A6V9N1,A6V9N1_PSEA7,2.0,,,,,,1,,,,1
P28304,QOR1_ECOLI,2.0,,,,,,1,,,,1
P28304,QOR1_ECOLI,2.0,,,,,,1,,,,1
H2YYI7,H2YYI7_CIOSA,2.0,,1,,,1,,,,,
H2T4W1,H2T4W1_TAKRU,2.0,,1,,,1,,,,,
Q62465,VAT1_MOUSE,2.0,1,,,,,1,,,,
F6ZW69,F6ZW69_CALJA,2.0,,1,,,1,,,,,
A0M2P9,A0M2P9_GRAFK,2.0,1,,,,,1,,,,
W5PTZ1,W5PTZ1_SHEEP,2.0,,1,1,,,,,,,
B0VXH1,B0VXH1_CALJA,2.0,,,,,,,1,1,,
W5MIC2,W5MIC2_LEPOC,2.0,,1,1,,,,,,,
W5KZ09,W5KZ09_ASTMX,2.0,,1,1,,,,,,,
U3IM51,U3IM51_ANAPL,2.0,,1,1,,,,,,,
U3JI35,U3JI35_FICAL,2.0,,1,1,,,,,,,
Q9V6U9,MECR_DROME,2.0,,,,,,1,,,,1
Q9ZUC1,QORL_ARATH,2.0,,,,,,1,,,,1
Q9V6U9,MECR_DROME,2.0,,,,,,1,,,,1
Q99536,VAT1_HUMAN,2.0,1,,,,,1,,,,
B5XPK3,B5XPK3_KLEP3,1.0,,,,,,1,,,,
B5QZ70,B5QZ70_SALEP,1.0,,,,,,1,,,,
B5R1B9,B5R1B9_SALEP,1.0,,,,,,1,,,,
B5R7U4,B5R7U4_SALG2,1.0,,,,,,1,,,,
B5REX4,B5REX4_SALG2,1.0,,,,,,1,,,,
B1K725,B1K725_BURCC,1.0,,,,,,1,,,,
B1J9B8,B1J9B8_PSEPW,1.0,,,,,,1,,,,
B5FIV4,B5FIV4_SALDC,1.0,,,,,,1,,,,
B5XPM0,B5XPM0_KLEP3,1.0,,,,,,1,,,,
B5XPS0,B5XPS0_KLEP3,1.0,,,,,,1,,,,
B5XRK5,B5XRK5_KLEP3,1.0,,,,,,1,,,,
B5XRP8,B5XRP8_KLEP3,1.0,,,,,,1,,,,
B5XS61,B5XS61_KLEP3,1.0,,,,,,1,,,,
B5XT09,B5XT09_KLEP3,1.0,,,,,,1,,,,
B5FQR8,B5FQR8_SALDC,1.0,,,,,,1,,,,
B5FBW1,B5FBW1_VIBFM,1.0,,,,,,1,,,,
B5FEW6,B5FEW6_VIBFM,1.0,,,,,,1,,,,
B5FD36,B5FD36_VIBFM,1.0,,,,,,1,,,,
B4UL49,B4UL49_ANASK,1.0,,,,,,1,,,,
B4USW2,B4USW2_OTOGA,1.0,,,,,,,,1,,
B5BGT0,B5BGT0_SALPK,1.0,,,,,,1,,,,
B5BJW8,B5BJW8_SALPK,1.0,,,,,,1,,,,
B5E2L6,B5E2L6_STRP4,1.0,1,,,,,,,,,
B1JA97,B1JA97_PSEPW,1.0,,,,,,1,,,,
B5E975,B5E975_GEOBB,1.0,,,,,,1,,,,
B5EAG8,B5EAG8_GEOBB,1.0,,,,,,1,,,,
B5ECA7,B5ECA7_GEOBB,1.0,,,,,,1,,,,
B5EHK0,B5EHK0_GEOBB,1.0,,,,,,1,,,,
B5ERP2,B5ERP2_ACIF5,1.0,1,,,,,,,,,
B5F1R3,B5F1R3_SALA4,1.0,,,,,,1,,,,
B1J9Q1,B1J9Q1_PSEPW,1.0,,,,,,1,,,,
B5F7N6,B5F7N6_SALA4,1.0,,,,,,1,,,,
B5XWD6,B5XWD6_KLEP3,1.0,,,,,,1,,,,
B5XTC4,B5XTC4_KLEP3,1.0,,,,,,1,,,,
B5XXY1,B5XXY1_KLEP3,1.0,,,,,,1,,,,
B1J976,B1J976_PSEPW,1.0,1,,,,,,,,,
B6A3Z9,B6A3Z9_RHILW,1.0,,,,,,1,,,,
B5ZVI2,B5ZVI2_RHILW,1.0,,,,,,1,,,,
B5ZZ46,B5ZZ46_RHILW,1.0,,,,,,1,,,,
B5ZZZ7,B5ZZZ7_RHILW,1.0,,,,,,1,,,,
B6A017,B6A017_RHILW,1.0,,,,,,1,,,,
B6A117,B6A117_RHILW,1.0,,,,,,1,,,,
B6A241,B6A241_RHILW,1.0,,,,,,1,,,,
B6A3J0,B6A3J0_RHILW,1.0,1,,,,,,,,,
B6A528,B6A528_RHILW,1.0,,,,,,1,,,,
B5XWJ8,B5XWJ8_KLEP3,1.0,,,,,,1,,,,
B6A563,B6A563_RHILW,1.0,,,,,,1,,,,
B6A5C9,B6A5C9_RHILW,1.0,,,,,,1,,,,
B6A5G7,B6A5G7_RHILW,1.0,,,,,,1,,,,
B6A5K9,B6A5K9_RHILW,1.0,,,,,,1,,,,
B6EGM1,B6EGM1_ALISL,1.0,,,,,,1,,,,
B6EGU0,B6EGU0_ALISL,1.0,,,,,,1,,,,
B6ENK3,B6ENK3_ALISL,1.0,,,,,,1,,,,
B5ZUG7,B5ZUG7_RHILW,1.0,,,,,,1,,,,
B5ZU25,B5ZU25_RHILW,1.0,,,,,,1,,,,
B5ZSF6,B5ZSF6_RHILW,1.0,,,,,,1,,,,
B5ZRB3,B5ZRB3_RHILW,1.0,,,,,,1,,,,
B4UJG7,B4UJG7_ANASK,1.0,,,,,,1,,,,
B5Y0L8,B5Y0L8_KLEP3,1.0,1,,,,,,,,,
B1J8C5,B1J8C5_PSEPW,1.0,,,,,,1,,,,
B5YR49,B5YR49_ECO5E,1.0,1,,,,,,,,,
B5YSX8,B5YSX8_ECO5E,1.0,,,,,,1,,,,
B5YW64,B5YW64_ECO5E,1.0,1,,,,,,,,,
B5YWW5,B5YWW5_ECO5E,1.0,1,,,,,,,,,
B5YZX1,B5YZX1_ECO5E,1.0,1,,,,,,,,,
B5Z1B1,B5Z1B1_ECO5E,1.0,,,,,,1,,,,
B5Z413,B5Z413_ECO5E,1.0,1,,,,,,,,,
B5ZEM1,B5ZEM1_GLUDA,1.0,,,,,,1,,,,
B5ZF35,B5ZF35_GLUDA,1.0,,,,,,1,,,,
B5ZIM1,B5ZIM1_GLUDA,1.0,,,,,,1,,,,
B5ZNQ4,B5ZNQ4_RHILW,1.0,,,,,,1,,,,
B5ZP41,B5ZP41_RHILW,1.0,,,,,,1,,,,
B4UJJ4,B4UJJ4_ANASK,1.0,,,,,,1,,,,
B4UHZ7,B4UHZ7_ANASK,1.0,,,,,,1,,,,
B4UJE1,B4UJE1_ANASK,1.0,1,,,,,,,,,
B4EH35,B4EH35_BURCJ,1.0,,,,,,1,,,,
B1JI84,B1JI84_YERPY,1.0,,,,,,1,,,,
B1JHJ9,B1JHJ9_YERPY,1.0,1,,,,,,,,,
B1JFC5,B1JFC5_PSEPW,1.0,,,,,,1,,,,
B1JAR4,B1JAR4_PSEPW,1.0,,,,,,1,,,,
B4EKL0,B4EKL0_BURCJ,1.0,,,,,,1,,,,
B4ELN3,B4ELN3_BURCJ,1.0,,,,,,1,,,,
B4ELW6,B4ELW6_BURCJ,1.0,,,,,,1,,,,
B4EP89,B4EP89_BURCJ,1.0,,,,,,1,,,,
B4EPJ5,B4EPJ5_BURCJ,1.0,,,,,,1,,,,
B4ETT8,B4ETT8_PROMH,1.0,,,,,,1,,,,
B4EX29,B4EX29_PROMH,1.0,,,,,,1,,,,
B4EYI5,B4EYI5_PROMH,1.0,,,,,,1,,,,
B4F1N6,B4F1N6_PROMH,1.0,1,,,,,,,,,
B4J593,B4J593_DROGR,1.0,,,,,,1,,,,
B4JA04,B4JA04_DROGR,1.0,,,,,,1,,,,
B4EJU3,B4EJU3_BURCJ,1.0,,,,,,1,,,,
B4EFH5,B4EFH5_BURCJ,1.0,,,,,,1,,,,
B4UJC7,B4UJC7_ANASK,1.0,,,,,,1,,,,
B4EEE4,B4EEE4_BURCJ,1.0,,,,,,1,,,,
B3W7G7,B3W7G7_LACCB,1.0,,,,,,1,,,,
B3W7U4,B3W7U4_LACCB,1.0,,,,,,1,,,,
B3WBH1,B3WBH1_LACCB,1.0,,,,,,1,,,,
B3WBZ5,B3WBZ5_LACCB,1.0,,,,,,1,,,,
B3WC06,B3WC06_LACCB,1.0,1,,,,,,,,,
B3WC12,B3WC12_LACCB,1.0,,,,,,1,,,,
B3WEM5,B3WEM5_LACCB,1.0,,,,,,1,,,,
B3WF41,B3WF41_LACCB,1.0,,,,,,1,,,,
B4E5K9,B4E5K9_BURCJ,1.0,,,,,,1,,,,
B4E5M5,B4E5M5_BURCJ,1.0,,,,,,1,,,,
B4E5R2,B4E5R2_BURCJ,1.0,,,,,,1,,,,
B4E655,B4E655_BURCJ,1.0,,,,,,1,,,,
B4E6S8,B4E6S8_BURCJ,1.0,,,,,,1,,,,
B4E9D6,B4E9D6_BURCJ,1.0,,,,,,1,,,,
B4EAE9,B4EAE9_BURCJ,1.0,,,,,,1,,,,
B4JDH0,B4JDH0_DROGR,1.0,,,,,,1,,,,
B4LKU3,B4LKU3_DROVI,1.0,,,,,,1,,,,
B4LLD3,B4LLD3_DROVI,1.0,,,,,,1,,,,
B4LSM3,B4LSM3_DROVI,1.0,,,,,,1,,,,
B4SNF1,B4SNF1_STRM5,1.0,,,,,,1,,,,
B4SP81,B4SP81_STRM5,1.0,,,,,,1,,,,
B1JAL2,B1JAL2_PSEPW,1.0,,,,,,1,,,,
B4SPE3,B4SPE3_STRM5,1.0,,,,,,1,,,,
B4SS84,B4SS84_STRM5,1.0,,,,,,1,,,,
B4SUN1,B4SUN1_SALNS,1.0,,,,,,1,,,,
B4T1T9,B4T1T9_SALNS,1.0,,,,,,1,,,,
B4TDM7,B4TDM7_SALHS,1.0,,,,,,1,,,,
B4TJV0,B4TJV0_SALHS,1.0,,,,,,1,,,,
B4TRH2,B4TRH2_SALSV,1.0,,,,,,1,,,,
B4TX84,B4TX84_SALSV,1.0,,,,,,1,,,,
B4UAQ4,B4UAQ4_ANASK,1.0,,,,,,1,,,,
B4UGT7,B4UGT7_ANASK,1.0,1,,,,,,,,,
B6GVX3,B6GVX3_PENCW,1.0,,,,,,1,,,,
B4UIE1,B4UIE1_ANASK,1.0,,,,,,1,,,,
B4SLU7,B4SLU7_STRM5,1.0,,,,,,1,,,,
B4SLJ4,B4SLJ4_STRM5,1.0,,,,,,1,,,,
B4SJF7,B4SJF7_STRM5,1.0,,,,,,1,,,,
B4P455,B4P455_DROYA,1.0,,,,,,1,,,,
B4MIN0,B4MIN0_DROWI,1.0,,,,,,1,,,,
B4MR14,B4MR14_DROWI,1.0,,,,,,1,,,,
B4MRC5,B4MRC5_DROWI,1.0,,,,,,1,,,,
B4NLL7,B4NLL7_DROWI,1.0,,,,,,1,,,,
B4NXD3,B4NXD3_DROYA,1.0,,,,,,1,,,,
B4P1R3,B4P1R3_DROYA,1.0,,,,,,1,,,,
B4RA33,B4RA33_PHEZH,1.0,,,,,,1,,,,
B4S8A3,B4S8A3_PROA2,1.0,,,,,,1,,,,
B4RAL8,B4RAL8_PHEZH,1.0,,,,,,1,,,,
B4RCA5,B4RCA5_PHEZH,1.0,,,,,,1,,,,
B4RD07,B4RD07_PHEZH,1.0,,,,,,1,,,,
B4RDV9,B4RDV9_PHEZH,1.0,,,,,,1,,,,
B4RFB0,B4RFB0_PHEZH,1.0,,,,,,1,,,,
B4RI65,B4RI65_PHEZH,1.0,1,,,,,,,,,
B6EQD7,B6EQD7_ALISL,1.0,,,,,,1,,,,
B6H484,B6H484_PENCW,1.0,,,,,,1,,,,
B6GXB9,B6GXB9_PENCW,1.0,,,,,,1,,,,
B7HYX0,B7HYX0_BACC7,1.0,,,,,,1,,,,
B0WMC9,B0WMC9_CULQU,1.0,,,,,,1,,,,
B0WHZ2,B0WHZ2_CULQU,1.0,,,,,,1,,,,
B0WHY6,B0WHY6_CULQU,1.0,,,,,,1,,,,
B7HR08,B7HR08_BACC7,1.0,,,,,,1,,,,
B0WEB2,B0WEB2_CULQU,1.0,,,,,,1,,,,
B7HSH6,B7HSH6_BACC7,1.0,,,,,,1,,,,
B0W179,B0W179_CULQU,1.0,,,,,,1,,,,
B0VTH3,B0VTH3_ACIBS,1.0,1,,,,,,,,,
B0VS33,B0VS33_ACIBS,1.0,,,,,,1,,,,
B0VP28,B0VP28_ACIBS,1.0,1,,,,,,,,,
B0VN83,B0VN83_ACIBS,1.0,,,,,,1,,,,
B0VL92,B0VL92_ACIBS,1.0,,,,,,1,,,,
B7HVP9,B7HVP9_BACC7,1.0,1,,,,,,,,,
B7HXD1,B7HXD1_BACC7,1.0,,,,,,1,,,,
B7HXZ3,B7HXZ3_BACC7,1.0,1,,,,,,,,,
B0X8M6,B0X8M6_CULQU,1.0,,,,,,1,,,,
B7HP93,B7HP93_BACC7,1.0,,,,,,1,,,,
B7HLZ6,B7HLZ6_BACC7,1.0,1,,,,,,,,,
B0X8N0,B0X8N0_CULQU,1.0,,,,,,1,,,,
B7H0R7,B7H0R7_ACIB3,1.0,,,,,,1,,,,
B1HQ74,B1HQ74_LYSSC,1.0,1,,,,,,,,,
B7H6C1,B7H6C1_BACC4,1.0,,,,,,1,,,,
B7H7Z7,B7H7Z7_BACC4,1.0,,,,,,1,,,,
B7H8D5,B7H8D5_BACC4,1.0,1,,,,,,,,,
B0XDW6,B0XDW6_CULQU,1.0,,,,,,1,,,,
B7H8L9,B7H8L9_BACC4,1.0,,,,,,1,,,,
B7HLR5,B7HLR5_BACC7,1.0,1,,,,,,,,,
B7H8P3,B7H8P3_BACC4,1.0,,,,,,1,,,,
B7HC72,B7HC72_BACC4,1.0,1,,,,,,,,,
B7HDK0,B7HDK0_BACC4,1.0,,,,,,1,,,,
B7HFY3,B7HFY3_BACC4,1.0,,,,,,1,,,,
B7HJL3,B7HJL3_BACC4,1.0,,,,,,1,,,,
B7HJY3,B7HJY3_BACC4,1.0,,,,,,1,,,,
B7HYR9,B7HYR9_BACC7,1.0,,,,,,1,,,,
B7HYX3,B7HYX3_BACC7,1.0,,,,,,1,,,,
B7GXE4,B7GXE4_ACIB3,1.0,,,,,,1,,,,
B0VEM8,B0VEM8_ACIBY,1.0,,,,,,1,,,,
B7ITW8,B7ITW8_BACC2,1.0,,,,,,1,,,,
B7IUB0,B7IUB0_BACC2,1.0,,,,,,1,,,,
B7JBI5,B7JBI5_ACIF2,1.0,1,,,,,,,,,
B0V9B1,B0V9B1_ACIBY,1.0,,,,,,1,,,,
B0V7R7,B0V7R7_ACIBY,1.0,1,,,,,,,,,
B7JCT3,B7JCT3_BACC0,1.0,,,,,,1,,,,
B7JD58,B7JD58_BACC0,1.0,1,,,,,,,,,
B0V5C3,B0V5C3_ACIBY,1.0,1,,,,,,,,,
B7JG17,B7JG17_BACC0,1.0,1,,,,,,,,,
B7JG68,B7JG68_BACC0,1.0,,,,,,1,,,,
B7JH24,B7JH24_BACC0,1.0,,,,,,1,,,,
B7JH49,B7JH49_BACC0,1.0,,,,,,1,,,,
B7JH70,B7JH70_BACC0,1.0,,,,,,1,,,,
B7JL81,B7JL81_BACC0,1.0,,,,,,1,,,,
B7JLH4,B7JLH4_BACC0,1.0,,,,,,1,,,,
B7IQN2,B7IQN2_BACC2,1.0,,,,,,1,,,,
B7IQK8,B7IQK8_BACC2,1.0,,,,,,1,,,,
B7IQI5,B7IQI5_BACC2,1.0,,,,,,1,,,,
B7ICA0,B7ICA0_ACIB5,1.0,,,,,,1,,,,
B7HZ42,B7HZ42_BACC7,1.0,,,,,,1,,,,
B7HZ65,B7HZ65_BACC7,1.0,,,,,,1,,,,
B7HZ81,B7HZ81_BACC7,1.0,,,,,,1,,,,
B7I4R7,B7I4R7_ACIB5,1.0,,,,,,1,,,,
B7I571,B7I571_ACIB5,1.0,1,,,,,,,,,
B7I7L5,B7I7L5_ACIB5,1.0,,,,,,1,,,,
B7II45,B7II45_BACC2,1.0,,,,,,1,,,,
B7IPJ4,B7IPJ4_BACC2,1.0,1,,,,,,,,,
B7IIH3,B7IIH3_BACC2,1.0,,,,,,1,,,,
B7IK88,B7IK88_BACC2,1.0,,,,,,1,,,,
B0VE92,B0VE92_ACIBY,1.0,1,,,,,,,,,
B0VE20,B0VE20_ACIBY,1.0,1,,,,,,,,,
B0VBH3,B0VBH3_ACIBY,1.0,1,,,,,,,,,
B7ILP7,B7ILP7_BACC2,1.0,1,,,,,,,,,
B7GYT6,B7GYT6_ACIB3,1.0,1,,,,,,,,,
B7GVB6,B7GVB6_ACIB3,1.0,,,,,,1,,,,
B6GZY8,B6GZY8_PENCW,1.0,,,,,,1,,,,
B6HQY2,B6HQY2_PENCW,1.0,,,,,,1,,,,
B6HDB0,B6HDB0_PENCW,1.0,,,,,,1,,,,
B6HEE2,B6HEE2_PENCW,1.0,,,,,,1,,,,
B6HFG5,B6HFG5_PENCW,1.0,,,,,,1,,,,
B6HIU5,B6HIU5_PENCW,1.0,,,,,,1,,,,
B6HIX3,B6HIX3_PENCW,1.0,,,,,,1,,,,
B6HJ19,B6HJ19_PENCW,1.0,,,,,,1,,,,
B6HKI5,B6HKI5_PENCW,1.0,,,,,,1,,,,
B1J1R2,B1J1R2_PSEPW,1.0,,,,,,1,,,,
B1IZA1,B1IZA1_ECOLC,1.0,1,,,,,,,,,
B6HLV9,B6HLV9_PENCW,1.0,,,,,,1,,,,
B1IYD1,B1IYD1_ECOLC,1.0,1,,,,,,,,,
B1IY97,B1IY97_ECOLC,1.0,1,,,,,,,,,
B1IX46,B1IX46_ECOLC,1.0,1,,,,,,,,,
B1IUK1,B1IUK1_ECOLC,1.0,,,,,,1,,,,
B6HM73,B6HM73_PENCW,1.0,,,,,,1,,,,
B6HD29,B6HD29_PENCW,1.0,,,,,,1,,,,
B6HCL4,B6HCL4_PENCW,1.0,,,,,,1,,,,
B6HAT2,B6HAT2_PENCW,1.0,,,,,,1,,,,
B6H6Q3,B6H6Q3_PENCW,1.0,,,,,,1,,,,
B6H0S9,B6H0S9_PENCW,1.0,,,,,,1,,,,
B6H0X1,B6H0X1_PENCW,1.0,,,,,,1,,,,
B3SE87,B3SE87_TRIAD,1.0,,,,,,1,,,,
B6H4N5,B6H4N5_PENCW,1.0,,,,,,1,,,,
B6H5M8,B6H5M8_PENCW,1.0,,,,,,1,,,,
B6H5Q0,B6H5Q0_PENCW,1.0,,,,,,1,,,,
B6H7Y7,B6H7Y7_PENCW,1.0,,,,,,1,,,,
B6HAJ4,B6HAJ4_PENCW,1.0,,,,,,1,,,,
B6H980,B6H980_PENCW,1.0,,,,,,1,,,,
B6H9E3,B6H9E3_PENCW,1.0,,,,,,1,,,,
B1J710,B1J710_PSEPW,1.0,,,,,,1,,,,
B1J4A1,B1J4A1_PSEPW,1.0,,,,,,1,,,,
B1J209,B1J209_PSEPW,1.0,,,,,,1,,,,
B6H9P1,B6H9P1_PENCW,1.0,,,,,,1,,,,
B1ISF0,B1ISF0_ECOLC,1.0,1,,,,,,,,,
B1IQ39,B1IQ39_ECOLC,1.0,,,,,,1,,,,
B7GUA3,B7GUA3_BIFLS,1.0,,,,,,1,,,,
B6HRN9,B6HRN9_PENCW,1.0,,,,,,1,,,,
B1I746,B1I746_STRPI,1.0,1,,,,,,,,,
B6JF94,B6JF94_OLICO,1.0,,,,,,1,,,,
B6JH17,B6JH17_OLICO,1.0,,,,,,1,,,,
B6JHS1,B6JHS1_OLICO,1.0,,,,,,1,,,,
B6JJ34,B6JJ34_OLICO,1.0,,,,,,1,,,,
B6JJ62,B6JJ62_OLICO,1.0,,,,,,1,,,,
B6JJJ1,B6JJJ1_OLICO,1.0,1,,,,,,,,,
B7GPA6,B7GPA6_BIFLS,1.0,1,,,,,,,,,
B1HZ52,B1HZ52_LYSSC,1.0,1,,,,,,,,,
B1HYM6,B1HYM6_LYSSC,1.0,,,,,,1,,,,
B1HYD3,B1HYD3_LYSSC,1.0,,,,,,1,,,,
B1HW69,B1HW69_LYSSC,1.0,1,,,,,,,,,
B1HV19,B1HV19_LYSSC,1.0,1,,,,,,,,,
B1HUE2,B1HUE2_LYSSC,1.0,,,,,,1,,,,
B1HSH4,B1HSH4_LYSSC,1.0,,,,,,1,,,,
B6JEZ0,B6JEZ0_OLICO,1.0,,,,,,1,,,,
B6JEU4,B6JEU4_OLICO,1.0,,,,,,1,,,,
B6J711,B6J711_COXB1,1.0,,,,,,1,,,,
B6I8I8,B6I8I8_ECOSE,1.0,1,,,,,,,,,
B6HT67,B6HT67_PENCW,1.0,,,,,,1,,,,
B6I0E3,B6I0E3_ECOSE,1.0,1,,,,,,,,,
B6I1X2,B6I1X2_ECOSE,1.0,,,,,,1,,,,
B6I502,B6I502_ECOSE,1.0,1,,,,,,,,,
B6I5R7,B6I5R7_ECOSE,1.0,,,,,,1,,,,
B6I7F5,B6I7F5_ECOSE,1.0,1,,,,,,,,,
B1ICD7,B1ICD7_STRPI,1.0,1,,,,,,,,,
B6J4K8,B6J4K8_COXB1,1.0,1,,,,,,,,,
B6I8M4,B6I8M4_ECOSE,1.0,1,,,,,,,,,
B6INS1,B6INS1_RHOCS,1.0,,,,,,1,,,,
B6IQ52,B6IQ52_RHOCS,1.0,1,,,,,,,,,
B6IUD5,B6IUD5_RHOCS,1.0,,,,,,1,,,,
B6IV52,B6IV52_RHOCS,1.0,,,,,,1,,,,
B6J066,B6J066_COXB2,1.0,,,,,,1,,,,
B3W7C6,B3W7C6_LACCB,1.0,,,,,,1,,,,
B3SE86,B3SE86_TRIAD,1.0,,,,,,1,,,,
B1K8F5,B1K8F5_BURCC,1.0,,,,,,1,,,,
B1ZHC4,B1ZHC4_METPB,1.0,,,,,,1,,,,
B1Z328,B1Z328_BURA4,1.0,,,,,,1,,,,
B1Z710,B1Z710_METPB,1.0,,,,,,1,,,,
B1Z7S6,B1Z7S6_METPB,1.0,,,,,,1,,,,
B1Z919,B1Z919_METPB,1.0,,,,,,1,,,,
B1ZDF7,B1ZDF7_METPB,1.0,1,,,,,,,,,
B1ZER1,B1ZER1_METPB,1.0,,,,,,1,,,,
B1ZEU7,B1ZEU7_METPB,1.0,,,,,,1,,,,
B1ZI56,B1ZI56_METPB,1.0,,,,,,1,,,,
B3S6Q2,B3S6Q2_TRIAD,1.0,,,,,,1,,,,
B1ZJK8,B1ZJK8_METPB,1.0,,,,,,1,,,,
B1ZN92,B1ZN92_OPITP,1.0,,,,,,1,,,,
B1ZNM5,B1ZNM5_OPITP,1.0,,,,,,1,,,,
B1ZYI4,B1ZYI4_OPITP,1.0,,,,,,1,,,,
B2AG79,B2AG79_CUPTR,1.0,1,,,,,,,,,
B2AID2,B2AID2_CUPTR,1.0,,,,,,1,,,,
B2AJ37,B2AJ37_CUPTR,1.0,,,,,,1,,,,
B1Z321,B1Z321_BURA4,1.0,,,,,,1,,,,
B1Z1D1,B1Z1D1_BURA4,1.0,,,,,,1,,,,
B1Z1B0,B1Z1B0_BURA4,1.0,,,,,,1,,,,
B1YZZ7,B1YZZ7_BURA4,1.0,,,,,,1,,,,
B1YG32,B1YG32_EXIS2,1.0,1,,,,,,,,,
B1YGI9,B1YGI9_EXIS2,1.0,,,,,,1,,,,
B1YHX1,B1YHX1_EXIS2,1.0,,,,,,1,,,,
B1YHY2,B1YHY2_EXIS2,1.0,,,,,,1,,,,
B1YIR3,B1YIR3_EXIS2,1.0,,,,,,1,,,,
B1YJH8,B1YJH8_EXIS2,1.0,,,,,,1,,,,
B1YJL1,B1YJL1_EXIS2,1.0,1,,,,,,,,,
B1YL42,B1YL42_EXIS2,1.0,1,,,,,,,,,
B1YND2,B1YND2_BURA4,1.0,,,,,,1,,,,
B1YQF3,B1YQF3_BURA4,1.0,,,,,,1,,,,
B1YR10,B1YR10_BURA4,1.0,,,,,,1,,,,
B1YTR0,B1YTR0_BURA4,1.0,,,,,,1,,,,
B1YTU7,B1YTU7_BURA4,1.0,,,,,,1,,,,
B1YXA7,B1YXA7_BURA4,1.0,,,,,,1,,,,
B1YXX6,B1YXX6_BURA4,1.0,,,,,,1,,,,
B2BJD7,B2BJD7_ASPNG,1.0,,,,,,1,,,,
B2FHS7,B2FHS7_STRMK,1.0,,,,,,1,,,,
B2FJJ8,B2FJJ8_STRMK,1.0,,,,,,1,,,,
B2HIJ3,B2HIJ3_MYCMM,1.0,,,,,,1,,,,
B2HLI5,B2HLI5_MYCMM,1.0,,,,,,1,,,,
B2HLK4,B2HLK4_MYCMM,1.0,,,,,,1,,,,
B2HLS9,B2HLS9_MYCMM,1.0,,,,,,1,,,,
B2HPA4,B2HPA4_MYCMM,1.0,,,,,,1,,,,
B2HRN9,B2HRN9_MYCMM,1.0,1,,,,,,,,,
B2HVI8,B2HVI8_ACIBC,1.0,,,,,,1,,,,
B2HXY2,B2HXY2_ACIBC,1.0,,,,,,1,,,,
B2I1F0,B2I1F0_ACIBC,1.0,,,,,,1,,,,
B2I236,B2I236_ACIBC,1.0,,,,,,1,,,,
B2I379,B2I379_ACIBC,1.0,,,,,,1,,,,
B2I7W2,B2I7W2_XYLF2,1.0,,,,,,1,,,,
B2IBG4,B2IBG4_BEII9,1.0,,,,,,1,,,,
B2IDC3,B2IDC3_BEII9,1.0,,,,,,1,,,,
B2IDM5,B2IDM5_BEII9,1.0,,,,,,1,,,,
B2IGD9,B2IGD9_BEII9,1.0,,,,,,1,,,,
B2HK39,B2HK39_MYCMM,1.0,,,,,,1,,,,
B2HGG4,B2HGG4_MYCMM,1.0,,,,,,1,,,,
B2FKI4,B2FKI4_STRMK,1.0,,,,,,1,,,,
B2HGG3,B2HGG3_MYCMM,1.0,,,,,,1,,,,
B2FP92,B2FP92_STRMK,1.0,,,,,,1,,,,
B2FQG5,B2FQG5_STRMK,1.0,,,,,,1,,,,
B2FQM7,B2FQM7_STRMK,1.0,,,,,,1,,,,
B2G950,B2G950_LACRJ,1.0,1,,,,,,,,,
B2G9E2,B2G9E2_LACRJ,1.0,,,,,,1,,,,
B2GC98,B2GC98_LACF3,1.0,,,,,,1,,,,
B2GFC1,B2GFC1_LACF3,1.0,1,,,,,,,,,
B2GG34,B2GG34_KOCRD,1.0,,,,,,1,,,,
B2GJ95,B2GJ95_KOCRD,1.0,1,,,,,,,,,
B1K4P0,B1K4P0_BURCC,1.0,,,,,,1,,,,
B2GKE6,B2GKE6_KOCRD,1.0,,,,,,1,,,,
B2GKZ5,B2GKZ5_KOCRD,1.0,,,,,,1,,,,
B2GUZ6,B2GUZ6_RAT,1.0,,,,,,1,,,,
B2HDB7,B2HDB7_MYCMM,1.0,,,,,,1,,,,
B2HEX1,B2HEX1_MYCMM,1.0,,,,,,1,,,,
B1YFZ4,B1YFZ4_EXIS2,1.0,,,,,,1,,,,
B1YFS7,B1YFS7_EXIS2,1.0,,,,,,1,,,,
B1YFR3,B1YFR3_EXIS2,1.0,,,,,,1,,,,
B1LY39,B1LY39_METRJ,1.0,,,,,,1,,,,
B1M1S9,B1M1S9_METRJ,1.0,,,,,,1,,,,
B1M4G1,B1M4G1_METRJ,1.0,,,,,,1,,,,
B1M4Q2,B1M4Q2_METRJ,1.0,,,,,,1,,,,
B1M5G9,B1M5G9_METRJ,1.0,,,,,,1,,,,
B1M5L9,B1M5L9_METRJ,1.0,,,,,,1,,,,
B1M6H9,B1M6H9_METRJ,1.0,,,,,,1,,,,
B1M8D6,B1M8D6_METRJ,1.0,,,,,,1,,,,
B1MC65,B1MC65_MYCA9,1.0,,,,,,1,,,,
B1MDR4,B1MDR4_MYCA9,1.0,,,,,,1,,,,
B1MEP3,B1MEP3_MYCA9,1.0,,,,,,1,,,,
B1MF90,B1MF90_MYCA9,1.0,,,,,,1,,,,
B1MFI5,B1MFI5_MYCA9,1.0,,,,,,1,,,,
B1MI24,B1MI24_MYCA9,1.0,,,,,,1,,,,
B1MJT5,B1MJT5_MYCA9,1.0,,,,,,1,,,,
B1MKA8,B1MKA8_MYCA9,1.0,,,,,,1,,,,
B1LZX2,B1LZX2_METRJ,1.0,1,,,,,,,,,
B1LXB0,B1LXB0_METRJ,1.0,,,,,,1,,,,
B1MLZ5,B1MLZ5_MYCA9,1.0,,,,,,1,,,,
B1LUS5,B1LUS5_METRJ,1.0,,,,,,1,,,,
B1K8T6,B1K8T6_BURCC,1.0,,,,,,1,,,,
B1KCM5,B1KCM5_BURCC,1.0,,,,,,1,,,,
B1K6D4,B1K6D4_BURCC,1.0,,,,,,1,,,,
B1KDE4,B1KDE4_SHEWM,1.0,,,,,,1,,,,
B1KKM1,B1KKM1_SHEWM,1.0,,,,,,1,,,,
B1KN76,B1KN76_SHEWM,1.0,,,,,,1,,,,
B1L3T6,B1L3T6_KORCO,1.0,,,,,,1,,,,
B1LEY9,B1LEY9_ECOSM,1.0,1,,,,,,,,,
B1LGL8,B1LGL8_ECOSM,1.0,,,,,,1,,,,
B1LJQ6,B1LJQ6_ECOSM,1.0,1,,,,,,,,,
B1LKS1,B1LKS1_ECOSM,1.0,1,,,,,,,,,
B1LMM0,B1LMM0_ECOSM,1.0,1,,,,,,,,,
B1LN31,B1LN31_ECOSM,1.0,1,,,,,,,,,
B1LPL5,B1LPL5_ECOSM,1.0,,,,,,1,,,,
B1LT54,B1LT54_METRJ,1.0,,,,,,1,,,,
B1ML27,B1ML27_MYCA9,1.0,,,,,,1,,,,
B1MNN7,B1MNN7_MYCA9,1.0,,,,,,1,,,,
B1YF62,B1YF62_EXIS2,1.0,1,,,,,,,,,
B1X0P6,B1X0P6_CYAA5,1.0,,,,,,1,,,,
B1X870,B1X870_ECODH,1.0,1,,,,,,,,,
B1XA97,B1XA97_ECODH,1.0,1,,,,,,,,,
B1XCT9,B1XCT9_ECODH,1.0,,,,,,1,,,,
B1K5W2,B1K5W2_BURCC,1.0,,,,,,1,,,,
B1XFF7,B1XFF7_ECODH,1.0,1,,,,,,,,,
B1XFT0,B1XFT0_ECODH,1.0,1,,,,,,,,,
B1XHM3,B1XHM3_ECODH,1.0,,,,,,1,,,,
B1XIR9,B1XIR9_SYNP2,1.0,,,,,,1,,,,
B1XWK7,B1XWK7_LEPCP,1.0,,,,,,1,,,,
B1Y2U7,B1Y2U7_LEPCP,1.0,,,,,,1,,,,
B1Y3B8,B1Y3B8_LEPCP,1.0,,,,,,1,,,,
B1Y505,B1Y505_LEPCP,1.0,,,,,,1,,,,
B1Y5A9,B1Y5A9_LEPCP,1.0,,,,,,1,,,,
B1Y824,B1Y824_LEPCP,1.0,,,,,,1,,,,
B1YEN3,B1YEN3_EXIS2,1.0,,,,,,1,,,,
B1X7M6,B1X7M6_ECODH,1.0,1,,,,,,,,,
B1WWF9,B1WWF9_CYAA5,1.0,,,,,,1,,,,
B1MNQ6,B1MNQ6_MYCA9,1.0,,,,,,1,,,,
B1W295,B1W295_STRGG,1.0,,,,,,1,,,,
B1MT67,B1MT67_CALMO,1.0,,,,,,,,1,,
B1MWP2,B1MWP2_LEUCK,1.0,,,,,,1,,,,
B1MWU2,B1MWU2_LEUCK,1.0,,,,,,1,,,,
B1MYL6,B1MYL6_LEUCK,1.0,1,,,,,,,,,
B1MZ56,B1MZ56_LEUCK,1.0,,,,,,1,,,,
B1VA61,B1VA61_PHYAS,1.0,1,,,,,,,,,
B1VIV7,B1VIV7_CORU7,1.0,,,,,,1,,,,
B1VQN0,B1VQN0_STRGG,1.0,,,,,,1,,,,
B1VQT2,B1VQT2_STRGG,1.0,,,,,,1,,,,
B1VSB2,B1VSB2_STRGG,1.0,,,,,,1,,,,
B1VSS7,B1VSS7_STRGG,1.0,,,,,,1,,,,
B1VSY9,B1VSY9_STRGG,1.0,,,,,,1,,,,
B1VV15,B1VV15_STRGG,1.0,,,,,,1,,,,
B1VY87,B1VY87_STRGG,1.0,,,,,,1,,,,
B1W139,B1W139_STRGG,1.0,,,,,,1,,,,
B2II13,B2II13_BEII9,1.0,,,,,,1,,,,
B2II14,B2II14_BEII9,1.0,,,,,,1,,,,
B2IJ98,B2IJ98_BEII9,1.0,,,,,,1,,,,
B3EJR7,B3EJR7_CHLPB,1.0,,,,,,1,,,,
B3MHB4,B3MHB4_DROAN,1.0,,,,,,1,,,,
B3MHF4,B3MHF4_DROAN,1.0,,,,,,1,,,,
B3MLJ8,B3MLJ8_DROAN,1.0,,,,,,1,,,,
B3PCU1,B3PCU1_CELJU,1.0,,,,,,1,,,,
B3PCX9,B3PCX9_CELJU,1.0,,,,,,1,,,,
B3PQV5,B3PQV5_RHIE6,1.0,,,,,,1,,,,
B3PTE6,B3PTE6_RHIE6,1.0,,,,,,1,,,,
B3PX93,B3PX93_RHIE6,1.0,,,,,,1,,,,
B3PZM3,B3PZM3_RHIE6,1.0,,,,,,1,,,,
B3Q090,B3Q090_RHIE6,1.0,,,,,,1,,,,
B3Q162,B3Q162_RHIE6,1.0,,,,,,1,,,,
B3Q1N1,B3Q1N1_RHIE6,1.0,1,,,,,,,,,
B3Q424,B3Q424_RHIE6,1.0,,,,,,1,,,,
B3Q4G8,B3Q4G8_RHIE6,1.0,,,,,,1,,,,
B3Q5J3,B3Q5J3_RHIE6,1.0,,,,,,1,,,,
B3EX18,B3EX18_SORAR,1.0,,,,,,,,1,,
B3EJH2,B3EJH2_CHLPB,1.0,,,,,,1,,,,
B1JND9,B1JND9_YERPY,1.0,,,,,,1,,,,
B3E8M5,B3E8M5_GEOLS,1.0,,,,,,1,,,,
B2UH64,B2UH64_RALPJ,1.0,,,,,,1,,,,
B1JT59,B1JT59_BURCC,1.0,,,,,,1,,,,
B2URD0,B2URD0_AKKM8,1.0,,,,,,1,,,,
B2UUK1,B2UUK1_HELPS,1.0,1,,,,,,,,,
B2V9V5,B2V9V5_SULSY,1.0,,,,,,1,,,,
B2VBB3,B2VBB3_ERWT9,1.0,1,,,,,,,,,
B2VGG4,B2VGG4_ERWT9,1.0,1,,,,,,,,,
B3CM07,B3CM07_WOLPP,1.0,,,,,,1,,,,
B3CU33,B3CU33_ORITI,1.0,,,,,,1,,,,
B3CU34,B3CU34_ORITI,1.0,,,,,,1,,,,
B3DP88,B3DP88_BIFLD,1.0,1,,,,,,,,,
B3DT65,B3DT65_BIFLD,1.0,,,,,,1,,,,
B3DXG6,B3DXG6_METI4,1.0,,,,,,1,,,,
B3DYQ4,B3DYQ4_METI4,1.0,,,,,,1,,,,
B3E6I6,B3E6I6_GEOLS,1.0,,,,,,1,,,,
B3Q6K9,B3Q6K9_RHOPT,1.0,,,,,,1,,,,
B3Q9E0,B3Q9E0_RHOPT,1.0,,,,,,1,,,,
B2UDL4,B2UDL4_RALPJ,1.0,,,,,,1,,,,
B3R3W4,B3R3W4_CUPTR,1.0,,,,,,1,,,,
B3R960,B3R960_CUPTR,1.0,,,,,,1,,,,
B3R9A2,B3R9A2_CUPTR,1.0,,,,,,1,,,,
B3R9B8,B3R9B8_CUPTR,1.0,,,,,,1,,,,
B3RAT0,B3RAT0_CUPTR,1.0,,,,,,1,,,,
B3RD50,B3RD50_CUPTR,1.0,,,,,,1,,,,
B3RKM5,B3RKM5_TRIAD,1.0,,,,,,1,,,,
B3RLZ4,B3RLZ4_TRIAD,1.0,,,,,,1,,,,
B3RLZ5,B3RLZ5_TRIAD,1.0,,,,,,1,,,,
B1JKG1,B1JKG1_YERPY,1.0,,,,,,1,,,,
B3RR52,B3RR52_TRIAD,1.0,,,,,,1,,,,
B3RXS9,B3RXS9_TRIAD,1.0,,,,,1,,,,,
B3RYP2,B3RYP2_TRIAD,1.0,,,,,,1,,,,
B3S5H8,B3S5H8_TRIAD,1.0,,,,,,1,,,,
B3S5J1,B3S5J1_TRIAD,1.0,,,,,,1,,,,
B3S6Q1,B3S6Q1_TRIAD,1.0,,,,,,1,,,,
B3R711,B3R711_CUPTR,1.0,,,,,,1,,,,
B3R3G2,B3R3G2_CUPTR,1.0,,,,,,1,,,,
B3Q9H7,B3Q9H7_RHOPT,1.0,,,,,,1,,,,
B3R2D7,B3R2D7_CUPTR,1.0,,,,,,1,,,,
B3QB16,B3QB16_RHOPT,1.0,,,,,,1,,,,
B3QB84,B3QB84_RHOPT,1.0,,,,,,1,,,,
B3QBS1,B3QBS1_RHOPT,1.0,,,,,,1,,,,
B3QCU5,B3QCU5_RHOPT,1.0,,,,,,1,,,,
B3QDG9,B3QDG9_RHOPT,1.0,,,,,,1,,,,
B3QDX6,B3QDX6_RHOPT,1.0,1,,,,,,,,,
B3QFA7,B3QFA7_RHOPT,1.0,,,,,,1,,,,
B3QFB9,B3QFB9_RHOPT,1.0,,,,,,1,,,,
B3QHN0,B3QHN0_RHOPT,1.0,,,,,,1,,,,
B3QIV4,B3QIV4_RHOPT,1.0,,,,,,1,,,,
B3QTZ3,B3QTZ3_CHLT3,1.0,,,,,,1,,,,
B3QXY6,B3QXY6_CHLT3,1.0,,,,,,1,,,,
B3QYG9,B3QYG9_CHLT3,1.0,,,,,,1,,,,
B3QZT6,B3QZT6_PHYMT,1.0,1,,,,,,,,,
B3R1L5,B3R1L5_CUPTR,1.0,,,,,,1,,,,
B2UDV7,B2UDV7_RALPJ,1.0,1,,,,,,,,,
B2UD52,B2UD52_RALPJ,1.0,,,,,,1,,,,
B2IJL5,B2IJL5_BEII9,1.0,,,,,,1,,,,
B2JPM7,B2JPM7_BURP8,1.0,,,,,,1,,,,
B2JRK8,B2JRK8_BURP8,1.0,,,,,,1,,,,
B2JRU0,B2JRU0_BURP8,1.0,1,,,,,,,,,
B2JSF3,B2JSF3_BURP8,1.0,,,,,,1,,,,
B2JSJ1,B2JSJ1_BURP8,1.0,,,,,,1,,,,
B2JSK8,B2JSK8_BURP8,1.0,,,,,,1,,,,
B2JUK5,B2JUK5_BURP8,1.0,,,,,,1,,,,
B2JWT4,B2JWT4_BURP8,1.0,,,,,,1,,,,
B2JWY7,B2JWY7_BURP8,1.0,,,,,,1,,,,
B2K1V1,B2K1V1_YERPB,1.0,,,,,,1,,,,
B2K458,B2K458_YERPB,1.0,,,,,,1,,,,
B2K6E8,B2K6E8_YERPB,1.0,,,,,,1,,,,
B2K7M4,B2K7M4_YERPB,1.0,1,,,,,,,,,
B2RIN5,B2RIN5_PORG3,1.0,1,,,,,,,,,
B2RYX9,B2RYX9_XENTR,1.0,,,,,,1,,,,
B2RZF1,B2RZF1_XENTR,1.0,,,,,,1,,,,
B2JPU6,B2JPU6_BURP8,1.0,,,,,,1,,,,
B2JMT1,B2JMT1_BURP8,1.0,,,,,,1,,,,
B2S7H3,B2S7H3_BRUA1,1.0,,,,,,1,,,,
B2JHP8,B2JHP8_BURP8,1.0,,,,,,1,,,,
B2IKS3,B2IKS3_BEII9,1.0,,,,,,1,,,,
B2IKY8,B2IKY8_BEII9,1.0,,,,,,1,,,,
B1K2F5,B1K2F5_BURCC,1.0,,,,,,1,,,,
B2IUU7,B2IUU7_NOSP7,1.0,,,,,,1,,,,
B2IYS6,B2IYS6_NOSP7,1.0,,,,,,1,,,,
B1K2D2,B1K2D2_BURCC,1.0,,,,,,1,,,,
B2J016,B2J016_NOSP7,1.0,,,,,,1,,,,
B2J3T0,B2J3T0_NOSP7,1.0,,,,,,1,,,,
B2J4M1,B2J4M1_NOSP7,1.0,1,,,,,,,,,
B2J9M7,B2J9M7_NOSP7,1.0,,,,,,1,,,,
B2JDN1,B2JDN1_BURP8,1.0,,,,,,1,,,,
B2JE30,B2JE30_BURP8,1.0,,,,,,1,,,,
B2JFQ9,B2JFQ9_BURP8,1.0,,,,,,1,,,,
B2JG65,B2JG65_BURP8,1.0,,,,,,1,,,,
B2JG91,B2JG91_BURP8,1.0,,,,,,1,,,,
B2S586,B2S586_BRUA1,1.0,,,,,,1,,,,
B2SB84,B2SB84_BRUA1,1.0,,,,,,1,,,,
B2U9T7,B2U9T7_RALPJ,1.0,,,,,,1,,,,
B2T4E7,B2T4E7_BURPP,1.0,,,,,,1,,,,
B2T950,B2T950_BURPP,1.0,,,,,,1,,,,
B2TAA6,B2TAA6_BURPP,1.0,,,,,,1,,,,
B2TAP7,B2TAP7_BURPP,1.0,,,,,,1,,,,
B2TBM9,B2TBM9_BURPP,1.0,,,,,,1,,,,
B2TG14,B2TG14_BURPP,1.0,,,,,,1,,,,
B2TGG9,B2TGG9_BURPP,1.0,1,,,,,,,,,
B2TVR9,B2TVR9_SHIB3,1.0,1,,,,,,,,,
B2TVV7,B2TVV7_SHIB3,1.0,1,,,,,,,,,
B2TX15,B2TX15_SHIB3,1.0,1,,,,,,,,,
B2TX64,B2TX64_SHIB3,1.0,,,,,,1,,,,
B2U0P1,B2U0P1_SHIB3,1.0,,,,,,1,,,,
B2U1A8,B2U1A8_SHIB3,1.0,1,,,,,,,,,
B2U4U9,B2U4U9_SHIB3,1.0,1,,,,,,,,,
B2U7R4,B2U7R4_RALPJ,1.0,,,,,,1,,,,
B2U8Y5,B2U8Y5_RALPJ,1.0,,,,,,1,,,,
B2T8G5,B2T8G5_BURPP,1.0,,,,,,1,,,,
B2T4C1,B2T4C1_BURPP,1.0,1,,,,,,,,,
B2SBM6,B2SBM6_BRUA1,1.0,,,,,,1,,,,
B2T3V8,B2T3V8_BURPP,1.0,,,,,,1,,,,
B2SGG2,B2SGG2_FRATM,1.0,1,,,,,,,,,
B1JZK3,B1JZK3_BURCC,1.0,,,,,,1,,,,
B2SHJ8,B2SHJ8_XANOP,1.0,,,,,,1,,,,
B2SHJ9,B2SHJ9_XANOP,1.0,,,,,,1,,,,
B2SHN2,B2SHN2_XANOP,1.0,,,,,,1,,,,
B2SMN0,B2SMN0_XANOP,1.0,,,,,,1,,,,
B1JYY6,B1JYY6_BURCC,1.0,,,,,,1,,,,
B2SPM3,B2SPM3_XANOP,1.0,,,,,,1,,,,
B1JW37,B1JW37_BURCC,1.0,,,,,,1,,,,
B1JVP4,B1JVP4_BURCC,1.0,,,,,,1,,,,
B1JUQ6,B1JUQ6_BURCC,1.0,,,,,,1,,,,
B2SU38,B2SU38_XANOP,1.0,,,,,,1,,,,
B2T2A9,B2T2A9_BURPP,1.0,,,,,,1,,,,
B2T2E4,B2T2E4_BURPP,1.0,,,,,,1,,,,
B2T3T0,B2T3T0_BURPP,1.0,,,,,,1,,,,
B3Q8R6,B3Q8R6_RHOPT,1.0,,,,,,1,,,,
B7LPX3,B7LPX3_ESCF3,1.0,1,,,,,,,,,
B7JQP1,B7JQP1_BACC0,1.0,,,,,,1,,,,
C3N2F7,C3N2F7_SULIA,1.0,,,,,,1,,,,
C3MJK9,C3MJK9_SULIL,1.0,,,,,,1,,,,
C3MLY5,C3MLY5_SULIL,1.0,,,,,,1,,,,
C3MST2,C3MST2_SULIM,1.0,,,,,,1,,,,
C3MTZ1,C3MTZ1_SULIM,1.0,,,,,,1,,,,
C3MYX6,C3MYX6_SULIM,1.0,,,,,,1,,,,
C3N024,C3N024_SULIA,1.0,,,,,,1,,,,
C3N0K3,C3N0K3_SULIA,1.0,,,,,,1,,,,
C3N8A7,C3N8A7_SULIY,1.0,,,,,,1,,,,
C3MIF0,C3MIF0_RHISN,1.0,,,,,,1,,,,
C3N8J1,C3N8J1_SULIY,1.0,,,,,,1,,,,
C3NB81,C3NB81_SULIY,1.0,,,,,,1,,,,
C3NKE1,C3NKE1_SULIN,1.0,,,,,,1,,,,
C3NM59,C3NM59_SULIN,1.0,,,,,,1,,,,
C3NMS9,C3NMS9_SULIN,1.0,,,,,,1,,,,
C3NTN0,C3NTN0_VIBCJ,1.0,,,,,,1,,,,
C3NW19,C3NW19_VIBCJ,1.0,,,,,,1,,,,
C3MJ84,C3MJ84_SULIL,1.0,,,,,,1,,,,
C3MHG8,C3MHG8_RHISN,1.0,,,,,,1,,,,
B7JRI1,B7JRI1_BACC0,1.0,,,,,,1,,,,
C3LH71,C3LH71_BACAC,1.0,,,,,,1,,,,
C3LAG3,C3LAG3_BACAC,1.0,,,,,,1,,,,
C3LBF9,C3LBF9_BACAC,1.0,,,,,,1,,,,
C3LBG2,C3LBG2_BACAC,1.0,,,,,,1,,,,
C3LBL4,C3LBL4_BACAC,1.0,1,,,,,,,,,
C3LD06,C3LD06_BACAC,1.0,,,,,,1,,,,
C3LES5,C3LES5_BACAC,1.0,1,,,,,,,,,
C3LF54,C3LF54_BACAC,1.0,,,,,,1,,,,
C3LK11,C3LK11_BACAC,1.0,,,,,,1,,,,
C3MGG3,C3MGG3_RHISN,1.0,,,,,,1,,,,
C3LKJ0,C3LKJ0_BACAC,1.0,,,,,,1,,,,
C3LP99,C3LP99_VIBCM,1.0,,,,,,1,,,,
C3LS42,C3LS42_VIBCM,1.0,,,,,,1,,,,
C3M963,C3M963_RHISN,1.0,1,,,,,,,,,
C3MCE3,C3MCE3_RHISN,1.0,,,,,,1,,,,
C3MDP9,C3MDP9_RHISN,1.0,,,,,,1,,,,
C3MEE6,C3MEE6_RHISN,1.0,,,,,,1,,,,
C3NZY0,C3NZY0_BACAA,1.0,1,,,,,,,,,
C3P0Q6,C3P0Q6_BACAA,1.0,,,,,,1,,,,
C3P266,C3P266_BACAA,1.0,1,,,,,,,,,
C4KZ40,C4KZ40_EXISA,1.0,,,,,,1,,,,
C4KE56,C4KE56_SULIK,1.0,,,,,,1,,,,
C4KJ64,C4KJ64_SULIK,1.0,,,,,,1,,,,
C4KK29,C4KK29_SULIK,1.0,,,,,,1,,,,
C4KNV2,C4KNV2_BURPE,1.0,,,,,,1,,,,
C4KTM2,C4KTM2_BURPE,1.0,,,,,,1,,,,
C4KU17,C4KU17_BURPE,1.0,,,,,,1,,,,
C4KU64,C4KU64_BURPE,1.0,,,,,,1,,,,
C4KZ99,C4KZ99_EXISA,1.0,,,,,,1,,,,
C3P2R2,C3P2R2_BACAA,1.0,,,,,,1,,,,
C4L0F4,C4L0F4_EXISA,1.0,1,,,,,,,,,
C4L0F5,C4L0F5_EXISA,1.0,1,,,,,,,,,
C4L1I1,C4L1I1_EXISA,1.0,,,,,,1,,,,
C4L1S6,C4L1S6_EXISA,1.0,,,,,,1,,,,
C4L1W2,C4L1W2_EXISA,1.0,,,,,,1,,,,
C4L2N4,C4L2N4_EXISA,1.0,1,,,,,,,,,
C4L307,C4L307_EXISA,1.0,,,,,,1,,,,
C3ZYZ6,C3ZYZ6_BRAFL,1.0,,,,,,1,,,,
C3ZLK2,C3ZLK2_BRAFL,1.0,,,,,,,,,,1
C3YXD7,C3YXD7_BRAFL,1.0,,,,,,1,,,,
C3YW54,C3YW54_BRAFL,1.0,,,,,,1,,,,
C3P329,C3P329_BACAA,1.0,,,,,,1,,,,
C3P332,C3P332_BACAA,1.0,,,,,,1,,,,
C3P3C0,C3P3C0_BACAA,1.0,,,,,,1,,,,
C3P3V8,C3P3V8_BACAA,1.0,,,,,,1,,,,
C3P5Y6,C3P5Y6_BACAA,1.0,1,,,,,,,,,
C3P864,C3P864_BACAA,1.0,,,,,,1,,,,
C3PAM9,C3PAM9_BACAA,1.0,,,,,,1,,,,
C3PC09,C3PC09_BACAA,1.0,,,,,,1,,,,
C3PT26,C3PT26_DASNO,1.0,,,,,1,,,,,
C3XPX3,C3XPX3_BRAFL,1.0,,,,,,1,,,,
C3XU34,C3XU34_BRAFL,1.0,,,,,,1,,,,
C3Y6V3,C3Y6V3_BRAFL,1.0,,,,,,1,,,,
C3YFW9,C3YFW9_BRAFL,1.0,,,,,,1,,,,
C3YLR3,C3YLR3_BRAFL,1.0,,,,,,1,,,,
C3YVM2,C3YVM2_BRAFL,1.0,,,,,,1,,,,
C3LAD6,C3LAD6_BACAC,1.0,,,,,,1,,,,
C3LAB6,C3LAB6_BACAC,1.0,,,,,,1,,,,
C3L8G6,C3L8G6_BACAC,1.0,1,,,,,,,,,
C1CJ93,C1CJ93_STRZP,1.0,1,,,,,,,,,
C1B8W3,C1B8W3_RHOOB,1.0,,,,,,1,,,,
C1B975,C1B975_RHOOB,1.0,,,,,,1,,,,
C1BB06,C1BB06_RHOOB,1.0,,,,,,1,,,,
C1BB71,C1BB71_RHOOB,1.0,,,,,,1,,,,
C1BEG4,C1BEG4_ENTHR,1.0,1,,,,,,,,,
C1C5Y9,C1C5Y9_STRP7,1.0,1,,,,,,,,,
C1CCZ3,C1CCZ3_STRZJ,1.0,1,,,,,,,,,
C1CQA5,C1CQA5_STRZT,1.0,1,,,,,,,,,
C1DII0,C1DII0_AZOVD,1.0,,,,,,1,,,,
C1CUH5,C1CUH5_DEIDV,1.0,,,,,,1,,,,
C1CV86,C1CV86_DEIDV,1.0,,,,,,1,,,,
C1D2B1,C1D2B1_DEIDV,1.0,,,,,,1,,,,
C1D390,C1D390_DEIDV,1.0,,,,,,1,,,,
C1D9P9,C1D9P9_LARHH,1.0,,,,,,1,,,,
C1D9Y7,C1D9Y7_LARHH,1.0,,,,,,1,,,,
C1DDT7,C1DDT7_AZOVD,1.0,,,,,,1,,,,
C1B8R2,C1B8R2_RHOOB,1.0,,,,,,1,,,,
C1B883,C1B883_RHOOB,1.0,,,,,,1,,,,
C1B7F8,C1B7F8_RHOOB,1.0,,,,,,1,,,,
C1B6T6,C1B6T6_RHOOB,1.0,,,,,,1,,,,
C1AW79,C1AW79_RHOOB,1.0,,,,,,1,,,,
C1AX61,C1AX61_RHOOB,1.0,,,,,,1,,,,
C1B0V3,C1B0V3_RHOOB,1.0,,,,,,1,,,,
C1B2E3,C1B2E3_RHOOB,1.0,,,,,,1,,,,
C1B327,C1B327_RHOOB,1.0,,,,,,1,,,,
C1B3E9,C1B3E9_RHOOB,1.0,,,,,,1,,,,
C1B415,C1B415_RHOOB,1.0,,,,,,1,,,,
C1B4M7,C1B4M7_RHOOB,1.0,,,,,,1,,,,
C1B4Z5,C1B4Z5_RHOOB,1.0,,,,,,1,,,,
C1B529,C1B529_RHOOB,1.0,,,,,,1,,,,
C1B5C6,C1B5C6_RHOOB,1.0,,,,,,1,,,,
C1B5W9,C1B5W9_RHOOB,1.0,,,,,,1,,,,
C1B645,C1B645_RHOOB,1.0,,,,,,1,,,,
C1B646,C1B646_RHOOB,1.0,,,,,,1,,,,
C1B6E3,C1B6E3_RHOOB,1.0,,,,,,1,,,,
C1DFW2,C1DFW2_AZOVD,1.0,,,,,,1,,,,
C1DLX6,C1DLX6_AZOVD,1.0,,,,,,1,,,,
C3KNF3,C3KNF3_RHISN,1.0,,,,,,1,,,,
C3K3Y2,C3K3Y2_PSEFS,1.0,,,,,,1,,,,
C1KXS7,C1KXS7_LISMC,1.0,1,,,,,,,,,
C1KYN8,NAMA_LISMC,1.0,1,,,,,,,,,
C1KZ20,C1KZ20_LISMC,1.0,1,,,,,,,,,
C1L0U9,C1L0U9_LISMC,1.0,1,,,,,,,,,
C1L1K8,C1L1K8_LISMC,1.0,1,,,,,,,,,
C3JZX3,C3JZX3_PSEFS,1.0,,,,,,1,,,,
C3K027,C3K027_PSEFS,1.0,,,,,,1,,,,
C3K4H9,C3K4H9_PSEFS,1.0,,,,,,1,,,,
C1DPW3,C1DPW3_AZOVD,1.0,,,,,,1,,,,
C3K8N9,C3K8N9_PSEFS,1.0,,,,,,1,,,,
C3K8V8,C3K8V8_PSEFS,1.0,,,,,,1,,,,
C3K908,C3K908_PSEFS,1.0,,,,,,1,,,,
C3K998,C3K998_PSEFS,1.0,,,,,,1,,,,
C3KAD6,C3KAD6_PSEFS,1.0,1,,,,,,,,,
C3KBQ2,C3KBQ2_PSEFS,1.0,,,,,,1,,,,
C3KCD7,C3KCD7_PSEFS,1.0,,,,,,1,,,,
C1F927,C1F927_ACIC5,1.0,,,,,,1,,,,
C1F6H8,C1F6H8_ACIC5,1.0,,,,,,1,,,,
C1F5E7,C1F5E7_ACIC5,1.0,,,,,,1,,,,
C1F0U6,C1F0U6_ACIC5,1.0,,,,,,1,,,,
C1DQM9,C1DQM9_AZOVD,1.0,,,,,,1,,,,
C1DS64,C1DS64_AZOVD,1.0,,,,,,1,,,,
C1DSE0,C1DSE0_AZOVD,1.0,,,,,,1,,,,
C1DVC9,C1DVC9_SULAA,1.0,,,,,,1,,,,
C1ELJ0,C1ELJ0_BACC3,1.0,1,,,,,,,,,
C1ELW6,C1ELW6_BACC3,1.0,,,,,,1,,,,
C1EMC4,C1EMC4_BACC3,1.0,,,,,,1,,,,
C1EME7,C1EME7_BACC3,1.0,,,,,,1,,,,
C1ENP8,C1ENP8_BACC3,1.0,1,,,,,,,,,
C1ES83,C1ES83_BACC3,1.0,,,,,,1,,,,
C1EU29,C1EU29_BACC3,1.0,,,,,,1,,,,
C1EWN8,C1EWN8_BACC3,1.0,,,,,,1,,,,
C1EYP3,C1EYP3_BACC3,1.0,,,,,,1,,,,
C1EZ55,C1EZ55_BACC3,1.0,1,,,,,,,,,
C1F007,C1F007_BACC3,1.0,,,,,,1,,,,
C4L3V2,C4L3V2_EXISA,1.0,1,,,,,,,,,
C4L4F7,C4L4F7_EXISA,1.0,1,,,,,,,,,
C4L538,C4L538_EXISA,1.0,,,,,,1,,,,
C5WNN6,C5WNN6_SORBI,1.0,,,,,,1,,,,
C5PDK9,C5PDK9_COCP7,1.0,,,,,,1,,,,
C5PDR7,C5PDR7_COCP7,1.0,,,,,,1,,,,
C5PG83,C5PG83_COCP7,1.0,,,,,,1,,,,
C5VYX0,C5VYX0_STRSE,1.0,,,,,,1,,,,
C5W0E9,C5W0E9_ECOBD,1.0,1,,,,,,,,,
C5WF80,C5WF80_STRDG,1.0,1,,,,,,,,,
C5WH27,C5WH27_STRDG,1.0,1,,,,,,,,,
C5X4N2,C5X4N2_SORBI,1.0,,,,,,1,,,,
C6AE09,C6AE09_BARGA,1.0,,,,,,1,,,,
C5X4N5,C5X4N5_SORBI,1.0,,,,,,1,,,,
C5XK60,C5XK60_SORBI,1.0,,,,,,1,,,,
C5XV59,C5XV59_SORBI,1.0,,,,,,1,,,,
C5Y3S1,C5Y3S1_SORBI,1.0,,,,,,1,,,,
C5YDV5,C5YDV5_SORBI,1.0,,,,,,1,,,,
C5YG81,C5YG81_SORBI,1.0,,,,,,1,,,,
C5YIW0,C5YIW0_SORBI,1.0,,,,,,1,,,,
C5PD05,C5PD05_COCP7,1.0,,,,,,1,,,,
C5PB10,C5PB10_COCP7,1.0,,,,,,1,,,,
C5P900,C5P900_COCP7,1.0,,,,,,1,,,,
C5P864,C5P864_COCP7,1.0,,,,,,1,,,,
C5DEG7,C5DEG7_LACTC,1.0,,,,,,1,,,,
C5DEM8,C5DEM8_LACTC,1.0,,,,,,1,,,,
C5DPH3,C5DPH3_ZYGRC,1.0,,,,,,1,,,,
C5DPJ7,C5DPJ7_ZYGRC,1.0,,,,,,1,,,,
C5DQ20,YIM1_ZYGRC,1.0,,,,,,1,,,,
C5DQV8,C5DQV8_ZYGRC,1.0,,,,,,1,,,,
C5DWV3,C5DWV3_ZYGRC,1.0,,,,,,1,,,,
C5DZP0,C5DZP0_ZYGRC,1.0,,,,,,1,,,,
C5E3S4,YIM11_LACTC,1.0,,,,,,1,,,,
C5E3S5,YIM12_LACTC,1.0,,,,,,1,,,,
C5NZ73,C5NZ73_COCP7,1.0,,,,,,1,,,,
C5P0D8,C5P0D8_COCP7,1.0,,,,,,1,,,,
C5P3J5,C5P3J5_COCP7,1.0,,,,,,1,,,,
C5P4W4,C5P4W4_COCP7,1.0,,,,,,1,,,,
C5P5V0,C5P5V0_COCP7,1.0,,,,,,1,,,,
C6A9W9,C6A9W9_BIFLB,1.0,1,,,,,,,,,
C6AG10,C6AG10_BIFAS,1.0,1,,,,,,,,,
C5DE66,C5DE66_LACTC,1.0,,,,,,1,,,,
C6CG32,C6CG32_DICZE,1.0,,,,,,1,,,,
C6BK16,C6BK16_RALP1,1.0,,,,,,1,,,,
C6BKB6,C6BKB6_RALP1,1.0,,,,,,1,,,,
C6BM61,C6BM61_RALP1,1.0,,,,,,1,,,,
C6C4M9,C6C4M9_DICDC,1.0,,,,,,1,,,,
C6CA78,C6CA78_DICDC,1.0,,,,,,1,,,,
C6CC47,C6CC47_DICDC,1.0,1,,,,,,,,,
C6CFT7,C6CFT7_DICZE,1.0,,,,,,1,,,,
C6CHK7,C6CHK7_DICZE,1.0,,,,,,1,,,,
C6ANM0,C6ANM0_AGGAN,1.0,,,,,,1,,,,
C6CJ24,C6CJ24_DICZE,1.0,,,,,,1,,,,
C6CJS0,C6CJS0_DICZE,1.0,,,,,,1,,,,
C6CKU0,C6CKU0_DICZE,1.0,,,,,,1,,,,
C6CMJ4,C6CMJ4_DICZE,1.0,,,,,,1,,,,
C6CQN4,C6CQN4_DICZE,1.0,1,,,,,,,,,
C6CRF3,C6CRF3_PAESJ,1.0,,,,,,1,,,,
C6CT73,C6CT73_PAESJ,1.0,,,,,,1,,,,
C6BJQ2,C6BJQ2_RALP1,1.0,,,,,,1,,,,
C6BGD2,C6BGD2_RALP1,1.0,,,,,,1,,,,
C6BEM6,C6BEM6_RALP1,1.0,,,,,,1,,,,
C6B9G1,C6B9G1_RHILS,1.0,,,,,,1,,,,
C6ARZ7,C6ARZ7_RHILS,1.0,,,,,,1,,,,
C6AS16,C6AS16_RHILS,1.0,,,,,,1,,,,
C6AT53,C6AT53_RHILS,1.0,,,,,,1,,,,
C6ATB5,C6ATB5_RHILS,1.0,,,,,,1,,,,
C6AUG3,C6AUG3_RHILS,1.0,,,,,,1,,,,
C6AWA9,C6AWA9_RHILS,1.0,,,,,,1,,,,
C6AXP0,C6AXP0_RHILS,1.0,,,,,,1,,,,
C6B0Y1,C6B0Y1_RHILS,1.0,,,,,,1,,,,
C6B2H7,C6B2H7_RHILS,1.0,,,,,,1,,,,
C6B4F5,C6B4F5_RHILS,1.0,,,,,,1,,,,
C6B5S9,C6B5S9_RHILS,1.0,,,,,,1,,,,
C6B6E9,C6B6E9_RHILS,1.0,,,,,,1,,,,
C6B6N2,C6B6N2_RHILS,1.0,1,,,,,,,,,
C6B8D7,C6B8D7_RHILS,1.0,1,,,,,,,,,
C6B9E5,C6B9E5_RHILS,1.0,,,,,,1,,,,
C5DEB6,C5DEB6_LACTC,1.0,,,,,,1,,,,
C5DCT2,C5DCT2_LACTC,1.0,,,,,,1,,,,
C4L7C4,C4L7C4_TOLAT,1.0,,,,,,1,,,,
C5AFP7,C5AFP7_BURGB,1.0,1,,,,,,,,,
C4ZUU7,C4ZUU7_ECOBW,1.0,1,,,,,,,,,
C4ZVV7,C4ZVV7_ECOBW,1.0,1,,,,,,,,,
C5A144,C5A144_ECOBW,1.0,,,,,,1,,,,
C5AA80,C5AA80_BURGB,1.0,,,,,,1,,,,
C5AAL3,C5AAL3_BURGB,1.0,,,,,,1,,,,
C5AAP5,C5AAP5_BURGB,1.0,,,,,,1,,,,
C5AE04,C5AE04_BURGB,1.0,,,,,,1,,,,
C5AFP9,C5AFP9_BURGB,1.0,,,,,,1,,,,
C5AY02,C5AY02_METEA,1.0,1,,,,,,,,,
C5AFY2,C5AFY2_BURGB,1.0,,,,,,1,,,,
C5AG32,C5AG32_BURGB,1.0,,,,,,1,,,,
C5AHV7,C5AHV7_BURGB,1.0,,,,,,1,,,,
C5ANC5,C5ANC5_BURGB,1.0,,,,,,1,,,,
C5AP81,C5AP81_METEA,1.0,,,,,,1,,,,
C5ASY1,C5ASY1_METEA,1.0,,,,,,1,,,,
C5AVJ6,C5AVJ6_METEA,1.0,,,,,,1,,,,
C4ZSZ0,C4ZSZ0_ECOBW,1.0,,,,,,1,,,,
C4ZSL9,C4ZSL9_ECOBW,1.0,1,,,,,,,,,
C4ZQS5,C4ZQS5_ECOBW,1.0,1,,,,,,,,,
C4ZPE4,C4ZPE4_THASP,1.0,,,,,,1,,,,
C4LCQ9,C4LCQ9_TOLAT,1.0,,,,,,1,,,,
C4LHI7,C4LHI7_CORK4,1.0,,,,,,1,,,,
C4LLI7,C4LLI7_CORK4,1.0,,,,,,1,,,,
C4LLN8,C4LLN8_CORK4,1.0,,,,,,1,,,,
C4LSD2,C4LSD2_ENTHI,1.0,1,,,,,,,,,
C4LZ04,C4LZ04_ENTHI,1.0,1,,,,,,,,,
C4QYG3,C4QYG3_PICPG,1.0,,,,,,1,,,,
C4R0C8,C4R0C8_PICPG,1.0,,,,,,1,,,,
C4R0K9,C4R0K9_PICPG,1.0,,,,,,1,,,,
C4R174,C4R174_PICPG,1.0,,,,,,1,,,,
C4R7H6,C4R7H6_PICPG,1.0,,,,,,1,,,,
C4R8U5,C4R8U5_PICPG,1.0,,,,,,1,,,,
C4XNK1,C4XNK1_DESMR,1.0,,,,,,1,,,,
C4ZJI5,C4ZJI5_THASP,1.0,,,,,,1,,,,
C4ZK96,C4ZK96_THASP,1.0,,,,,,1,,,,
C5AXM8,C5AXM8_METEA,1.0,,,,,,1,,,,
C5AZG6,C5AZG6_METEA,1.0,,,,,,1,,,,
C5DC71,C5DC71_LACTC,1.0,,,,,,1,,,,
C5CV68,C5CV68_VARPS,1.0,,,,,,1,,,,
C5CLJ2,C5CLJ2_VARPS,1.0,,,,,,1,,,,
C5CPB9,C5CPB9_VARPS,1.0,,,,,,1,,,,
C5CPC8,C5CPC8_VARPS,1.0,,,,,,1,,,,
C5CRH7,C5CRH7_VARPS,1.0,,,,,,1,,,,
C5CSP1,C5CSP1_VARPS,1.0,,,,,,1,,,,
C5CT23,C5CT23_VARPS,1.0,,,,,,1,,,,
C5CUL8,C5CUL8_VARPS,1.0,,,,,,1,,,,
C5CW92,C5CW92_VARPS,1.0,,,,,,1,,,,
C5B271,C5B271_METEA,1.0,,,,,,1,,,,
C5CZQ3,C5CZQ3_VARPS,1.0,,,,,,1,,,,
C5D145,C5D145_VARPS,1.0,,,,,,1,,,,
C5D1G7,C5D1G7_VARPS,1.0,,,,,,1,,,,
C5D1J9,C5D1J9_VARPS,1.0,,,,,,1,,,,
C5D1K4,C5D1K4_VARPS,1.0,,,,,,1,,,,
C5D812,C5D812_GEOSW,1.0,,,,,,1,,,,
C5DA71,C5DA71_GEOSW,1.0,,,,,,1,,,,
C5CAN4,C5CAN4_MICLC,1.0,,,,,,1,,,,
C5C8W1,C5C8W1_MICLC,1.0,,,,,,1,,,,
C5C5W9,C5C5W9_BEUC1,1.0,,,,,,1,,,,
C5C4V0,C5C4V0_BEUC1,1.0,,,,,,1,,,,
C5B299,C5B299_METEA,1.0,,,,,,1,,,,
C5B681,C5B681_METEA,1.0,,,,,,1,,,,
C5B689,C5B689_METEA,1.0,,,,,,1,,,,
C5B8W6,C5B8W6_EDWI9,1.0,1,,,,,,,,,
C5B8Y4,C5B8Y4_EDWI9,1.0,1,,,,,,,,,
C5BEV9,C5BEV9_EDWI9,1.0,,,,,,1,,,,
C5BIZ8,C5BIZ8_TERTT,1.0,,,,,,1,,,,
C5BJE4,C5BJE4_TERTT,1.0,,,,,,1,,,,
C5BJY7,C5BJY7_TERTT,1.0,,,,,,1,,,,
C5BV97,C5BV97_BEUC1,1.0,,,,,,1,,,,
C5BW23,C5BW23_BEUC1,1.0,,,,,,1,,,,
C5BWK3,C5BWK3_BEUC1,1.0,,,,,,1,,,,
C5C1Q9,C5C1Q9_BEUC1,1.0,,,,,,1,,,,
C5C2Z5,C5C2Z5_BEUC1,1.0,,,,,,1,,,,
C5C3N0,C5C3N0_BEUC1,1.0,,,,,,1,,,,
C1AW22,C1AW22_RHOOB,1.0,,,,,,1,,,,
C1AU25,C1AU25_RHOOB,1.0,,,,,,1,,,,
C1ARE4,C1ARE4_RHOOB,1.0,1,,,,,,,,,
B8CEV1,B8CEV1_THAPS,1.0,,,,,,1,,,,
B8BX12,B8BX12_THAPS,1.0,,,,,,1,,,,
B8BXD9,B8BXD9_THAPS,1.0,,,,,,1,,,,
B8C623,B8C623_THAPS,1.0,,,,,,1,,,,
B8C9W2,B8C9W2_THAPS,1.0,,,,,,1,,,,
B8CAL0,B8CAL0_THAPS,1.0,,,,,,1,,,,
B8CBY0,B8CBY0_THAPS,1.0,,,,,,1,,,,
B8CDK1,B8CDK1_THAPS,1.0,,,,,,1,,,,
B8CHD4,B8CHD4_SHEPW,1.0,,,,,,1,,,,
B8DGV6,B8DGV6_LISMH,1.0,1,,,,,,,,,
B8CI37,B8CI37_SHEPW,1.0,,,,,,1,,,,
B8CK81,B8CK81_SHEPW,1.0,,,,,,1,,,,
B8CK83,B8CK83_SHEPW,1.0,,,,,,1,,,,
B8CQ61,B8CQ61_SHEPW,1.0,,,,,,1,,,,
B8DA10,B8DA10_LISMH,1.0,,,,,,1,,,,
B8DBD5,B8DBD5_LISMH,1.0,,,,,,1,,,,
B8DBP0,NAMA_LISMH,1.0,1,,,,,,,,,
B8BWW1,B8BWW1_THAPS,1.0,,,,,,1,,,,
B8BWL3,B8BWL3_THAPS,1.0,,,,,,1,,,,
B8BUP6,B8BUP6_THAPS,1.0,,,,,,1,,,,
B8BI87,B8BI87_ORYSI,1.0,,,,,,1,,,,
B7V864,B7V864_PSEA8,1.0,,,,,,1,,,,
B7V8J1,B7V8J1_PSEA8,1.0,,,,,,1,,,,
B7VB44,B7VB44_PSEA8,1.0,,,,,,1,,,,
B7VBL9,B7VBL9_PSEA8,1.0,,,,,,1,,,,
B7VGL2,B7VGL2_VIBTL,1.0,,,,,,1,,,,
B7VK38,B7VK38_VIBTL,1.0,,,,,,1,,,,
B7VQL8,B7VQL8_VIBTL,1.0,,,,,,1,,,,
B7VSA0,B7VSA0_VIBTL,1.0,,,,,,1,,,,
B8A9U0,B8A9U0_ORYSI,1.0,,,,,,1,,,,
B8AEF1,B8AEF1_ORYSI,1.0,,,,,,1,,,,
B8AL04,B8AL04_ORYSI,1.0,,,,,,1,,,,
B8ASR0,B8ASR0_ORYSI,1.0,,,,,,1,,,,
B8ASR1,B8ASR1_ORYSI,1.0,,,,,,1,,,,
B8BDA1,B8BDA1_ORYSI,1.0,,,,,,1,,,,
B8BI22,B8BI22_ORYSI,1.0,,,,,,1,,,,
B8DEJ9,B8DEJ9_LISMH,1.0,1,,,,,,,,,
B8DI18,B8DI18_LISMH,1.0,,,,,,1,,,,
B7V5C4,B7V5C4_PSEA8,1.0,,,,,,1,,,,
B8GZB4,B8GZB4_CAUCN,1.0,,,,,,1,,,,
B8GRN5,B8GRN5_THISH,1.0,,,,,,1,,,,
B8GRZ3,B8GRZ3_THISH,1.0,,,,,,1,,,,
B8GS49,B8GS49_THISH,1.0,,,,,,1,,,,
B8GVD5,B8GVD5_CAUCN,1.0,,,,,,1,,,,
B8GW37,B8GW37_CAUCN,1.0,,,,,,1,,,,
B8GXI6,B8GXI6_CAUCN,1.0,,,,,,1,,,,
B8GXW7,B8GXW7_CAUCN,1.0,,,,,,1,,,,
B8H1F1,B8H1F1_CAUCN,1.0,,,,,,1,,,,
B8DIB6,B8DIB6_LISMH,1.0,1,,,,,,,,,
B8H3A9,B8H3A9_CAUCN,1.0,,,,,,1,,,,
B8H4P3,B8H4P3_CAUCN,1.0,,,,,,1,,,,
B8H985,B8H985_ARTCA,1.0,1,,,,,,,,,
B8H9J9,B8H9J9_ARTCA,1.0,,,,,,1,,,,
B8HCN9,B8HCN9_ARTCA,1.0,,,,,,1,,,,
B8HE26,B8HE26_ARTCA,1.0,,,,,,1,,,,
B8HGC2,B8HGC2_ARTCA,1.0,,,,,,1,,,,
B8GPY3,B8GPY3_THISH,1.0,,,,,,1,,,,
B8GB90,B8GB90_CHLAD,1.0,,,,,,1,,,,
B8G9K5,B8G9K5_CHLAD,1.0,,,,,,1,,,,
B8G8W3,B8G8W3_CHLAD,1.0,,,,,,1,,,,
B8DKG1,B8DKG1_DESVM,1.0,,,,,,1,,,,
B8DSL7,B8DSL7_BIFA0,1.0,1,,,,,,,,,
B8E450,B8E450_SHEB2,1.0,,,,,,1,,,,
B8E674,B8E674_SHEB2,1.0,,,,,,1,,,,
B8E8R7,B8E8R7_SHEB2,1.0,,,,,,1,,,,
B8EES0,B8EES0_SHEB2,1.0,,,,,,1,,,,
B8EIU6,B8EIU6_METSB,1.0,,,,,,1,,,,
B8EL87,B8EL87_METSB,1.0,,,,,,1,,,,
B8EMP3,B8EMP3_METSB,1.0,,,,,,1,,,,
B8EN71,B8EN71_METSB,1.0,,,,,,1,,,,
B8ESF2,B8ESF2_METSB,1.0,,,,,,1,,,,
B8F3Q2,B8F3Q2_HAEPS,1.0,1,,,,,,,,,
B8F7A0,B8F7A0_HAEPS,1.0,1,,,,,,,,,
B8F8C9,B8F8C9_HAEPS,1.0,1,,,,,,,,,
B8FMW8,B8FMW8_DESAA,1.0,,,,,,1,,,,
B7V7W3,B7V7W3_PSEA8,1.0,,,,,,1,,,,
B7V0Q8,B7V0Q8_PSEA8,1.0,,,,,,1,,,,
B8HSC2,B8HSC2_CYAP4,1.0,,,,,,1,,,,
B7LV99,B7LV99_ESCF3,1.0,1,,,,,,,,,
B7LHV3,B7LHV3_ECO55,1.0,,,,,,1,,,,
B7LJG7,B7LJG7_ESCF3,1.0,1,,,,,,,,,
B7LJR4,B7LJR4_ESCF3,1.0,1,,,,,,,,,
B7LKK9,B7LKK9_ESCF3,1.0,1,,,,,,,,,
B7LL21,B7LL21_ESCF3,1.0,,,,,,1,,,,
B0V4M1,B0V4M1_ACIBY,1.0,,,,,,1,,,,
B7LRM7,B7LRM7_ESCF3,1.0,,,,,,1,,,,
B7LZF7,B7LZF7_ECO8A,1.0,1,,,,,,,,,
B7ME22,B7ME22_ECO45,1.0,1,,,,,,,,,
B7M0W6,B7M0W6_ECO8A,1.0,,,,,,1,,,,
B7M4J7,B7M4J7_ECO8A,1.0,1,,,,,,,,,
B7M4Y3,B7M4Y3_ECO8A,1.0,1,,,,,,,,,
B7M522,B7M522_ECO8A,1.0,1,,,,,,,,,
B7M6T5,B7M6T5_ECO8A,1.0,1,,,,,,,,,
B7M7W4,B7M7W4_ECO8A,1.0,,,,,,1,,,,
B7MA68,B7MA68_ECO45,1.0,1,,,,,,,,,
B7LGF0,B7LGF0_ECO55,1.0,1,,,,,,,,,
B7LCH0,B7LCH0_ECO55,1.0,1,,,,,,,,,
B7LAZ9,B7LAZ9_ECO55,1.0,,,,,,1,,,,
B7LAJ6,B7LAJ6_ECO55,1.0,1,,,,,,,,,
B7K2Y2,B7K2Y2_CYAP8,1.0,,,,,,1,,,,
B7K939,B7K939_CYAP7,1.0,,,,,,1,,,,
B7KCY1,B7KCY1_CYAP7,1.0,,,,,,1,,,,
B7KTE6,B7KTE6_METC4,1.0,,,,,,1,,,,
B7KUR1,B7KUR1_METC4,1.0,,,,,,1,,,,
B7KV18,B7KV18_METC4,1.0,,,,,,1,,,,
B7KW30,B7KW30_METC4,1.0,,,,,,1,,,,
B7KW37,B7KW37_METC4,1.0,,,,,,1,,,,
B7KYZ6,B7KYZ6_METC4,1.0,,,,,,1,,,,
B7L0G2,B7L0G2_METC4,1.0,1,,,,,,,,,
B7L159,B7L159_METC4,1.0,,,,,,1,,,,
B7L252,B7L252_METC4,1.0,,,,,,1,,,,
B7L2K4,B7L2K4_METC4,1.0,,,,,,1,,,,
B7L7B8,B7L7B8_ECO55,1.0,1,,,,,,,,,
B7LA04,B7LA04_ECO55,1.0,1,,,,,,,,,
B7MC15,B7MC15_ECO45,1.0,,,,,,1,,,,
B7MF50,B7MF50_ECO45,1.0,1,,,,,,,,,
B7UY73,B7UY73_PSEA8,1.0,,,,,,1,,,,
B7PID2,B7PID2_IXOSC,1.0,,,,,,1,,,,
B7NLH2,B7NLH2_ECO7I,1.0,,,,,,1,,,,
B7NPH5,B7NPH5_ECO7I,1.0,1,,,,,,,,,
B7NPW2,B7NPW2_ECO7I,1.0,1,,,,,,,,,
B7NSL2,B7NSL2_ECO7I,1.0,,,,,,1,,,,
B7P835,B7P835_IXOSC,1.0,,,,,,1,,,,
B7PCR9,B7PCR9_IXOSC,1.0,,,,,,1,,,,
B7PDY1,B7PDY1_IXOSC,1.0,,,,,,1,,,,
B7QIJ3,B7QIJ3_IXOSC,1.0,,,,,,1,,,,
B7MF87,B7MF87_ECO45,1.0,1,,,,,,,,,
B7UFF4,B7UFF4_ECO27,1.0,1,,,,,,,,,
B7UFI9,B7UFI9_ECO27,1.0,1,,,,,,,,,
B7UGC7,B7UGC7_ECO27,1.0,1,,,,,,,,,
B7UIQ6,B7UIQ6_ECO27,1.0,1,,,,,,,,,
B7UJY5,B7UJY5_ECO27,1.0,,,,,,1,,,,
B7UKH6,B7UKH6_ECO27,1.0,1,,,,,,,,,
B7UX50,B7UX50_PSEA8,1.0,,,,,,1,,,,
B7NJ06,B7NJ06_ECO7I,1.0,1,,,,,,,,,
B7NFZ4,B7NFZ4_ECOLU,1.0,,,,,,1,,,,
B7NDN1,B7NDN1_ECOLU,1.0,,,,,,1,,,,
B7NCZ4,B7NCZ4_ECOLU,1.0,1,,,,,,,,,
B7MHS9,B7MHS9_ECO45,1.0,1,,,,,,,,,
B7MJ39,B7MJ39_ECO45,1.0,,,,,,1,,,,
B7MKS4,B7MKS4_ECO45,1.0,,,,,,1,,,,
B7MQL1,B7MQL1_ECO81,1.0,1,,,,,,,,,
B7MSE6,B7MSE6_ECO81,1.0,,,,,,1,,,,
B7MWZ9,B7MWZ9_ECO81,1.0,1,,,,,,,,,
B7MXI7,B7MXI7_ECO81,1.0,1,,,,,,,,,
B7MY78,B7MY78_ECO81,1.0,1,,,,,,,,,
B7MZD2,B7MZD2_ECO81,1.0,,,,,,1,,,,
B7MZZ1,B7MZZ1_ECO81,1.0,1,,,,,,,,,
B7N126,B7N126_ECO81,1.0,,,,,,1,,,,
B7N5D6,B7N5D6_ECOLU,1.0,1,,,,,,,,,
B7N616,B7N616_ECOLU,1.0,1,,,,,,,,,
B7N954,B7N954_ECOLU,1.0,1,,,,,,,,,
B7NCG7,B7NCG7_ECOLU,1.0,1,,,,,,,,,
B8HN43,B8HN43_CYAP4,1.0,,,,,,1,,,,
B8HTD9,B8HTD9_CYAP4,1.0,,,,,,1,,,,
C1APJ2,C1APJ2_MYCBT,1.0,,,,,,1,,,,
C0M7Y6,C0M7Y6_STRE4,1.0,1,,,,,,,,,
B9WCZ9,B9WCZ9_CANDC,1.0,,,,,,1,,,,
B9WE97,B9WE97_CANDC,1.0,,,,,,1,,,,
B9WGS0,B9WGS0_CANDC,1.0,,,,,,1,,,,
B9WJD6,B9WJD6_CANDC,1.0,,,,,,1,,,,
B9WLC9,B9WLC9_CANDC,1.0,,,,,,1,,,,
B9WLD1,B9WLD1_CANDC,1.0,,,,,,1,,,,
B9WMH5,B9WMH5_CANDC,1.0,,,,,,1,,,,
C0MA99,C0MA99_STRE4,1.0,1,,,,,,,,,
C0R1F8,C0R1F8_BRAHW,1.0,1,,,,,,,,,
C0MCM9,C0MCM9_STRS7,1.0,1,,,,,,,,,
C0MDW8,C0MDW8_STRS7,1.0,1,,,,,,,,,
C0PZS2,C0PZS2_SALPC,1.0,,,,,,1,,,,
C0Q521,C0Q521_SALPC,1.0,,,,,,1,,,,
C0Q9P2,C0Q9P2_DESAH,1.0,,,,,,1,,,,
C0QK24,C0QK24_DESAH,1.0,,,,,,1,,,,
C0QM54,C0QM54_DESAH,1.0,,,,,,1,,,,
B9WCT0,B9WCT0_CANDC,1.0,,,,,,1,,,,
B9WBZ4,B9WBZ4_CANDC,1.0,,,,,,1,,,,
B9WBL2,B9WBL2_CANDC,1.0,,,,,,1,,,,
B9WB50,B9WB50_CANDC,1.0,,,,,,1,,,,
B9KN45,B9KN45_RHOSK,1.0,1,,,,,,,,,
B9KNA6,B9KNA6_RHOSK,1.0,,,,,,1,,,,
B9KTM9,B9KTM9_RHOSK,1.0,,,,,,1,,,,
B9KVT4,B9KVT4_RHOSK,1.0,,,,,,1,,,,
B9LB42,B9LB42_CHLSY,1.0,,,,,,1,,,,
B9LGR5,B9LGR5_CHLSY,1.0,,,,,,1,,,,
B9LJR1,B9LJR1_CHLSY,1.0,,,,,,1,,,,
B9LPV6,B9LPV6_HALLT,1.0,,,,,,1,,,,
B9LX45,B9LX45_HALLT,1.0,,,,,,1,,,,
B9M2F1,B9M2F1_GEODF,1.0,,,,,,1,,,,
B9M333,B9M333_GEODF,1.0,,,,,,1,,,,
B9MED5,B9MED5_ACIET,1.0,,,,,,1,,,,
B9MEL1,B9MEL1_ACIET,1.0,,,,,,1,,,,
B9MFW5,B9MFW5_ACIET,1.0,,,,,,1,,,,
B9W9H2,B9W9H2_CANDC,1.0,,,,,,1,,,,
C0QU89,C0QU89_PERMH,1.0,,,,,,1,,,,
C0R1I5,C0R1I5_BRAHW,1.0,,,,,,1,,,,
B9KLQ9,B9KLQ9_RHOSK,1.0,,,,,,1,,,,
C1AE73,C1AE73_GEMAT,1.0,,,,,,1,,,,
C0ZWF5,C0ZWF5_RHOE4,1.0,,,,,,1,,,,
C0ZZH0,C0ZZH0_RHOE4,1.0,,,,,,1,,,,
C1A0T2,C1A0T2_RHOE4,1.0,,,,,,1,,,,
C1A1E4,C1A1E4_RHOE4,1.0,,,,,,1,,,,
C1A252,C1A252_RHOE4,1.0,,,,,,1,,,,
C1A5L3,C1A5L3_GEMAT,1.0,,,,,,1,,,,
C1ABM4,C1ABM4_GEMAT,1.0,,,,,,1,,,,
C1AGQ8,C1AGQ8_MYCBT,1.0,,,,,,1,,,,
C0R3X5,C0R3X5_WOLWR,1.0,,,,,,1,,,,
C1AIN2,C1AIN2_MYCBT,1.0,,,,,,1,,,,
C1AJA9,C1AJA9_MYCBT,1.0,1,,,,,,,,,
C1AJH4,C1AJH4_MYCBT,1.0,,,,,,1,,,,
C1AKM7,C1AKM7_MYCBT,1.0,1,,,,,,,,,
C1ALD1,C1ALD1_MYCBT,1.0,1,,,,,,,,,
C1AMQ3,C1AMQ3_MYCBT,1.0,1,,,,,,,,,
C1AN99,C1AN99_MYCBT,1.0,,,,,,1,,,,
C0ZVR5,C0ZVR5_RHOE4,1.0,,,,,,1,,,,
C0ZVR3,C0ZVR3_RHOE4,1.0,,,,,,1,,,,
C0ZVF3,C0ZVF3_RHOE4,1.0,,,,,,1,,,,
C0ZSJ9,C0ZSJ9_RHOE4,1.0,,,,,,1,,,,
C0REZ7,C0REZ7_BRUMB,1.0,,,,,,1,,,,
C0RII5,C0RII5_BRUMB,1.0,,,,,,1,,,,
C0RKU1,C0RKU1_BRUMB,1.0,,,,,,1,,,,
C0Z8V5,C0Z8V5_BREBN,1.0,,,,,,1,,,,
C0Z937,C0Z937_BREBN,1.0,,,,,,1,,,,
C0ZA01,C0ZA01_BREBN,1.0,,,,,,1,,,,
C0ZCU4,C0ZCU4_BREBN,1.0,,,,,,1,,,,
C0ZEE9,C0ZEE9_BREBN,1.0,,,,,,1,,,,
C0ZIP5,C0ZIP5_BREBN,1.0,1,,,,,,,,,
C0ZJT0,C0ZJT0_BREBN,1.0,1,,,,,,,,,
C0ZLZ4,C0ZLZ4_RHOE4,1.0,,,,,,1,,,,
C0ZN24,C0ZN24_RHOE4,1.0,,,,,,1,,,,
C0ZQW9,C0ZQW9_RHOE4,1.0,,,,,,1,,,,
C0ZS48,C0ZS48_RHOE4,1.0,,,,,,1,,,,
C0ZSF8,C0ZSF8_RHOE4,1.0,,,,,,1,,,,
B9KM62,B9KM62_RHOSK,1.0,,,,,,1,,,,
B9KL33,B9KL33_RHOSK,1.0,,,,,,1,,,,
B8HZ37,B8HZ37_CYAP4,1.0,,,,,,1,,,,
B9DJ73,B9DJ73_STACT,1.0,,,,,,1,,,,
B8JFI5,B8JFI5_ANAD2,1.0,,,,,,1,,,,
B8JFM2,B8JFM2_ANAD2,1.0,,,,,,1,,,,
B8JFV5,B8JFV5_ANAD2,1.0,1,,,,,,,,,
B8JGQ8,B8JGQ8_ANAD2,1.0,,,,,,1,,,,
B8JH58,B8JH58_ANAD2,1.0,,,,,,1,,,,
B8ZMK9,B8ZMK9_STRPJ,1.0,1,,,,,,,,,
B8ZTX3,B8ZTX3_MYCLB,1.0,,,,,,1,,,,
B9DKM2,B9DKM2_STACT,1.0,,,,,,1,,,,
B9FEN2,B9FEN2_ORYSJ,1.0,,,,,,1,,,,
B9DL14,B9DL14_STACT,1.0,1,,,,,,,,,
B9DLN0,B9DLN0_STACT,1.0,1,,,,,,,,,
B9DLP1,B9DLP1_STACT,1.0,,,,,,1,,,,
B9DLR9,B9DLR9_STACT,1.0,1,,,,,,,,,
B9DM58,B9DM58_STACT,1.0,,,,,,1,,,,
B9DS34,B9DS34_STRU0,1.0,,,,,,1,,,,
B9E986,B9E986_MACCJ,1.0,1,,,,,,,,,
B8JFF8,B8JFF8_ANAD2,1.0,1,,,,,,,,,
B8JAQ1,B8JAQ1_ANAD2,1.0,,,,,,1,,,,
B8J0F7,B8J0F7_DESDA,1.0,,,,,,1,,,,
B8IVW4,B8IVW4_METNO,1.0,,,,,,1,,,,
B8IC04,B8IC04_METNO,1.0,,,,,,1,,,,
B8IC40,B8IC40_METNO,1.0,,,,,,1,,,,
B8ICB8,B8ICB8_METNO,1.0,,,,,,1,,,,
B8IGD8,B8IGD8_METNO,1.0,,,,,,1,,,,
B8IGH5,B8IGH5_METNO,1.0,,,,,,1,,,,
B8IGS2,B8IGS2_METNO,1.0,,,,,,1,,,,
B8II62,B8II62_METNO,1.0,,,,,,1,,,,
B8IJV4,B8IJV4_METNO,1.0,,,,,,1,,,,
B8IL69,B8IL69_METNO,1.0,,,,,,1,,,,
B8IM34,B8IM34_METNO,1.0,1,,,,,,,,,
B8IMH9,B8IMH9_METNO,1.0,,,,,,1,,,,
B8INB9,B8INB9_METNO,1.0,,,,,,1,,,,
B8IS40,B8IS40_METNO,1.0,,,,,,1,,,,
B8IT28,B8IT28_METNO,1.0,,,,,,1,,,,
B8IVF5,B8IVF5_METNO,1.0,,,,,,1,,,,
B9FEN1,B9FEN1_ORYSJ,1.0,,,,,,1,,,,
B9G9K3,B9G9K3_ORYSJ,1.0,,,,,,1,,,,
B9KJ86,B9KJ86_ANAMF,1.0,,,,,,1,,,,
B9JKD9,B9JKD9_AGRRK,1.0,,,,,,1,,,,
B9J9X5,B9J9X5_AGRRK,1.0,,,,,,1,,,,
B9JBA9,B9JBA9_AGRRK,1.0,,,,,,1,,,,
B9JC22,B9JC22_AGRRK,1.0,,,,,,1,,,,
B9JF70,B9JF70_AGRRK,1.0,,,,,,1,,,,
B9JGB1,B9JGB1_AGRRK,1.0,,,,,,1,,,,
B9JHT6,B9JHT6_AGRRK,1.0,,,,,,1,,,,
B9JJ27,B9JJ27_AGRRK,1.0,,,,,,1,,,,
B9JLS5,B9JLS5_AGRRK,1.0,,,,,,1,,,,
B9GBC9,B9GBC9_ORYSJ,1.0,,,,,,1,,,,
B9JLX3,B9JLX3_AGRRK,1.0,,,,,,1,,,,
B9JTA9,B9JTA9_AGRVS,1.0,,,,,,1,,,,
B9JW22,B9JW22_AGRVS,1.0,,,,,,1,,,,
B9JZZ8,B9JZZ8_AGRVS,1.0,,,,,,1,,,,
B9K1D7,B9K1D7_AGRVS,1.0,1,,,,,,,,,
B9K2N4,B9K2N4_AGRVS,1.0,,,,,,1,,,,
B9K584,B9K584_AGRVS,1.0,,,,,,1,,,,
B9J7J9,B9J7J9_AGRRK,1.0,,,,,,1,,,,
B9J7J0,B9J7J0_AGRRK,1.0,,,,,,1,,,,
B9J535,B9J535_BACCQ,1.0,1,,,,,,,,,
B9J204,B9J204_BACCQ,1.0,,,,,,1,,,,
B9GGE2,B9GGE2_POPTR,1.0,,,,,,1,,,,
B9GIJ9,B9GIJ9_POPTR,1.0,,,,,,1,,,,
B9GJI3,B9GJI3_POPTR,1.0,,,,,,1,,,,
B9H236,B9H236_POPTR,1.0,,,,,,1,,,,
B9IGS6,B9IGS6_POPTR,1.0,,,,,,1,,,,
B9IR28,B9IR28_BACCQ,1.0,,,,,,1,,,,
B9ISE8,B9ISE8_BACCQ,1.0,,,,,,1,,,,
B9ISJ2,B9ISJ2_BACCQ,1.0,1,,,,,,,,,
B9ISP9,B9ISP9_BACCQ,1.0,,,,,,1,,,,
B9ITJ4,B9ITJ4_BACCQ,1.0,,,,,,1,,,,
B9ITM2,B9ITM2_BACCQ,1.0,,,,,,1,,,,
B9ITN7,B9ITN7_BACCQ,1.0,,,,,,1,,,,
B9IWB4,B9IWB4_BACCQ,1.0,1,,,,,,,,,
B9IYP9,B9IYP9_BACCQ,1.0,,,,,,1,,,,
B9J0G8,B9J0G8_BACCQ,1.0,,,,,,1,,,,
B0V578,B0V578_ACIBY,1.0,1,,,,,,,,,
B0UBQ2,B0UBQ2_METS4,1.0,,,,,,1,,,,
B0V422,B0V422_ACIBY,1.0,,,,,,1,,,,
A3M1U7,A3M1U7_ACIBT,1.0,,,,,,1,,,,
A3CNC5,A3CNC5_STRSV,1.0,,,,,,1,,,,
A3CZ71,A3CZ71_SHEB5,1.0,,,,,,1,,,,
A3D8Z2,A3D8Z2_SHEB5,1.0,,,,,,1,,,,
A3D9I9,A3D9I9_SHEB5,1.0,,,,,,1,,,,
A3GGB1,A3GGB1_PICST,1.0,1,,,,,,,,,
A3LS87,A3LS87_PICST,1.0,1,,,,,,,,,
A3LTU5,A3LTU5_PICST,1.0,1,,,,,,,,,
A3M5V3,A3M5V3_ACIBT,1.0,1,,,,,,,,,
A2ZXX0,A2ZXX0_ORYSJ,1.0,,,,,,1,,,,
A3M8D4,A3M8D4_ACIBT,1.0,,,,,,1,,,,
A3M9T8,A3M9T8_ACIBT,1.0,,,,,,1,,,,
A3MD07,A3MD07_BURM7,1.0,1,,,,,,,,,
A3MGI2,A3MGI2_BURM7,1.0,,,,,,1,,,,
A3MGN8,A3MGN8_BURM7,1.0,1,,,,,,,,,
A3MGW7,A3MGW7_BURM7,1.0,,,,,,1,,,,
A3MI52,A3MI52_BURM7,1.0,,,,,,1,,,,
A3C0D1,A3C0D1_ORYSJ,1.0,,,,,,1,,,,
A2ZH49,A2ZH49_ORYSI,1.0,,,,,,1,,,,
A3MMC2,A3MMC2_BURM7,1.0,,,,,,1,,,,
A2SIT3,A2SIT3_METPP,1.0,,,,,,1,,,,
A2SE72,A2SE72_METPP,1.0,,,,,,1,,,,
A2SE74,A2SE74_METPP,1.0,,,,,,1,,,,
A2SF63,A2SF63_METPP,1.0,,,,,,1,,,,
A2SF74,A2SF74_METPP,1.0,,,,,,1,,,,
A2SFM3,A2SFM3_METPP,1.0,,,,,,1,,,,
A2SFS1,A2SFS1_METPP,1.0,1,,,,,,,,,
A2SH51,A2SH51_METPP,1.0,,,,,,1,,,,
A2SJF3,A2SJF3_METPP,1.0,1,,,,,,,,,
A2Z2U1,A2Z2U1_ORYSI,1.0,,,,,,1,,,,
A2SJR7,A2SJR7_METPP,1.0,1,,,,,,,,,
A2SKB3,A2SKB3_METPP,1.0,,,,,,1,,,,
A2SMH0,A2SMH0_METPP,1.0,1,,,,,,,,,
A2XSG0,A2XSG0_ORYSI,1.0,,,,,,1,,,,
A2Y334,A2Y334_ORYSI,1.0,,,,,,1,,,,
A2YUR3,A2YUR3_ORYSI,1.0,,,,,,1,,,,
A2Z2T5,A2Z2T5_ORYSI,1.0,,,,,,1,,,,
A3MI98,A3MI98_BURM7,1.0,,,,,,1,,,,
A3MPZ0,A3MPZ0_BURM7,1.0,,,,,,1,,,,
A2S9S0,A2S9S0_BURM9,1.0,,,,,,1,,,,
A3PP61,A3PP61_RHOS1,1.0,,,,,,1,,,,
A3P9W8,A3P9W8_BURP0,1.0,,,,,,1,,,,
A3PFT6,A3PFT6_RHOS1,1.0,,,,,,1,,,,
A3PH39,A3PH39_RHOS1,1.0,,,,,,1,,,,
A3PM01,A3PM01_RHOS1,1.0,,,,,,1,,,,
A3PMA7,A3PMA7_RHOS1,1.0,,,,,,1,,,,
A3PMW4,A3PMW4_RHOS1,1.0,1,,,,,,,,,
A3PN06,A3PN06_RHOS1,1.0,,,,,,1,,,,
A3PQV6,A3PQV6_RHOS1,1.0,,,,,,1,,,,
A3P4I5,A3P4I5_BURP0,1.0,1,,,,,,,,,
A3PSL8,A3PSL8_MYCSJ,1.0,,,,,,1,,,,
A3PTD0,A3PTD0_MYCSJ,1.0,1,,,,,,,,,
A3PVQ9,A3PVQ9_MYCSJ,1.0,,,,,,1,,,,
A3PWP5,A3PWP5_MYCSJ,1.0,,,,,,1,,,,
A3PWT8,A3PWT8_MYCSJ,1.0,,,,,,1,,,,
A3PZ49,A3PZ49_MYCSJ,1.0,,,,,,1,,,,
A3PZC2,A3PZC2_MYCSJ,1.0,,,,,,1,,,,
A3P9N9,A3P9N9_BURP0,1.0,1,,,,,,,,,
A3P2V5,A3P2V5_BURP0,1.0,1,,,,,,,,,
A3MWN3,A3MWN3_PYRCJ,1.0,1,,,,,,,,,
A3NG57,A3NG57_BURP6,1.0,,,,,,1,,,,
A3N538,A3N538_BURP6,1.0,1,,,,,,,,,
A3N578,A3N578_BURP6,1.0,,,,,,1,,,,
A3N7G6,A3N7G6_BURP6,1.0,,,,,,1,,,,
A3N7L4,A3N7L4_BURP6,1.0,,,,,,1,,,,
A3N9V0,A3N9V0_BURP6,1.0,1,,,,,,,,,
A3NCR8,A3NCR8_BURP6,1.0,,,,,,1,,,,
A3NEZ5,A3NEZ5_BURP6,1.0,1,,,,,,,,,
A3NH99,A3NH99_BURP6,1.0,1,,,,,,,,,
A3P1R5,A3P1R5_BURP0,1.0,,,,,,1,,,,
A3NIV9,A3NIV9_BURP6,1.0,1,,,,,,,,,
A3NP69,A3NP69_BURP6,1.0,1,,,,,,,,,
A3NQX8,A3NQX8_BURP0,1.0,,,,,,1,,,,
A3NT53,A3NT53_BURP0,1.0,,,,,,1,,,,
A3NTA3,A3NTA3_BURP0,1.0,,,,,,1,,,,
A3NYI1,A3NYI1_BURP0,1.0,,,,,,1,,,,
A3P0U2,A3P0U2_BURP0,1.0,1,,,,,,,,,
A2SD75,A2SD75_METPP,1.0,1,,,,,,,,,
A2S5Z2,A2S5Z2_BURM9,1.0,,,,,,1,,,,
A3Q7K5,A3Q7K5_MYCSJ,1.0,,,,,,1,,,,
A1UP48,A1UP48_MYCSK,1.0,,,,,,1,,,,
A1UCR3,A1UCR3_MYCSK,1.0,,,,,,1,,,,
A1UD78,A1UD78_MYCSK,1.0,,,,,,1,,,,
A1UDC0,A1UDC0_MYCSK,1.0,,,,,,1,,,,
A1UFI8,A1UFI8_MYCSK,1.0,,,,,,1,,,,
A1UFR1,A1UFR1_MYCSK,1.0,,,,,,1,,,,
A1UJJ5,A1UJJ5_MYCSK,1.0,,,,,,1,,,,
A1UN57,A1UN57_MYCSK,1.0,,,,,,1,,,,
A1USH0,A1USH0_BARBK,1.0,,,,,,1,,,,
A1U660,A1U660_MARHV,1.0,,,,,,1,,,,
A1UVE8,A1UVE8_BURMS,1.0,1,,,,,,,,,
A1UX31,A1UX31_BURMS,1.0,,,,,,1,,,,
A1UX87,A1UX87_BURMS,1.0,1,,,,,,,,,
A1UXG1,A1UXG1_BURMS,1.0,,,,,,1,,,,
A1V013,A1V013_BURMS,1.0,,,,,,1,,,,
A1V1Z1,A1V1Z1_BURMS,1.0,,,,,,1,,,,
A1V2G7,A1V2G7_BURMS,1.0,,,,,,1,,,,
A1U912,A1U912_MYCSK,1.0,,,,,,1,,,,
A1U4G6,A1U4G6_MARHV,1.0,,,,,,1,,,,
A1VA08,A1VA08_DESVV,1.0,1,,,,,,,,,
A1TLL3,A1TLL3_ACIAC,1.0,,,,,,1,,,,
A1T685,A1T685_MYCVP,1.0,,,,,,1,,,,
A1T6C3,A1T6C3_MYCVP,1.0,,,,,,1,,,,
A1T8N1,A1T8N1_MYCVP,1.0,,,,,,1,,,,
A1TCS9,A1TCS9_MYCVP,1.0,,,,,,1,,,,
A1TGT0,A1TGT0_MYCVP,1.0,,,,,,1,,,,
A1TH73,A1TH73_MYCVP,1.0,,,,,,1,,,,
A1TI89,A1TI89_ACIAC,1.0,1,,,,,,,,,
A1TM16,A1TM16_ACIAC,1.0,,,,,,1,,,,
A1U2K2,A1U2K2_MARHV,1.0,,,,,,1,,,,
A1TRW4,A1TRW4_ACIAC,1.0,1,,,,,,,,,
A1TST7,A1TST7_ACIAC,1.0,,,,,,1,,,,
A1TVK6,A1TVK6_ACIAC,1.0,,,,,,1,,,,
A1TVN5,A1TVN5_ACIAC,1.0,1,,,,,,,,,
A1TWV5,A1TWV5_MARHV,1.0,1,,,,,,,,,
A1TXZ2,A1TXZ2_MARHV,1.0,,,,,,1,,,,
A1U163,A1U163_MARHV,1.0,1,,,,,,,,,
A1V2L3,A1V2L3_BURMS,1.0,,,,,,1,,,,
A1VAW0,A1VAW0_DESVV,1.0,,,,,,1,,,,
A2S4A8,A2S4A8_BURM9,1.0,,,,,,1,,,,
A2RK05,A2RK05_LACLM,1.0,1,,,,,,,,,
A2RH39,A2RH39_BACAM,1.0,1,,,,,,,,,
A2RHF7,A2RHF7_LACLM,1.0,1,,,,,,,,,
A2RHR4,A2RHR4_LACLM,1.0,1,,,,,,,,,
A2RHW3,A2RHW3_LACLM,1.0,,,,,,1,,,,
A2RIR6,A2RIR6_LACLM,1.0,1,,,,,,,,,
A2RJT7,A2RJT7_LACLM,1.0,1,,,,,,,,,
A2RJV5,A2RJV5_LACLM,1.0,1,,,,,,,,,
A2RK13,A2RK13_LACLM,1.0,1,,,,,,,,,
A2REM9,A2REM9_STRPG,1.0,1,,,,,,,,,
A2RME4,A2RME4_LACLM,1.0,1,,,,,,,,,
A2RMU5,A2RMU5_LACLM,1.0,1,,,,,,,,,
A2RXL6,A2RXL6_BURM9,1.0,1,,,,,,,,,
A2RZA3,A2RZA3_BURM9,1.0,,,,,,1,,,,
A2RZG0,A2RZG0_BURM9,1.0,1,,,,,,,,,
A2RZN2,A2RZN2_BURM9,1.0,,,,,,1,,,,
A2S462,A2S462_BURM9,1.0,,,,,,1,,,,
A2RFZ0,A2RFZ0_STRPG,1.0,1,,,,,,,,,
A2E8N7,A2E8N7_TRIVA,1.0,1,,,,,,,,,
A1VD76,A1VD76_DESVV,1.0,1,,,,,,,,,
A1W4L9,A1W4L9_ACISJ,1.0,,,,,,1,,,,
A1VLJ7,A1VLJ7_POLNA,1.0,,,,,,1,,,,
A1VLS8,A1VLS8_POLNA,1.0,,,,,,1,,,,
A1VM57,A1VM57_POLNA,1.0,,,,,,1,,,,
A1VP65,A1VP65_POLNA,1.0,,,,,,1,,,,
A1VQF5,A1VQF5_POLNA,1.0,,,,,,1,,,,
A1VSA2,A1VSA2_POLNA,1.0,,,,,,1,,,,
A1VU77,A1VU77_POLNA,1.0,,,,,,1,,,,
A1W566,A1W566_ACISJ,1.0,,,,,,1,,,,
A1WZ46,A1WZ46_HALHL,1.0,,,,,,1,,,,
A1WE27,A1WE27_VEREI,1.0,,,,,,1,,,,
A1WK26,A1WK26_VEREI,1.0,,,,,,1,,,,
A1WKU2,A1WKU2_VEREI,1.0,,,,,,1,,,,
A1WLP7,A1WLP7_VEREI,1.0,,,,,,1,,,,
A1WPG0,A1WPG0_VEREI,1.0,,,,,,1,,,,
A1WPY2,A1WPY2_VEREI,1.0,1,,,,,,,,,
A1WVY7,A1WVY7_HALHL,1.0,,,,,,1,,,,
A3Q2Z8,A3Q2Z8_MYCSJ,1.0,,,,,,1,,,,
A3Q8J6,A3Q8J6_MYCSJ,1.0,,,,,,1,,,,
A1T1A8,A1T1A8_MYCVP,1.0,,,,,,1,,,,
A4WWY1,A4WWY1_RHOS5,1.0,,,,,,1,,,,
A4WF66,A4WF66_ENT38,1.0,,,,,,1,,,,
A4WIB2,A4WIB2_PYRAR,1.0,,,,,,1,,,,
A4WLV0,A4WLV0_PYRAR,1.0,1,,,,,,,,,
A4WQB6,A4WQB6_RHOS5,1.0,,,,,,1,,,,
A4WSW5,A4WSW5_RHOS5,1.0,,,,,,1,,,,
A4WVA9,A4WVA9_RHOS5,1.0,,,,,,1,,,,
A4WWW9,A4WWW9_RHOS5,1.0,1,,,,,,,,,
A4WZA2,A4WZA2_RHOS5,1.0,,,,,,1,,,,
A4WCH2,A4WCH2_ENT38,1.0,1,,,,,,,,,
A4X2P0,A4X2P0_SALTO,1.0,,,,,,1,,,,
A4X3P2,A4X3P2_SALTO,1.0,,,,,,1,,,,
A4X436,A4X436_SALTO,1.0,,,,,,1,,,,
A4X5N2,A4X5N2_SALTO,1.0,,,,,,1,,,,
A4X6L3,A4X6L3_SALTO,1.0,,,,,,1,,,,
A4X874,A4X874_SALTO,1.0,,,,,,1,,,,
A4XA84,A4XA84_SALTO,1.0,,,,,,1,,,,
A4WEE5,A4WEE5_ENT38,1.0,1,,,,,,,,,
A4WB70,A4WB70_ENT38,1.0,,,,,,1,,,,
A4XAU4,A4XAU4_SALTO,1.0,,,,,,1,,,,
A4VLH8,A4VLH8_PSEU5,1.0,,,,,,1,,,,
A4THC7,A4THC7_YERPP,1.0,,,,,,1,,,,
A4TLL6,A4TLL6_YERPP,1.0,,,,,,1,,,,
A4TP71,A4TP71_YERPP,1.0,1,,,,,,,,,
A4TRU1,A4TRU1_YERPP,1.0,,,,,,1,,,,
A4VFI2,A4VFI2_PSEU5,1.0,,,,,,1,,,,
A4VGP9,A4VGP9_PSEU5,1.0,,,,,,1,,,,
A4VJF4,A4VJF4_PSEU5,1.0,,,,,,1,,,,
A4VLP7,A4VLP7_PSEU5,1.0,,,,,,1,,,,
A4WA55,A4WA55_ENT38,1.0,,,,,,1,,,,
A4VNG5,A4VNG5_PSEU5,1.0,,,,,,1,,,,
A4VRU8,A4VRU8_PSEU5,1.0,,,,,,1,,,,
A4VT48,A4VT48_STRSY,1.0,,,,,,1,,,,
A4VZD4,A4VZD4_STRS2,1.0,,,,,,1,,,,
A4W5G4,A4W5G4_ENT38,1.0,,,,,,1,,,,
A4W6A7,A4W6A7_ENT38,1.0,,,,,,1,,,,
A4W7H1,A4W7H1_ENT38,1.0,1,,,,,,,,,
A4XAI9,A4XAI9_SALTO,1.0,,,,,,1,,,,
A4XB26,A4XB26_SALTO,1.0,,,,,,1,,,,
A4TD99,A4TD99_MYCGI,1.0,,,,,,1,,,,
A4YTW8,A4YTW8_BRASO,1.0,1,,,,,,,,,
A4YNY7,A4YNY7_BRASO,1.0,1,,,,,,,,,
A4YPR9,A4YPR9_BRASO,1.0,,,,,,1,,,,
A4YPU8,A4YPU8_BRASO,1.0,1,,,,,,,,,
A4YR27,A4YR27_BRASO,1.0,1,,,,,,,,,
A4YRV0,A4YRV0_BRASO,1.0,,,,,,1,,,,
A4YS34,A4YS34_BRASO,1.0,1,,,,,,,,,
A4YS45,A4YS45_BRASO,1.0,,,,,,1,,,,
A4YUH7,A4YUH7_BRASO,1.0,,,,,,1,,,,
A4YLM1,A4YLM1_BRASO,1.0,1,,,,,,,,,
A4YUQ6,A4YUQ6_BRASO,1.0,1,,,,,,,,,
A4YVH7,A4YVH7_BRASO,1.0,,,,,,1,,,,
A4YW07,A4YW07_BRASO,1.0,1,,,,,,,,,
A4YWU3,A4YWU3_BRASO,1.0,,,,,,1,,,,
A4YXP2,A4YXP2_BRASO,1.0,,,,,,1,,,,
A4YY94,A4YY94_BRASO,1.0,1,,,,,,,,,
A4YYP6,A4YYP6_BRASO,1.0,,,,,,1,,,,
A4YM89,A4YM89_BRASO,1.0,,,,,,1,,,,
A4YJY4,A4YJY4_BRASO,1.0,,,,,,1,,,,
A4XD91,A4XD91_SALTO,1.0,,,,,,1,,,,
A4XVB9,A4XVB9_PSEMY,1.0,,,,,,1,,,,
A4XEF4,A4XEF4_NOVAD,1.0,,,,,,1,,,,
A4XFT1,A4XFT1_CALS8,1.0,1,,,,,,,,,
A4XNB7,A4XNB7_PSEMY,1.0,,,,,,1,,,,
A4XP21,A4XP21_PSEMY,1.0,,,,,,1,,,,
A4XRX1,A4XRX1_PSEMY,1.0,,,,,,1,,,,
A4XSF0,A4XSF0_PSEMY,1.0,,,,,,1,,,,
A4XUC8,A4XUC8_PSEMY,1.0,,,,,,1,,,,
A4XX78,A4XX78_PSEMY,1.0,,,,,,1,,,,
A4YIK6,A4YIK6_METS5,1.0,,,,,,1,,,,
A4XY73,A4XY73_PSEMY,1.0,,,,,,1,,,,
A4XYP4,A4XYP4_PSEMY,1.0,,,,,,1,,,,
A4YAI1,A4YAI1_SHEPC,1.0,,,,,,1,,,,
A4YB13,A4YB13_SHEPC,1.0,,,,,,1,,,,
A4YBA6,A4YBA6_SHEPC,1.0,,,,,,1,,,,
A4YDW3,A4YDW3_METS5,1.0,,,,,,1,,,,
A4YF75,A4YF75_METS5,1.0,,,,,,1,,,,
A4TDD8,A4TDD8_MYCGI,1.0,,,,,,1,,,,
A4TC43,A4TC43_MYCGI,1.0,,,,,,1,,,,
A3QI42,A3QI42_SHELP,1.0,,,,,,1,,,,
A4FQK5,A4FQK5_SACEN,1.0,,,,,,1,,,,
A4FK41,A4FK41_SACEN,1.0,,,,,,1,,,,
A4FK75,A4FK75_SACEN,1.0,,,,,,1,,,,
A4FKQ2,A4FKQ2_SACEN,1.0,,,,,,1,,,,
A4FLB2,A4FLB2_SACEN,1.0,1,,,,,,,,,
A4FNP8,A4FNP8_SACEN,1.0,1,,,,,,,,,
A4FP32,A4FP32_SACEN,1.0,,,,,,1,,,,
A4FQ13,A4FQ13_SACEN,1.0,1,,,,,,,,,
A4FR19,A4FR19_SACEN,1.0,,,,,,1,,,,
A4FJE3,A4FJE3_SACEN,1.0,1,,,,,,,,,
A4G1E5,A4G1E5_HERAR,1.0,1,,,,,,,,,
A4G227,A4G227_HERAR,1.0,,,,,,1,,,,
A4G2N7,A4G2N7_HERAR,1.0,,,,,,1,,,,
A4G3A4,A4G3A4_HERAR,1.0,1,,,,,,,,,
A4HS24,A4HS24_LEIIN,1.0,,,,,,1,,,,
A4HUG8,A4HUG8_LEIIN,1.0,,,,,,1,,,,
A4HUG9,A4HUG9_LEIIN,1.0,,,,,,1,,,,
A4FJN1,A4FJN1_SACEN,1.0,,,,,,1,,,,
A4FIS4,A4FIS4_SACEN,1.0,,,,,,1,,,,
A4I4G0,A4I4G0_LEIIN,1.0,,,,,,1,,,,
A4FCW1,A4FCW1_SACEN,1.0,,,,,,1,,,,
A3QIZ0,A3QIZ0_SHELP,1.0,,,,,,1,,,,
A4F681,A4F681_SACEN,1.0,,,,,,1,,,,
A4F7Y1,A4F7Y1_SACEN,1.0,1,,,,,,,,,
A4F8Y2,A4F8Y2_SACEN,1.0,1,,,,,,,,,
A4F988,A4F988_SACEN,1.0,,,,,,1,,,,
A4FAZ1,A4FAZ1_SACEN,1.0,,,,,,1,,,,
A4FBP5,A4FBP5_SACEN,1.0,,,,,,1,,,,
A4FCX7,A4FCX7_SACEN,1.0,1,,,,,,,,,
A4FIJ5,A4FIJ5_SACEN,1.0,1,,,,,,,,,
A4FDJ7,A4FDJ7_SACEN,1.0,,,,,,1,,,,
A4FF12,A4FF12_SACEN,1.0,1,,,,,,,,,
A4FG31,A4FG31_SACEN,1.0,,,,,,1,,,,
A4FH80,A4FH80_SACEN,1.0,,,,,,1,,,,
A4FHR7,A4FHR7_SACEN,1.0,1,,,,,,,,,
A4FHZ6,A4FHZ6_SACEN,1.0,1,,,,,,,,,
A4FI68,A4FI68_SACEN,1.0,,,,,,1,,,,
A4I0D8,A4I0D8_LEIIN,1.0,,,,,,1,,,,
A4ILP6,A4ILP6_GEOTN,1.0,1,,,,,,,,,
A4T943,A4T943_MYCGI,1.0,,,,,,1,,,,
A4SRE9,A4SRE9_AERS4,1.0,1,,,,,,,,,
A4RX70,A4RX70_OSTLU,1.0,,,,,,1,,,,
A4RY49,A4RY49_OSTLU,1.0,,,,,,1,,,,
A4RZY1,A4RZY1_OSTLU,1.0,,,,,,1,,,,
A4S8V8,A4S8V8_OSTLU,1.0,,,,,,1,,,,
A4SJ04,A4SJ04_AERS4,1.0,,,,,,1,,,,
A4SJL8,A4SJL8_AERS4,1.0,,,,,,1,,,,
A4SLW7,A4SLW7_AERS4,1.0,1,,,,,,,,,
A4SUS0,A4SUS0_POLSQ,1.0,1,,,,,,,,,
A4RU17,A4RU17_OSTLU,1.0,,,,,,1,,,,
A4SXQ6,A4SXQ6_POLSQ,1.0,,,,,,1,,,,
A4SZ26,A4SZ26_POLSQ,1.0,,,,,,1,,,,
A4T0D1,A4T0D1_POLSQ,1.0,,,,,,1,,,,
A4T527,A4T527_MYCGI,1.0,,,,,,1,,,,
A4T6B9,A4T6B9_MYCGI,1.0,,,,,,1,,,,
A4T6X3,A4T6X3_MYCGI,1.0,1,,,,,,,,,
A4T875,A4T875_MYCGI,1.0,,,,,,1,,,,
A4RVJ1,A4RVJ1_OSTLU,1.0,,,,,,1,,,,
A4QIC2,A4QIC2_CORGB,1.0,,,,,,1,,,,
A4ILP9,A4ILP9_GEOTN,1.0,1,,,,,,,,,
A4JGH1,A4JGH1_BURVG,1.0,,,,,,1,,,,
A4ILS0,A4ILS0_GEOTN,1.0,,,,,,1,,,,
A4IMV3,A4IMV3_GEOTN,1.0,,,,,,1,,,,
A4ING4,A4ING4_GEOTN,1.0,1,,,,,,,,,
A4IWB0,A4IWB0_FRATW,1.0,1,,,,,,,,,
A4IXN3,A4IXN3_FRATW,1.0,1,,,,,,,,,
A4JEK8,A4JEK8_BURVG,1.0,,,,,,1,,,,
A4JGD3,A4JGD3_BURVG,1.0,,,,,,1,,,,
A4JL54,A4JL54_BURVG,1.0,,,,,,1,,,,
A4QIC1,A4QIC1_CORGB,1.0,,,,,,1,,,,
A4JNP3,A4JNP3_BURVG,1.0,,,,,,1,,,,
A4JPE1,A4JPE1_BURVG,1.0,,,,,,1,,,,
A4QAJ9,A4QAJ9_CORGB,1.0,,,,,,1,,,,
A4QEE8,A4QEE8_CORGB,1.0,,,,,,1,,,,
A4QFJ8,A4QFJ8_CORGB,1.0,1,,,,,,,,,
A4QGT8,A4QGT8_CORGB,1.0,,,,,,1,,,,
A4QI46,A4QI46_CORGB,1.0,,,,,,1,,,,
A1T3N2,A1T3N2_MYCVP,1.0,1,,,,,,,,,
A1T0G0,A1T0G0_PSYIN,1.0,,,,,,1,,,,
A4YZ03,A4YZ03_BRASO,1.0,1,,,,,,,,,
A0QC85,A0QC85_MYCA1,1.0,1,,,,,,,,,
A0QAF3,A0QAF3_MYCA1,1.0,1,,,,,,,,,
A0QAF4,A0QAF4_MYCA1,1.0,1,,,,,,,,,
A0QAG5,A0QAG5_MYCA1,1.0,1,,,,,,,,,
A0QAH2,A0QAH2_MYCA1,1.0,1,,,,,,,,,
A0QAU5,A0QAU5_MYCA1,1.0,1,,,,,,,,,
A0QBM8,A0QBM8_MYCA1,1.0,1,,,,,,,,,
A0QBN3,A0QBN3_MYCA1,1.0,1,,,,,,,,,
A0QCJ0,A0QCJ0_MYCA1,1.0,1,,,,,,,,,
A0QA26,A0QA26_MYCA1,1.0,1,,,,,,,,,
A0QDN3,A0QDN3_MYCA1,1.0,1,,,,,,,,,
A0QF89,A0QF89_MYCA1,1.0,1,,,,,,,,,
A0QGK2,A0QGK2_MYCA1,1.0,1,,,,,,,,,
A0QGL2,A0QGL2_MYCA1,1.0,1,,,,,,,,,
A0QGL3,A0QGL3_MYCA1,1.0,1,,,,,,,,,
A0QHM1,A0QHM1_MYCA1,1.0,1,,,,,,,,,
A0QHW9,A0QHW9_MYCA1,1.0,,,,,,1,,,,
A0QA79,A0QA79_MYCA1,1.0,1,,,,,,,,,
A0Q9K9,A0Q9K9_MYCA1,1.0,,,,,,1,,,,
A0QIU4,A0QIU4_MYCA1,1.0,1,,,,,,,,,
A0PR22,A0PR22_MYCUA,1.0,,,,,,1,,,,
A0M732,A0M732_GRAFK,1.0,1,,,,,,,,,
A0M733,A0M733_GRAFK,1.0,1,,,,,,,,,
A0PKJ4,A0PKJ4_MYCUA,1.0,,,,,,1,,,,
A0PKK4,A0PKK4_MYCUA,1.0,1,,,,,,,,,
A0PPQ2,A0PPQ2_MYCUA,1.0,,,,,,1,,,,
A0PQI7,A0PQI7_MYCUA,1.0,,,,,,1,,,,
A0PR21,A0PR21_MYCUA,1.0,,,,,,1,,,,
A0PRX5,A0PRX5_MYCUA,1.0,,,,,,1,,,,
A0Q9E6,A0Q9E6_MYCA1,1.0,,,,,,1,,,,
A0PS86,A0PS86_MYCUA,1.0,,,,,,1,,,,
A0PVL6,A0PVL6_MYCUA,1.0,,,,,,1,,,,
A0PWF9,A0PWF9_MYCUA,1.0,,,,,,1,,,,
A0Q620,A0Q620_FRATN,1.0,1,,,,,,,,,
A0Q6I0,A0Q6I0_FRATN,1.0,1,,,,,,,,,
A0Q835,A0Q835_FRATN,1.0,1,,,,,,,,,
A0Q8P6,A0Q8P6_FRATN,1.0,,,,,,1,,,,
A0QID8,A0QID8_MYCA1,1.0,1,,,,,,,,,
A0QJJ0,A0QJJ0_MYCA1,1.0,1,,,,,,,,,
A0M6M9,A0M6M9_GRAFK,1.0,1,,,,,,,,,
A0R4A3,A0R4A3_MYCS2,1.0,,,,,,1,,,,
A0QZL1,A0QZL1_MYCS2,1.0,,,,,,1,,,,
A0QZL5,A0QZL5_MYCS2,1.0,,,,,,1,,,,
A0QZT8,A0QZT8_MYCS2,1.0,,,,,,1,,,,
A0R0L0,A0R0L0_MYCS2,1.0,,,,,,1,,,,
A0R0N0,A0R0N0_MYCS2,1.0,,,,,,1,,,,
A0R1P6,A0R1P6_MYCS2,1.0,,,,,,1,,,,
A0R2M2,A0R2M2_MYCS2,1.0,,,,,,1,,,,
A0R4B9,A0R4B9_MYCS2,1.0,,,,,,1,,,,
A0QZH5,A0QZH5_MYCS2,1.0,,,,,,1,,,,
A0R5Y8,A0R5Y8_MYCS2,1.0,,,,,,1,,,,
A0R717,A0R717_MYCS2,1.0,,,,,,1,,,,
A0R8P4,A0R8P4_BACAH,1.0,,,,,,1,,,,
A0RA50,A0RA50_BACAH,1.0,,,,,,1,,,,
A0RAM4,A0RAM4_BACAH,1.0,,,,,,1,,,,
A0RC54,A0RC54_BACAH,1.0,1,,,,,,,,,
A0RDA3,A0RDA3_BACAH,1.0,,,,,,1,,,,
A0QZI0,A0QZI0_MYCS2,1.0,,,,,,1,,,,
A0QXS6,A0QXS6_MYCS2,1.0,,,,,,1,,,,
A0QJT6,A0QJT6_MYCA1,1.0,,,,,,1,,,,
A0QMW4,A0QMW4_MYCA1,1.0,1,,,,,,,,,
A0QK85,A0QK85_MYCA1,1.0,1,,,,,,,,,
A0QL33,A0QL33_MYCA1,1.0,1,,,,,,,,,
A0QLD5,A0QLD5_MYCA1,1.0,1,,,,,,,,,
A0QLD8,A0QLD8_MYCA1,1.0,1,,,,,,,,,
A0QLK7,A0QLK7_MYCA1,1.0,1,,,,,,,,,
A0QMU3,A0QMU3_MYCA1,1.0,1,,,,,,,,,
A0QMU4,A0QMU4_MYCA1,1.0,1,,,,,,,,,
A0QN24,A0QN24_MYCA1,1.0,,,,,,1,,,,
A0QXH8,A0QXH8_MYCS2,1.0,,,,,,1,,,,
A0QN79,A0QN79_MYCA1,1.0,1,,,,,,,,,
A0QNM5,A0QNM5_MYCS2,1.0,,,,,,1,,,,
A0QP79,A0QP79_MYCS2,1.0,,,,,,1,,,,
A0QU07,A0QU07_MYCS2,1.0,,,,,,1,,,,
A0QU52,A0QU52_MYCS2,1.0,,,,,,1,,,,
A0QUC2,A0QUC2_MYCS2,1.0,,,,,,1,,,,
A0QWY3,A0QWY3_MYCS2,1.0,,,,,,1,,,,
A0M6P2,A0M6P2_GRAFK,1.0,1,,,,,,,,,
A0M5R9,A0M5R9_GRAFK,1.0,1,,,,,,,,,
A0RFK5,A0RFK5_BACAH,1.0,1,,,,,,,,,
A0K6G2,A0K6G2_BURCH,1.0,,,,,,1,,,,
A0JM50,A0JM50_XENTR,1.0,,,,,,1,,,,
A0JQZ7,A0JQZ7_ARTS2,1.0,,,,,,1,,,,
A0JSQ8,A0JSQ8_ARTS2,1.0,,,,,,1,,,,
A0JTT9,A0JTT9_ARTS2,1.0,1,,,,,,,,,
A0JV18,A0JV18_ARTS2,1.0,,,,,,1,,,,
A0K417,A0K417_BURCH,1.0,,,,,,1,,,,
A0K663,A0K663_BURCH,1.0,,,,,,1,,,,
A0K6G7,A0K6G7_BURCH,1.0,,,,,,1,,,,
A0B3A8,A0B3A8_BURCH,1.0,,,,,,1,,,,
A0K7Q0,A0K7Q0_BURCH,1.0,,,,,,1,,,,
A0K926,A0K926_BURCH,1.0,,,,,,1,,,,
A0K964,A0K964_BURCH,1.0,,,,,,1,,,,
A0KEP3,A0KEP3_AERHH,1.0,,,,,,1,,,,
A0KG74,A0KG74_AERHH,1.0,,,,,,1,,,,
A0KL65,A0KL65_AERHH,1.0,1,,,,,,,,,
A0KL67,A0KL67_AERHH,1.0,1,,,,,,,,,
A0B4J2,A0B4J2_BURCH,1.0,,,,,,1,,,,
A0B175,A0B175_BURCH,1.0,,,,,,1,,,,
A0KS80,A0KS80_SHESA,1.0,,,,,,1,,,,
A0AG69,A0AG69_LISW6,1.0,,,,,,1,,,,
A0A047RWN2,A0A047RWN2_MYCTO,1.0,1,,,,,,,,,
A0A047RZ51,A0A047RZ51_MYCTO,1.0,1,,,,,,,,,
A0A047S3Y5,A0A047S3Y5_MYCTO,1.0,1,,,,,,,,,
A0A087XDU5,A0A087XDU5_POEFO,1.0,,1,,,,,,,,
A0A0C4DG14,A0A0C4DG14_HUMAN,1.0,,1,,,,,,,,
A0A3E3,A0A3E3_LACS1,1.0,,,,,,1,,,,
A0AES6,A0AES6_LISW6,1.0,1,,,,,,,,,
A0AGC5,A0AGC5_LISW6,1.0,1,,,,,,,,,
A0B153,A0B153_BURCH,1.0,,,,,,1,,,,
A0AGM0,A0AGM0_LISW6,1.0,,,,,,1,,,,
A0AH51,A0AH51_LISW6,1.0,1,,,,,,,,,
A0ALF5,NAMA_LISW6,1.0,1,,,,,,,,,
A0ALR0,A0ALR0_LISW6,1.0,,,,,,1,,,,
A0AY02,A0AY02_BURCH,1.0,,,,,,1,,,,
A0AYA8,A0AYA8_BURCH,1.0,,,,,,1,,,,
A0AZZ9,A0AZZ9_BURCH,1.0,,,,,,1,,,,
A0KNJ0,A0KNJ0_AERHH,1.0,,,,,,1,,,,
A0KZV6,A0KZV6_SHESA,1.0,1,,,,,,,,,
A0M5J4,A0M5J4_GRAFK,1.0,1,,,,,,,,,
A0M242,A0M242_GRAFK,1.0,1,,,,,,,,,
A0M1K3,A0M1K3_GRAFK,1.0,1,,,,,,,,,
A0M1K4,A0M1K4_GRAFK,1.0,1,,,,,,,,,
A0M1M3,A0M1M3_GRAFK,1.0,1,,,,,,,,,
A0M1Q2,A0M1Q2_GRAFK,1.0,,,,,,1,,,,
A0M1U0,A0M1U0_GRAFK,1.0,1,,,,,,,,,
A0M1W5,A0M1W5_GRAFK,1.0,1,,,,,,,,,
A0M1Z7,A0M1Z7_GRAFK,1.0,1,,,,,,,,,
A0M2N1,A0M2N1_GRAFK,1.0,1,,,,,,,,,
A0M0S2,A0M0S2_GRAFK,1.0,1,,,,,,,,,
A0M2Z0,A0M2Z0_GRAFK,1.0,1,,,,,,,,,
A0M2Z4,A0M2Z4_GRAFK,1.0,1,,,,,,,,,
A0M2Z5,A0M2Z5_GRAFK,1.0,1,,,,,,,,,
A0M304,A0M304_GRAFK,1.0,1,,,,,,,,,
A0M3F7,A0M3F7_GRAFK,1.0,1,,,,,,,,,
A0M3M9,A0M3M9_GRAFK,1.0,1,,,,,,,,,
A0M4X9,A0M4X9_GRAFK,1.0,1,,,,,,,,,
A0M117,A0M117_GRAFK,1.0,1,,,,,,,,,
A0M0K0,A0M0K0_GRAFK,1.0,1,,,,,,,,,
A0L184,A0L184_SHESA,1.0,,,,,,1,,,,
A0LY43,A0LY43_GRAFK,1.0,1,,,,,,,,,
A0L538,A0L538_MAGSM,1.0,,,,,,1,,,,
A0LNF3,A0LNF3_SYNFM,1.0,,,,,,1,,,,
A0LR99,A0LR99_ACIC1,1.0,,,,,,1,,,,
A0LSE7,A0LSE7_ACIC1,1.0,,,,,,1,,,,
A0LWR3,A0LWR3_ACIC1,1.0,,,,,,1,,,,
A0LXD4,A0LXD4_GRAFK,1.0,1,,,,,,,,,
A0LXH8,A0LXH8_GRAFK,1.0,1,,,,,,,,,
A0LYB6,A0LYB6_GRAFK,1.0,1,,,,,,,,,
A0M0I9,A0M0I9_GRAFK,1.0,1,,,,,,,,,
A0LYI2,A0LYI2_GRAFK,1.0,1,,,,,,,,,
A0LYI3,A0LYI3_GRAFK,1.0,1,,,,,,,,,
A0LYI6,A0LYI6_GRAFK,1.0,1,,,,,,,,,
A0LZ50,A0LZ50_GRAFK,1.0,1,,,,,,,,,
A0LZZ5,A0LZZ5_GRAFK,1.0,1,,,,,,,,,
A0M053,A0M053_GRAFK,1.0,1,,,,,,,,,
A0M0E3,A0M0E3_GRAFK,1.0,1,,,,,,,,,
A0REN1,A0REN1_BACAH,1.0,,,,,,1,,,,
A0RGM5,A0RGM5_BACAH,1.0,,,,,,1,,,,
A1SW59,A1SW59_PSYIN,1.0,,,,,,1,,,,
A1KMZ1,A1KMZ1_MYCBP,1.0,1,,,,,,,,,
A1KK06,A1KK06_MYCBP,1.0,1,,,,,,,,,
A1KK34,A1KK34_MYCBP,1.0,1,,,,,,,,,
A1KKH2,A1KKH2_MYCBP,1.0,1,,,,,,,,,
A1KKQ6,A1KKQ6_MYCBP,1.0,1,,,,,,,,,
A1KKV6,A1KKV6_MYCBP,1.0,1,,,,,,,,,
A1KKX1,A1KKX1_MYCBP,1.0,1,,,,,,,,,
A1KMN7,A1KMN7_MYCBP,1.0,1,,,,,,,,,
A1KN02,A1KN02_MYCBP,1.0,1,,,,,,,,,
A1KK02,A1KK02_MYCBP,1.0,1,,,,,,,,,
A1KN46,A1KN46_MYCBP,1.0,1,,,,,,,,,
A1KN81,A1KN81_MYCBP,1.0,1,,,,,,,,,
A1KN83,A1KN83_MYCBP,1.0,1,,,,,,,,,
A1KN91,A1KN91_MYCBP,1.0,1,,,,,,,,,
A1KND7,A1KND7_MYCBP,1.0,,,,,,1,,,,
A1KNF8,A1KNF8_MYCBP,1.0,1,,,,,,,,,
A1KNH1,A1KNH1_MYCBP,1.0,1,,,,,,,,,
A1KK04,A1KK04_MYCBP,1.0,1,,,,,,,,,
A1KJS7,A1KJS7_MYCBP,1.0,1,,,,,,,,,
A1KNN3,A1KNN3_MYCBP,1.0,1,,,,,,,,,
A1KIF0,A1KIF0_MYCBP,1.0,1,,,,,,,,,
A1KH87,A1KH87_MYCBP,1.0,1,,,,,,,,,
A1KHI8,A1KHI8_MYCBP,1.0,1,,,,,,,,,
A1KHT0,A1KHT0_MYCBP,1.0,1,,,,,,,,,
A1KHW8,A1KHW8_MYCBP,1.0,1,,,,,,,,,
A1KI33,A1KI33_MYCBP,1.0,1,,,,,,,,,
A1KI46,A1KI46_MYCBP,1.0,1,,,,,,,,,
A1KI47,A1KI47_MYCBP,1.0,1,,,,,,,,,
A1KIM1,A1KIM1_MYCBP,1.0,1,,,,,,,,,
A1KJR8,A1KJR8_MYCBP,1.0,1,,,,,,,,,
A1KIP3,A1KIP3_MYCBP,1.0,,,,,,1,,,,
A1KIQ9,A1KIQ9_MYCBP,1.0,1,,,,,,,,,
A1KJD1,A1KJD1_MYCBP,1.0,1,,,,,,,,,
A1KJE3,A1KJE3_MYCBP,1.0,1,,,,,,,,,
A1KJI5,A1KJI5_MYCBP,1.0,1,,,,,,,,,
A1KJJ6,A1KJJ6_MYCBP,1.0,1,,,,,,,,,
A1KJR7,A1KJR7_MYCBP,1.0,1,,,,,,,,,
A1KNM5,A1KNM5_MYCBP,1.0,1,,,,,,,,,
A1KP45,A1KP45_MYCBP,1.0,1,,,,,,,,,
A1KH77,A1KH77_MYCBP,1.0,1,,,,,,,,,
A1S2Y7,A1S2Y7_SHEAM,1.0,,,,,,1,,,,
A1R3X4,A1R3X4_ARTAT,1.0,,,,,,1,,,,
A1R583,A1R583_ARTAT,1.0,,,,,,1,,,,
A1RBI9,A1RBI9_ARTAT,1.0,1,,,,,,,,,
A1RBM8,A1RBM8_ARTAT,1.0,,,,,,1,,,,
A1RFA9,A1RFA9_SHESW,1.0,,,,,,1,,,,
A1RFU5,A1RFU5_SHESW,1.0,,,,,,1,,,,
A1RSY3,A1RSY3_PYRIL,1.0,1,,,,,,,,,
A1S8Z3,A1S8Z3_SHEAM,1.0,1,,,,,,,,,
A1R329,A1R329_ARTAT,1.0,,,,,,1,,,,
A1SCZ0,A1SCZ0_NOCSJ,1.0,,,,,,1,,,,
A1SD40,A1SD40_NOCSJ,1.0,,,,,,1,,,,
A1SHF6,A1SHF6_NOCSJ,1.0,,,,,,1,,,,
A1SHM2,A1SHM2_NOCSJ,1.0,,,,,,1,,,,
A1SJE2,A1SJE2_NOCSJ,1.0,,,,,,1,,,,
A1SQ72,A1SQ72_NOCSJ,1.0,,,,,,1,,,,
A1STQ9,A1STQ9_PSYIN,1.0,,,,,,1,,,,
A1R3S0,A1R3S0_ARTAT,1.0,1,,,,,,,,,
A1R1E3,A1R1E3_ARTAT,1.0,1,,,,,,,,,
A1KP52,A1KP52_MYCBP,1.0,1,,,,,,,,,
A1KPN4,A1KPN4_MYCBP,1.0,1,,,,,,,,,
A1KP61,A1KP61_MYCBP,1.0,1,,,,,,,,,
A1KP79,A1KP79_MYCBP,1.0,1,,,,,,,,,
A1KPH0,A1KPH0_MYCBP,1.0,1,,,,,,,,,
A1KPK5,A1KPK5_MYCBP,1.0,1,,,,,,,,,
A1KPL5,A1KPL5_MYCBP,1.0,1,,,,,,,,,
A1KPM3,A1KPM3_MYCBP,1.0,1,,,,,,,,,
A1KPN3,A1KPN3_MYCBP,1.0,1,,,,,,,,,
A1KPN8,A1KPN8_MYCBP,1.0,1,,,,,,,,,
A1R110,A1R110_ARTAT,1.0,1,,,,,,,,,
A1KPN9,A1KPN9_MYCBP,1.0,1,,,,,,,,,
A1KQ57,A1KQ57_MYCBP,1.0,1,,,,,,,,,
A1KQ58,A1KQ58_MYCBP,1.0,1,,,,,,,,,
A1KQ59,A1KQ59_MYCBP,1.0,1,,,,,,,,,
A1KQ72,A1KQ72_MYCBP,1.0,1,,,,,,,,,
A1KQ73,A1KQ73_MYCBP,1.0,1,,,,,,,,,
A1L4Y4,A1L4Y4_ARATH,1.0,,,,,,1,,,,
A1KH79,A1KH79_MYCBP,1.0,1,,,,,,,,,
A1KH74,A1KH74_MYCBP,1.0,1,,,,,,,,,
A0RGP6,A0RGP6_BACAH,1.0,,,,,,1,,,,
A1B4B7,A1B4B7_PARDP,1.0,,,,,,1,,,,
A1AR51,A1AR51_PELPD,1.0,,,,,,1,,,,
A1ASL6,A1ASL6_PELPD,1.0,,,,,,1,,,,
A1AX87,A1AX87_RUTMC,1.0,1,,,,,,,,,
A1AYR1,A1AYR1_PARDP,1.0,,,,,,1,,,,
A1B121,A1B121_PARDP,1.0,,,,,,1,,,,
A1B148,A1B148_PARDP,1.0,1,,,,,,,,,
A1B1U6,A1B1U6_PARDP,1.0,,,,,,1,,,,
A1B6I3,A1B6I3_PARDP,1.0,,,,,,1,,,,
A1AJ29,A1AJ29_ECOK1,1.0,,,,,,1,,,,
A1B8U5,A1B8U5_PARDP,1.0,,,,,,1,,,,
A1BC07,A1BC07_PARDP,1.0,,,,,,1,,,,
A1IR52,A1IR52_NEIMA,1.0,1,,,,,,,,,
A1IRE2,A1IRE2_NEIMA,1.0,1,,,,,,,,,
A1JJA7,A1JJA7_YERE8,1.0,,,,,,1,,,,
A1JNF0,A1JNF0_YERE8,1.0,1,,,,,,,,,
A1JRJ6,A1JRJ6_YERE8,1.0,,,,,,1,,,,
A1AN15,A1AN15_PELPD,1.0,,,,,,1,,,,
A1AIM5,A1AIM5_ECOK1,1.0,,,,,,1,,,,
A1JTD3,A1JTD3_YERE8,1.0,,,,,,1,,,,
A0RMB0,A0RMB0_CAMFF,1.0,1,,,,,,,,,
A0RGR7,A0RGR7_BACAH,1.0,,,,,,1,,,,
A0RH34,A0RH34_BACAH,1.0,1,,,,,,,,,
A0RMA1,A0RMA1_CAMFF,1.0,1,,,,,,,,,
A0RMA2,A0RMA2_CAMFF,1.0,1,,,,,,,,,
A0RMA3,A0RMA3_CAMFF,1.0,1,,,,,,,,,
A0RMA4,A0RMA4_CAMFF,1.0,1,,,,,,,,,
A0RMA9,A0RMA9_CAMFF,1.0,1,,,,,,,,,
A0RR99,A0RR99_CAMFF,1.0,1,,,,,,,,,
A1AGE5,A1AGE5_ECOK1,1.0,,,,,,1,,,,
A1A0R2,A1A0R2_BIFAA,1.0,,,,,,1,,,,
A1A3R6,A1A3R6_BIFAA,1.0,1,,,,,,,,,
A1A8G5,A1A8G5_ECOK1,1.0,1,,,,,,,,,
A1ACZ9,A1ACZ9_ECOK1,1.0,1,,,,,,,,,
A1AD30,A1AD30_ECOK1,1.0,1,,,,,,,,,
A1ADU2,A1ADU2_ECOK1,1.0,1,,,,,,,,,
A1AFR6,A1AFR6_ECOK1,1.0,1,,,,,,,,,
A1JRS4,A1JRS4_YERE8,1.0,,,,,,1,,,,
A1K694,A1K694_AZOSB,1.0,1,,,,,,,,,
A1KH29,A1KH29_MYCBP,1.0,1,,,,,,,,,
A1KGG7,A1KGG7_MYCBP,1.0,1,,,,,,,,,
A1KFK6,A1KFK6_MYCBP,1.0,1,,,,,,,,,
A1KFR1,A1KFR1_MYCBP,1.0,1,,,,,,,,,
A1KFV8,A1KFV8_MYCBP,1.0,1,,,,,,,,,
A1KFW6,A1KFW6_MYCBP,1.0,1,,,,,,,,,
A1KG24,A1KG24_MYCBP,1.0,1,,,,,,,,,
A1KG38,A1KG38_MYCBP,1.0,1,,,,,,,,,
A1KGD4,A1KGD4_MYCBP,1.0,1,,,,,,,,,
A1KGG8,A1KGG8_MYCBP,1.0,1,,,,,,,,,
A1KFJ0,A1KFJ0_MYCBP,1.0,1,,,,,,,,,
A1KGH7,A1KGH7_MYCBP,1.0,1,,,,,,,,,
A1KGP8,A1KGP8_MYCBP,1.0,1,,,,,,,,,
A1KGQ2,A1KGQ2_MYCBP,1.0,1,,,,,,,,,
A1KGS8,A1KGS8_MYCBP,1.0,1,,,,,,,,,
A1KGU9,A1KGU9_MYCBP,1.0,1,,,,,,,,,
A1KGX8,A1KGX8_MYCBP,1.0,1,,,,,,,,,
A1KGY3,A1KGY3_MYCBP,1.0,1,,,,,,,,,
A1KFJ1,A1KFJ1_MYCBP,1.0,1,,,,,,,,,
A1KFG0,A1KFG0_MYCBP,1.0,1,,,,,,,,,
A1K6Y3,A1K6Y3_AZOSB,1.0,,,,,,1,,,,
A1KEQ3,A1KEQ3_MYCBP,1.0,1,,,,,,,,,
A1KA03,A1KA03_AZOSB,1.0,,,,,,1,,,,
A1KAE2,A1KAE2_AZOSB,1.0,,,,,,1,,,,
A1KAG9,A1KAG9_AZOSB,1.0,,,,,,1,,,,
A1KAS7,A1KAS7_AZOSB,1.0,,,,,,1,,,,
A1KEL2,A1KEL2_MYCBP,1.0,1,,,,,,,,,
A1KEN1,A1KEN1_MYCBP,1.0,1,,,,,,,,,
A1KEN7,A1KEN7_MYCBP,1.0,1,,,,,,,,,
A1KEQ4,A1KEQ4_MYCBP,1.0,1,,,,,,,,,
A1KFC6,A1KFC6_MYCBP,1.0,1,,,,,,,,,
A1KEQ8,A1KEQ8_MYCBP,1.0,1,,,,,,,,,
A1KER8,A1KER8_MYCBP,1.0,1,,,,,,,,,
A1KEV3,A1KEV3_MYCBP,1.0,1,,,,,,,,,
A1KEW8,A1KEW8_MYCBP,1.0,1,,,,,,,,,
A1KEW9,A1KEW9_MYCBP,1.0,,,,,,1,,,,
A1KEY1,A1KEY1_MYCBP,1.0,1,,,,,,,,,
A1KF66,A1KF66_MYCBP,1.0,1,,,,,,,,,
A4YYU8,A4YYU8_BRASO,1.0,1,,,,,,,,,
A4YZ64,A4YZ64_BRASO,1.0,1,,,,,,,,,
B0V421,B0V421_ACIBY,1.0,1,,,,,,,,,
A9AUU0,A9AUU0_HERA2,1.0,,,,,,1,,,,
A9AJP1,A9AJP1_BURM1,1.0,,,,,,1,,,,
A9AKS1,A9AKS1_BURM1,1.0,,,,,,1,,,,
A9ALT3,A9ALT3_BURM1,1.0,,,,,,1,,,,
A9AQ34,A9AQ34_BURM1,1.0,,,,,,1,,,,
A9AQF4,A9AQF4_BURM1,1.0,,,,,,1,,,,
A9ARY6,A9ARY6_BURM1,1.0,,,,,,1,,,,
A9ARZ1,A9ARZ1_BURM1,1.0,,,,,,1,,,,
A9AUV1,A9AUV1_HERA2,1.0,,,,,,1,,,,
A9AH27,A9AH27_BURM1,1.0,,,,,,1,,,,
A9AWW1,A9AWW1_HERA2,1.0,,,,,,1,,,,
A9B2R7,A9B2R7_HERA2,1.0,,,,,,1,,,,
A9B4I2,A9B4I2_HERA2,1.0,,,,,,1,,,,
A9B4I3,A9B4I3_HERA2,1.0,,,,,,1,,,,
A9B6R0,A9B6R0_HERA2,1.0,,,,,,1,,,,
A9B714,A9B714_HERA2,1.0,,,,,,1,,,,
A9B7L7,A9B7L7_HERA2,1.0,,,,,,1,,,,
A9AJK4,A9AJK4_BURM1,1.0,,,,,,1,,,,
A9AE55,A9AE55_BURM1,1.0,1,,,,,,,,,
A9BNB7,A9BNB7_DELAS,1.0,,,,,,1,,,,
A8YYF3,A8YYF3_STAAT,1.0,,,,,,1,,,,
A8MZ10,A8MZ10_HUMAN,1.0,,1,,,,,,,,
A8WTG2,A8WTG2_CAEBR,1.0,,,,,,1,,,,
A8WTG3,A8WTG3_CAEBR,1.0,,,,,,1,,,,
A8XFT0,A8XFT0_CAEBR,1.0,,,,,,1,,,,
A8XH75,A8XH75_CAEBR,1.0,,,,,,1,,,,
A8XWI1,A8XWI1_CAEBR,1.0,,,,,,1,,,,
A8YVG1,A8YVG1_LACH4,1.0,1,,,,,,,,,
A8Z0Q3,A8Z0Q3_STAAT,1.0,1,,,,,,,,,
A9ACF3,A9ACF3_BURM1,1.0,,,,,,1,,,,
A8Z517,A8Z517_STAAT,1.0,1,,,,,,,,,
A8Z561,A8Z561_STAAT,1.0,,,,,,1,,,,
A8ZMF3,A8ZMF3_ACAM1,1.0,,,,,,1,,,,
A8ZMF7,A8ZMF7_ACAM1,1.0,,,,,,1,,,,
A8ZNW3,A8ZNW3_ACAM1,1.0,,,,,,1,,,,
A9A5Y3,A9A5Y3_NITMS,1.0,,,,,,1,,,,
A9A640,A9A640_NITMS,1.0,,,,,,1,,,,
A9BMW4,A9BMW4_DELAS,1.0,,,,,,1,,,,
A9BNX2,A9BNX2_DELAS,1.0,,,,,,1,,,,
A8MER7,A8MER7_ALKOO,1.0,,,,,,1,,,,
A9GHG0,A9GHG0_SORC5,1.0,,,,,,1,,,,
A9FVZ7,A9FVZ7_SORC5,1.0,,,,,,1,,,,
A9FZB6,A9FZB6_SORC5,1.0,,,,,,1,,,,
A9G0T3,A9G0T3_SORC5,1.0,,,,,,1,,,,
A9G3W5,A9G3W5_SORC5,1.0,,,,,,1,,,,
A9G5G0,A9G5G0_SORC5,1.0,,,,,,1,,,,
A9GD81,A9GD81_SORC5,1.0,,,,,,1,,,,
A9GGZ8,A9GGZ8_SORC5,1.0,,,,,,1,,,,
A9GJH8,A9GJH8_SORC5,1.0,,,,,,1,,,,
A9FCS7,A9FCS7_SORC5,1.0,,,,,,1,,,,
A9GLL5,A9GLL5_SORC5,1.0,,,,,,1,,,,
A9GNQ1,A9GNQ1_SORC5,1.0,,,,,,1,,,,
A9H246,A9H246_GLUDA,1.0,,,,,,1,,,,
A9HE22,A9HE22_GLUDA,1.0,,,,,,1,,,,
A9HNC6,A9HNC6_GLUDA,1.0,,,,,,1,,,,
A9HXI4,A9HXI4_BORPD,1.0,,,,,,1,,,,
A9HXU9,A9HXU9_BORPD,1.0,,,,,,1,,,,
A9FL72,A9FL72_SORC5,1.0,,,,,,1,,,,
A9F264,A9F264_SORC5,1.0,,,,,,1,,,,
A9BPG9,A9BPG9_DELAS,1.0,,,,,,1,,,,
A9CGD0,A9CGD0_AGRT5,1.0,1,,,,,,,,,
A9BPN9,A9BPN9_DELAS,1.0,,,,,,1,,,,
A9BT84,A9BT84_DELAS,1.0,,,,,,1,,,,
A9BUG4,A9BUG4_DELAS,1.0,,,,,,1,,,,
A9BX30,A9BX30_DELAS,1.0,,,,,,1,,,,
A9BX50,A9BX50_DELAS,1.0,,,,,,1,,,,
A9BXH9,A9BXH9_DELAS,1.0,,,,,,1,,,,
A9C222,A9C222_DELAS,1.0,,,,,,1,,,,
A9CH69,A9CH69_AGRT5,1.0,1,,,,,,,,,
A9CLK1,A9CLK1_AGRT5,1.0,,,,,,1,,,,
A9CH95,A9CH95_AGRT5,1.0,,,,,,1,,,,
A9CHN7,A9CHN7_AGRT5,1.0,1,,,,,,,,,
A9CIW1,A9CIW1_AGRT5,1.0,,,,,,1,,,,
A9CJL7,A9CJL7_AGRT5,1.0,,,,,,1,,,,
A9CK55,A9CK55_AGRT5,1.0,1,,,,,,,,,
A9CLD1,A9CLD1_AGRT5,1.0,,,,,,1,,,,
A9CLF7,A9CLF7_AGRT5,1.0,1,,,,,,,,,
A8MRW5,A8MRW5_ARATH,1.0,,,,,,1,,,,
A8MAD0,A8MAD0_CALMQ,1.0,,,,,,1,,,,
A9HYY1,A9HYY1_BORPD,1.0,1,,,,,,,,,
A8GK67,A8GK67_SERP5,1.0,,,,,,1,,,,
A8GAX0,A8GAX0_SERP5,1.0,1,,,,,,,,,
A8GAY7,A8GAY7_SERP5,1.0,,,,,,1,,,,
A8GBL4,A8GBL4_SERP5,1.0,,,,,,1,,,,
A8GEJ1,A8GEJ1_SERP5,1.0,1,,,,,,,,,
A8GF24,A8GF24_SERP5,1.0,,,,,,1,,,,
A8GGB7,A8GGB7_SERP5,1.0,,,,,,1,,,,
A8GGP2,A8GGP2_SERP5,1.0,,,,,,1,,,,
A8GKA4,A8GKA4_SERP5,1.0,,,,,,1,,,,
A8G0K4,A8G0K4_SHESH,1.0,,,,,,1,,,,
A8H9L4,A8H9L4_SHEPA,1.0,,,,,,1,,,,
A8HM32,A8HM32_CHLRE,1.0,,,,,,1,,,,
A8HTD4,A8HTD4_AZOC5,1.0,1,,,,,,,,,
A8HUC2,A8HUC2_AZOC5,1.0,,,,,,1,,,,
A8HV08,A8HV08_AZOC5,1.0,,,,,,1,,,,
A8I0Z0,A8I0Z0_AZOC5,1.0,,,,,,1,,,,
A8I2K0,A8I2K0_AZOC5,1.0,,,,,,1,,,,
A8G9I5,A8G9I5_SERP5,1.0,,,,,,1,,,,
A8FWG2,A8FWG2_SHESH,1.0,,,,,,1,,,,
A8I6H3,A8I6H3_AZOC5,1.0,,,,,,1,,,,
A8ARP6,A8ARP6_CITK8,1.0,,,,,,1,,,,
A8A7F1,A8A7F1_ECOHS,1.0,,,,,,1,,,,
A8ABX1,A8ABX1_IGNH4,1.0,,,,,,1,,,,
A8AE49,A8AE49_CITK8,1.0,1,,,,,,,,,
A8AFW2,A8AFW2_CITK8,1.0,,,,,,1,,,,
A8AJU2,A8AJU2_CITK8,1.0,1,,,,,,,,,
A8AN72,A8AN72_CITK8,1.0,,,,,,1,,,,
A8AQE8,A8AQE8_CITK8,1.0,,,,,,1,,,,
A8AWH4,A8AWH4_STRGC,1.0,1,,,,,,,,,
A8FTP4,A8FTP4_SHESH,1.0,,,,,,1,,,,
A8EQS5,A8EQS5_ARCB4,1.0,,,,,,1,,,,
A8FB50,A8FB50_BACP2,1.0,,,,,,1,,,,
A8FFJ8,A8FFJ8_BACP2,1.0,1,,,,,,,,,
A8FHU8,A8FHU8_BACP2,1.0,1,,,,,,,,,
A8FIP1,A8FIP1_BACP2,1.0,1,,,,,,,,,
A8FJ09,A8FJ09_BACP2,1.0,1,,,,,,,,,
A8FPW1,A8FPW1_SHESH,1.0,,,,,,1,,,,
A8I3A2,A8I3A2_AZOC5,1.0,,,,,,1,,,,
A8IG33,A8IG33_AZOC5,1.0,,,,,,1,,,,
A8M6M8,A8M6M8_SALAI,1.0,,,,,,1,,,,
A8M0G9,A8M0G9_SALAI,1.0,,,,,,1,,,,
A8LES8,A8LES8_FRASN,1.0,,,,,,1,,,,
A8LFT4,A8LFT4_FRASN,1.0,,,,,,1,,,,
A8LJ14,A8LJ14_DINSH,1.0,,,,,,1,,,,
A8LJI3,A8LJI3_DINSH,1.0,,,,,,1,,,,
A8LLI7,A8LLI7_DINSH,1.0,,,,,,1,,,,
A8LRM4,A8LRM4_DINSH,1.0,,,,,,1,,,,
A8LWC2,A8LWC2_SALAI,1.0,,,,,,1,,,,
A8M190,A8M190_SALAI,1.0,,,,,,1,,,,
A8LD67,A8LD67_FRASN,1.0,,,,,,1,,,,
A8M1L3,A8M1L3_SALAI,1.0,,,,,,1,,,,
A8M2E2,A8M2E2_SALAI,1.0,,,,,,1,,,,
A8M2H5,A8M2H5_SALAI,1.0,,,,,,1,,,,
A8M3A1,A8M3A1_SALAI,1.0,,,,,,1,,,,
A8M4M1,A8M4M1_SALAI,1.0,,,,,,1,,,,
A8M571,A8M571_SALAI,1.0,,,,,,1,,,,
A8M5U4,A8M5U4_SALAI,1.0,,,,,,1,,,,
A8LDY7,A8LDY7_FRASN,1.0,,,,,,1,,,,
A8LBR2,A8LBR2_FRASN,1.0,,,,,,1,,,,
A8IIW7,A8IIW7_AZOC5,1.0,,,,,,1,,,,
A8L1M5,A8L1M5_FRASN,1.0,,,,,,1,,,,
A8IM54,A8IM54_AZOC5,1.0,,,,,,1,,,,
A8IMH7,A8IMH7_AZOC5,1.0,,,,,,1,,,,
A8IQ79,A8IQ79_AZOC5,1.0,,,,,,1,,,,
A8J6Y3,A8J6Y3_CHLRE,1.0,,,,,,1,,,,
A8KBA0,A8KBA0_DANRE,1.0,,,,,,1,,,,
A8KY40,A8KY40_FRASN,1.0,,,,,,1,,,,
A8L0H4,A8L0H4_FRASN,1.0,,,,,,1,,,,
A8L3S3,A8L3S3_FRASN,1.0,,,,,,1,,,,
A8LBH8,A8LBH8_FRASN,1.0,,,,,,1,,,,
A8L3Y2,A8L3Y2_FRASN,1.0,,,,,,1,,,,
A8L5L9,A8L5L9_FRASN,1.0,,,,,,1,,,,
A8L5S8,A8L5S8_FRASN,1.0,,,,,,1,,,,
A8LA84,A8LA84_FRASN,1.0,,,,,,1,,,,
A8LA85,A8LA85_FRASN,1.0,,,,,,1,,,,
A8LB97,A8LB97_FRASN,1.0,,,,,,1,,,,
A8LBA1,A8LBA1_FRASN,1.0,,,,,,1,,,,
A9HYD2,A9HYD2_BORPD,1.0,,,,,,1,,,,
A9I6Q1,A9I6Q1_BORPD,1.0,,,,,,1,,,,
A8A4G2,A8A4G2_ECOHS,1.0,1,,,,,,,,,
B0RV87,B0RV87_XANCB,1.0,,,,,,1,,,,
B0RGR1,B0RGR1_CLAMS,1.0,1,,,,,,,,,
B0RHY7,B0RHY7_CLAMS,1.0,,,,,,1,,,,
B0RI15,B0RI15_CLAMS,1.0,,,,,,1,,,,
B0RIS0,B0RIS0_CLAMS,1.0,,,,,,1,,,,
B0RMJ7,B0RMJ7_XANCB,1.0,,,,,,1,,,,
B0RQP7,B0RQP7_XANCB,1.0,,,,,,1,,,,
B0RU42,B0RU42_XANCB,1.0,,,,,,1,,,,
B0RYB2,B0RYB2_XANCB,1.0,1,,,,,,,,,
B0RD29,B0RD29_CLAMS,1.0,,,,,,1,,,,
B0RZ23,B0RZ23_XANCB,1.0,,,,,,1,,,,
B0SA51,B0SA51_LEPBA,1.0,,,,,,1,,,,
B0SD00,B0SD00_LEPBA,1.0,,,,,,1,,,,
B0SGG9,B0SGG9_LEPBA,1.0,,,,,,1,,,,
B0SGH1,B0SGH1_LEPBA,1.0,,,,,,1,,,,
B0SGN7,B0SGN7_LEPBA,1.0,,,,,,1,,,,
B0SHE3,B0SHE3_LEPBA,1.0,,,,,,1,,,,
B0RDD9,B0RDD9_CLAMS,1.0,,,,,,1,,,,
B0RBW1,B0RBW1_CLAMS,1.0,,,,,,1,,,,
B0SKB0,B0SKB0_LEPBP,1.0,,,,,,1,,,,
B0KFH0,B0KFH0_PSEPG,1.0,1,,,,,,,,,
B0CA54,B0CA54_ACAM1,1.0,,,,,,1,,,,
B0CLH7,B0CLH7_BRUSI,1.0,,,,,,1,,,,
B0JHV1,B0JHV1_MICAN,1.0,,,,,,1,,,,
B0JIX6,B0JIX6_MICAN,1.0,,,,,,1,,,,
B0K7X7,B0K7X7_THEP3,1.0,1,,,,,,,,,
B0KF34,B0KF34_PSEPG,1.0,,,,,,1,,,,
B0KFC4,B0KFC4_PSEPG,1.0,,,,,,1,,,,
B0KGG2,B0KGG2_PSEPG,1.0,,,,,,1,,,,
B0RBK8,B0RBK8_CLAMS,1.0,,,,,,1,,,,
B0KIW9,B0KIW9_PSEPG,1.0,,,,,,1,,,,
B0KLF1,B0KLF1_PSEPG,1.0,,,,,,1,,,,
B0KP96,B0KP96_PSEPG,1.0,,,,,,1,,,,
B0KPL0,B0KPL0_PSEPG,1.0,,,,,,1,,,,
B0KTT0,B0KTT0_PSEPG,1.0,,,,,,1,,,,
B0KU51,B0KU51_PSEPG,1.0,,,,,,1,,,,
B0R6F6,B0R6F6_HALS3,1.0,,,,,,1,,,,
B0SIJ3,B0SIJ3_LEPBA,1.0,,,,,,1,,,,
B0SLH8,B0SLH8_LEPBP,1.0,,,,,,1,,,,
B0C5V0,B0C5V0_ACAM1,1.0,,,,,,1,,,,
B0UHB0,B0UHB0_METS4,1.0,,,,,,1,,,,
B0UAE6,B0UAE6_METS4,1.0,,,,,,1,,,,
C6CYI1,C6CYI1_PAESJ,1.0,,,,,,1,,,,
B0UBW5,B0UBW5_METS4,1.0,,,,,,1,,,,
B0UBZ3,B0UBZ3_METS4,1.0,,,,,,1,,,,
B0UDR6,B0UDR6_METS4,1.0,,,,,,1,,,,
B0UFT9,B0UFT9_METS4,1.0,,,,,,1,,,,
B0UGT8,B0UGT8_METS4,1.0,,,,,,1,,,,
B0UN82,B0UN82_METS4,1.0,,,,,,1,,,,
B0U4A2,B0U4A2_XYLFM,1.0,,,,,,1,,,,
B0UPN6,B0UPN6_METS4,1.0,,,,,,1,,,,
B0UQE8,B0UQE8_METS4,1.0,,,,,,1,,,,
B0UVU6,B0UVU6_HISS2,1.0,,,,,,1,,,,
B0UVW3,B0UVW3_HISS2,1.0,,,,,,1,,,,
B0V3Z1,B0V3Z1_ACIBY,1.0,,,,,,1,,,,
B0V418,B0V418_ACIBY,1.0,,,,,,1,,,,
B0V419,B0V419_ACIBY,1.0,,,,,,1,,,,
B0UA51,B0UA51_METS4,1.0,1,,,,,,,,,
B0TPN4,B0TPN4_SHEHH,1.0,,,,,,1,,,,
B0SQ29,B0SQ29_LEPBP,1.0,,,,,,1,,,,
B0T1K3,B0T1K3_CAUSK,1.0,,,,,,1,,,,
B0SQ31,B0SQ31_LEPBP,1.0,,,,,,1,,,,
B0SQA0,B0SQA0_LEPBP,1.0,,,,,,1,,,,
B0SQJ3,B0SQJ3_LEPBP,1.0,,,,,,1,,,,
B0SU61,B0SU61_LEPBP,1.0,,,,,,1,,,,
B0SVK5,B0SVK5_CAUSK,1.0,,,,,,1,,,,
B0SVP5,B0SVP5_CAUSK,1.0,,,,,,1,,,,
B0SX36,B0SX36_CAUSK,1.0,,,,,,1,,,,
B0T466,B0T466_CAUSK,1.0,,,,,,1,,,,
B0T960,B0T960_CAUSK,1.0,,,,,,1,,,,
B0T5L3,B0T5L3_CAUSK,1.0,,,,,,1,,,,
B0T5M7,B0T5M7_CAUSK,1.0,,,,,,1,,,,
B0T5N6,B0T5N6_CAUSK,1.0,,,,,,1,,,,
B0T6D7,B0T6D7_CAUSK,1.0,,,,,,1,,,,
B0T6L7,B0T6L7_CAUSK,1.0,,,,,,1,,,,
B0T876,B0T876_CAUSK,1.0,,,,,,1,,,,
B0T958,B0T958_CAUSK,1.0,,,,,,1,,,,
B0C649,B0C649_ACAM1,1.0,,,,,,1,,,,
B0C3U5,B0C3U5_ACAM1,1.0,,,,,,1,,,,
A9IDN9,A9IDN9_BORPD,1.0,,,,,,1,,,,
A9R1Y1,A9R1Y1_YERPG,1.0,,,,,,1,,,,
A9NG46,A9NG46_ACHLI,1.0,1,,,,,,,,,
A9P8M4,A9P8M4_POPTR,1.0,,,,,,1,,,,
A9PG84,A9PG84_POPTR,1.0,,,,,,1,,,,
A9PIJ1,A9PIJ1_POPTR,1.0,,,,,,1,,,,
A9QPE1,A9QPE1_METI4,1.0,,,,,,1,,,,
A9QZX5,A9QZX5_YERPG,1.0,,,,,,1,,,,
A9R0J9,A9R0J9_YERPG,1.0,,,,,,1,,,,
A9R245,A9R245_YERPG,1.0,1,,,,,,,,,
A9N875,A9N875_SALPB,1.0,,,,,,1,,,,
A9U0T9,A9U0T9_PHYPA,1.0,,,,,,,,,,1
A9UQ76,A9UQ76_MONBE,1.0,,,,,,1,,,,
A9V3I7,A9V3I7_MONBE,1.0,,,,,,1,,,,
A9V805,A9V805_MONBE,1.0,,,,,,1,,,,
A9VFR1,A9VFR1_BACWK,1.0,,,,,,1,,,,
A9VFR3,A9VFR3_BACWK,1.0,,,,,,1,,,,
A9VHI1,A9VHI1_BACWK,1.0,,,,,,1,,,,
A9N952,A9N952_COXBR,1.0,1,,,,,,,,,
A9N1M5,A9N1M5_SALPB,1.0,,,,,,1,,,,
A9VI26,A9VI26_BACWK,1.0,,,,,,1,,,,
A9KX41,A9KX41_SHEB9,1.0,,,,,,1,,,,
A9IGM8,A9IGM8_BORPD,1.0,,,,,,1,,,,
A9IKK8,A9IKK8_BORPD,1.0,,,,,,1,,,,
A9IRS3,A9IRS3_BART1,1.0,1,,,,,,,,,
A9ITD9,A9ITD9_BORPD,1.0,,,,,,1,,,,
A9IV80,A9IV80_BORPD,1.0,,,,,,1,,,,
A9IVE0,A9IVE0_BART1,1.0,,,,,,1,,,,
A9KG54,A9KG54_COXBN,1.0,,,,,,1,,,,
A9L0A7,A9L0A7_SHEB9,1.0,,,,,,1,,,,
A9MNV8,A9MNV8_SALAR,1.0,,,,,,1,,,,
A9L5D9,A9L5D9_SHEB9,1.0,,,,,,1,,,,
A9M448,A9M448_NEIM0,1.0,1,,,,,,,,,
A9M7N3,A9M7N3_BRUC2,1.0,,,,,,1,,,,
A9MAM7,A9MAM7_BRUC2,1.0,,,,,,1,,,,
A9MBL1,A9MBL1_BRUC2,1.0,,,,,,1,,,,
A9MEE0,A9MEE0_BRUC2,1.0,,,,,,1,,,,
A9MGN8,A9MGN8_SALAR,1.0,,,,,,1,,,,
A9VHN3,A9VHN3_BACWK,1.0,,,,,,1,,,,
A9VK67,A9VK67_BACWK,1.0,1,,,,,,,,,
B0C3S7,B0C3S7_ACAM1,1.0,,,,,,1,,,,
A9WU86,A9WU86_RENSM,1.0,,,,,,1,,,,
A9WLL0,A9WLL0_RENSM,1.0,,,,,,1,,,,
A9WMD4,A9WMD4_RENSM,1.0,,,,,,1,,,,
A9WMD5,A9WMD5_RENSM,1.0,,,,,,1,,,,
A9WN45,A9WN45_RENSM,1.0,,,,,,1,,,,
A9WQ80,A9WQ80_RENSM,1.0,,,,,,1,,,,
A9WQ81,A9WQ81_RENSM,1.0,,,,,,1,,,,
A9WRJ9,A9WRJ9_RENSM,1.0,,,,,,1,,,,
A9WWL1,A9WWL1_BRUSI,1.0,,,,,,1,,,,
A9WEU4,A9WEU4_CHLAA,1.0,,,,,,1,,,,
A9WY83,A9WY83_BRUSI,1.0,,,,,,1,,,,
A9WYP0,A9WYP0_BRUSI,1.0,,,,,,1,,,,
B0BNC9,QORL2_RAT,1.0,,,,,,1,,,,
B0BQH8,B0BQH8_ACTPJ,1.0,1,,,,,,,,,
B0BU71,B0BU71_ACTPJ,1.0,1,,,,,,,,,
B0BUG6,B0BUG6_ACTPJ,1.0,1,,,,,,,,,
B0C215,B0C215_ACAM1,1.0,1,,,,,,,,,
A9WG37,A9WG37_CHLAA,1.0,,,,,,1,,,,
A9WE19,A9WE19_CHLAA,1.0,,,,,,1,,,,
A9VLX2,A9VLX2_BACWK,1.0,1,,,,,,,,,
A9VYU2,A9VYU2_METEP,1.0,,,,,,1,,,,
A9VMS0,A9VMS0_BACWK,1.0,,,,,,1,,,,
A9VMU6,A9VMU6_BACWK,1.0,,,,,,1,,,,
A9VNC3,A9VNC3_BACWK,1.0,1,,,,,,,,,
A9VPD4,A9VPD4_BACWK,1.0,,,,,,1,,,,
A9VSU8,A9VSU8_BACWK,1.0,,,,,,1,,,,
A9VW68,A9VW68_METEP,1.0,,,,,,1,,,,
A9VXS7,A9VXS7_METEP,1.0,,,,,,1,,,,
A9VZF6,A9VZF6_METEP,1.0,,,,,,1,,,,
A9W8C5,A9W8C5_METEP,1.0,,,,,,1,,,,
A9W0U9,A9W0U9_METEP,1.0,,,,,,1,,,,
A9W1B0,A9W1B0_METEP,1.0,,,,,,1,,,,
A9W1G7,A9W1G7_METEP,1.0,1,,,,,,,,,
A9W2Y9,A9W2Y9_METEP,1.0,,,,,,1,,,,
A9W3C2,A9W3C2_METEP,1.0,,,,,,1,,,,
A9W3D0,A9W3D0_METEP,1.0,,,,,,1,,,,
A9W5J3,A9W5J3_METEP,1.0,,,,,,1,,,,
A8A562,A8A562_ECOHS,1.0,,,,,,1,,,,
A8A2S3,A8A2S3_ECOHS,1.0,1,,,,,,,,,
A4YZA4,A4YZA4_BRASO,1.0,1,,,,,,,,,
A5W6V1,A5W6V1_PSEP1,1.0,,,,,,1,,,,
A5VWK3,A5VWK3_PSEP1,1.0,,,,,,1,,,,
A5W3V1,A5W3V1_PSEP1,1.0,,,,,,1,,,,
A5W3X8,A5W3X8_PSEP1,1.0,,,,,,1,,,,
A5W3Y4,A5W3Y4_PSEP1,1.0,,,,,,1,,,,
A5W3Z3,A5W3Z3_PSEP1,1.0,,,,,,1,,,,
A5W4D4,A5W4D4_PSEP1,1.0,,,,,,1,,,,
A5W4U9,A5W4U9_PSEP1,1.0,1,,,,,,,,,
A5W7L3,A5W7L3_PSEP1,1.0,,,,,,1,,,,
A5VQ30,A5VQ30_BRUO2,1.0,,,,,,1,,,,
A5W9E4,A5W9E4_PSEP1,1.0,,,,,,1,,,,
A5WAS7,A5WAS7_PSEP1,1.0,,,,,,1,,,,
A5WBD6,A5WBD6_PSYWF,1.0,,,,,,1,,,,
A5WBM4,A5WBM4_PSYWF,1.0,,,,,,1,,,,
A5WE58,A5WE58_PSYWF,1.0,,,,,,1,,,,
A5WID8,A5WID8_MYCTF,1.0,1,,,,,,,,,
A5WIK4,A5WIK4_MYCTF,1.0,,,,,,1,,,,
A5VS91,A5VS91_BRUO2,1.0,,,,,,1,,,,
A5VM35,A5VM35_LACRD,1.0,,,,,,1,,,,
A5WMD6,A5WMD6_MYCTF,1.0,,,,,,1,,,,
A5V2I4,A5V2I4_SPHWW,1.0,,,,,,1,,,,
A5UBT0,A5UBT0_HAEIE,1.0,1,,,,,,,,,
A5UEU4,A5UEU4_HAEIG,1.0,1,,,,,,,,,
A5UTC6,A5UTC6_ROSS1,1.0,,,,,,1,,,,
A5UWK7,A5UWK7_ROSS1,1.0,,,,,,1,,,,
A5UY60,A5UY60_ROSS1,1.0,,,,,,1,,,,
A5UY63,A5UY63_ROSS1,1.0,,,,,,1,,,,
A5UZP6,A5UZP6_ROSS1,1.0,,,,,,1,,,,
A5V321,A5V321_SPHWW,1.0,,,,,,1,,,,
A5VLS9,A5VLS9_LACRD,1.0,1,,,,,,,,,
A5V355,A5V355_SPHWW,1.0,,,,,,1,,,,
A5V6V4,A5V6V4_SPHWW,1.0,,,,,,1,,,,
A5V775,A5V775_SPHWW,1.0,,,,,,1,,,,
A5V7U8,A5V7U8_SPHWW,1.0,,,,,,1,,,,
A5V8N7,A5V8N7_SPHWW,1.0,,,,,,1,,,,
A5VA78,A5VA78_SPHWW,1.0,,,,,,1,,,,
A5VBP3,A5VBP3_SPHWW,1.0,,,,,,1,,,,
A5WJR2,A5WJR2_MYCTF,1.0,1,,,,,,,,,
A5WNN7,A5WNN7_MYCTF,1.0,,,,,,1,,,,
A5U7F7,A5U7F7_MYCTA,1.0,,,,,,1,,,,
A6TNV8,A6TNV8_ALKMQ,1.0,,,,,,1,,,,
A6T8H7,A6T8H7_KLEP7,1.0,,,,,,1,,,,
A6TA35,A6TA35_KLEP7,1.0,,,,,,1,,,,
A6TB90,A6TB90_KLEP7,1.0,,,,,,1,,,,
A6TFS2,A6TFS2_KLEP7,1.0,,,,,,1,,,,
A6TGV9,A6TGV9_KLEP7,1.0,,,,,,1,,,,
A6TI31,A6TI31_KLEP7,1.0,,,,,,1,,,,
A6TL37,A6TL37_ALKMQ,1.0,,,,,,1,,,,
A6TYN4,A6TYN4_STAA2,1.0,1,,,,,,,,,
A6T7W3,A6T7W3_KLEP7,1.0,,,,,,1,,,,
A6U3R6,A6U3R6_STAA2,1.0,,,,,,1,,,,
A6U453,A6U453_STAA2,1.0,1,,,,,,,,,
A6U497,A6U497_STAA2,1.0,,,,,,1,,,,
A6U5D0,A6U5D0_STAA2,1.0,,,,,,1,,,,
A6U6S3,A6U6S3_SINMW,1.0,,,,,,1,,,,
A6U6Z4,A6U6Z4_SINMW,1.0,,,,,,1,,,,
A6U778,A6U778_SINMW,1.0,,,,,,1,,,,
A6T871,A6T871_KLEP7,1.0,,,,,,1,,,,
A6T7S1,A6T7S1_KLEP7,1.0,,,,,,1,,,,
A5WS48,A5WS48_MYCTF,1.0,,,,,,1,,,,
A6QJG9,A6QJG9_STAAE,1.0,1,,,,,,,,,
A5WTZ7,A5WTZ7_MYCTF,1.0,,,,,,1,,,,
A6L379,A6L379_BACV8,1.0,1,,,,,,,,,
A6L6S0,A6L6S0_BACV8,1.0,1,,,,,,,,,
A6LDT6,A6LDT6_PARD8,1.0,1,,,,,,,,,
A6LDZ1,A6LDZ1_PARD8,1.0,1,,,,,,,,,
A6LVM7,A6LVM7_CLOB8,1.0,,,,,,1,,,,
A6QJ30,A6QJ30_STAAE,1.0,,,,,,1,,,,
A6QJL2,A6QJL2_STAAE,1.0,,,,,,1,,,,
A6T5Q1,A6T5Q1_KLEP7,1.0,1,,,,,,,,,
A6SU59,A6SU59_JANMA,1.0,1,,,,,,,,,
A6SUY0,A6SUY0_JANMA,1.0,,,,,,1,,,,
A6SVE4,A6SVE4_JANMA,1.0,,,,,,1,,,,
A6SWJ2,A6SWJ2_JANMA,1.0,,,,,,1,,,,
A6SWK8,A6SWK8_JANMA,1.0,,,,,,1,,,,
A6SYB5,A6SYB5_JANMA,1.0,,,,,,1,,,,
A6SZB3,A6SZB3_JANMA,1.0,,,,,,1,,,,
A5U9A6,A5U9A6_MYCTA,1.0,,,,,,1,,,,
A5U3T1,A5U3T1_MYCTA,1.0,,,,,,1,,,,
A6UA92,A6UA92_SINMW,1.0,,,,,,1,,,,
A5EK65,A5EK65_BRASB,1.0,,,,,,1,,,,
A5EEE1,A5EEE1_BRASB,1.0,,,,,,1,,,,
A5EFR1,A5EFR1_BRASB,1.0,1,,,,,,,,,
A5EGC0,A5EGC0_BRASB,1.0,,,,,,1,,,,
A5EH57,A5EH57_BRASB,1.0,1,,,,,,,,,
A5EIR3,A5EIR3_BRASB,1.0,1,,,,,,,,,
A5EIZ0,A5EIZ0_BRASB,1.0,1,,,,,,,,,
A5EJ63,A5EJ63_BRASB,1.0,,,,,,1,,,,
A5ELJ7,A5ELJ7_BRASB,1.0,,,,,,1,,,,
A5ECZ2,A5ECZ2_BRASB,1.0,1,,,,,,,,,
A5EM56,A5EM56_BRASB,1.0,,,,,,1,,,,
A5EM68,A5EM68_BRASB,1.0,1,,,,,,,,,
A5EME9,A5EME9_BRASB,1.0,,,,,,1,,,,
A5EN67,A5EN67_BRASB,1.0,1,,,,,,,,,
A5ENN4,A5ENN4_BRASB,1.0,,,,,,1,,,,
A5ENT0,A5ENT0_BRASB,1.0,1,,,,,,,,,
A5EP42,A5EP42_BRASB,1.0,1,,,,,,,,,
A5ED51,A5ED51_BRASB,1.0,,,,,,1,,,,
A5ECZ0,A5ECZ0_BRASB,1.0,1,,,,,,,,,
A5EQG3,A5EQG3_BRASB,1.0,1,,,,,,,,,
A5CNG6,A5CNG6_CLAM3,1.0,,,,,,1,,,,
A5AV23,A5AV23_VITVI,1.0,,,,,,1,,,,
A5B4X2,A5B4X2_VITVI,1.0,,,,,,1,,,,
A5B928,A5B928_VITVI,1.0,,,,,,1,,,,
A5BD46,A5BD46_VITVI,1.0,,,,,,1,,,,
A5BYL3,A5BYL3_VITVI,1.0,,,,,,1,,,,
A5CCV9,A5CCV9_ORITB,1.0,,,,,,1,,,,
A5CMF2,A5CMF2_CLAM3,1.0,,,,,,1,,,,
A5CNJ1,A5CNJ1_CLAM3,1.0,,,,,,1,,,,
A5EB58,A5EB58_BRASB,1.0,,,,,,1,,,,
A5CNP1,A5CNP1_CLAM3,1.0,,,,,,1,,,,
A5CR55,A5CR55_CLAM3,1.0,,,,,,1,,,,
A5CS91,A5CS91_CLAM3,1.0,,,,,,1,,,,
A5CSC1,A5CSC1_CLAM3,1.0,,,,,,1,,,,
A5CSU3,A5CSU3_CLAM3,1.0,1,,,,,,,,,
A5CUS5,A5CUS5_CLAM3,1.0,,,,,,1,,,,
A5E8P5,A5E8P5_BRASB,1.0,,,,,,1,,,,
A5EPB0,A5EPB0_BRASB,1.0,1,,,,,,,,,
A5ERN9,A5ERN9_BRASB,1.0,,,,,,1,,,,
A5U2F7,A5U2F7_MYCTA,1.0,,,,,,1,,,,
A5IUX5,A5IUX5_STAA9,1.0,,,,,,1,,,,
A5GDF3,A5GDF3_GEOUR,1.0,,,,,,1,,,,
A5GDX0,A5GDX0_GEOUR,1.0,,,,,,1,,,,
A5GPG7,A5GPG7_SYNPW,1.0,1,,,,,,,,,
A5IAF9,A5IAF9_LEGPC,1.0,1,,,,,,,,,
A5ICN8,A5ICN8_LEGPC,1.0,,,,,,1,,,,
A5IE10,A5IE10_LEGPC,1.0,,,,,,1,,,,
A5IPW2,A5IPW2_STAA9,1.0,1,,,,,,,,,
A5IVB0,A5IVB0_STAA9,1.0,1,,,,,,,,,
A5G6Q1,A5G6Q1_GEOUR,1.0,,,,,,1,,,,
A5IVF1,A5IVF1_STAA9,1.0,,,,,,1,,,,
A5IVV0,A5IVV0_STAA9,1.0,1,,,,,,,,,
A5IWF3,A5IWF3_STAA9,1.0,,,,,,1,,,,
A5MZW1,A5MZW1_CLOK5,1.0,1,,,,,,,,,
A5N4K8,A5N4K8_CLOK5,1.0,1,,,,,,,,,
A5PN39,A5PN39_DANRE,1.0,,,,,,1,,,,
A5TYM4,A5TYM4_MYCTA,1.0,,,,,,1,,,,
A5GD85,A5GD85_GEOUR,1.0,1,,,,,,,,,
A5G2H5,A5G2H5_ACICJ,1.0,,,,,,1,,,,
A5ESC4,A5ESC4_BRASB,1.0,1,,,,,,,,,
A5FFZ8,A5FFZ8_FLAJ1,1.0,,,,,,1,,,,
A5ESS5,A5ESS5_BRASB,1.0,,,,,,1,,,,
A5EW12,A5EW12_DICNV,1.0,,,,,,1,,,,
A5F499,A5F499_VIBC3,1.0,,,,,,1,,,,
A5F9B3,A5F9B3_VIBC3,1.0,,,,,,1,,,,
A5FCR8,A5FCR8_FLAJ1,1.0,,,,,,1,,,,
A5FEQ1,A5FEQ1_FLAJ1,1.0,,,,,,1,,,,
A5FF92,A5FF92_FLAJ1,1.0,,,,,,1,,,,
A5FGJ3,A5FGJ3_FLAJ1,1.0,1,,,,,,,,,
A5G210,A5G210_ACICJ,1.0,1,,,,,,,,,
A5FNA0,A5FNA0_FLAJ1,1.0,,,,,,1,,,,
A5FSU4,A5FSU4_DEHMB,1.0,1,,,,,,,,,
A5FTA7,A5FTA7_ACICJ,1.0,,,,,,1,,,,
A5FVM2,A5FVM2_ACICJ,1.0,,,,,,1,,,,
A5G0D1,A5G0D1_ACICJ,1.0,,,,,,1,,,,
A5G125,A5G125_ACICJ,1.0,,,,,,1,,,,
A5G1D8,A5G1D8_ACICJ,1.0,,,,,,1,,,,
A6U9D5,A6U9D5_SINMW,1.0,,,,,,1,,,,
A6UC14,A6UC14_SINMW,1.0,,,,,,1,,,,
A8A235,A8A235_ECOHS,1.0,1,,,,,,,,,
A7MIG1,A7MIG1_CROS8,1.0,,,,,,1,,,,
A7IM53,A7IM53_XANP2,1.0,,,,,,1,,,,
A7IMQ5,A7IMQ5_XANP2,1.0,,,,,,1,,,,
A7IPL5,A7IPL5_XANP2,1.0,,,,,,1,,,,
A7JXN0,A7JXN0_VIBSE,1.0,,,,,,1,,,,
A7K5X2,A7K5X2_VIBSE,1.0,,,,,,1,,,,
A7K685,A7K685_VIBSE,1.0,,,,,,1,,,,
A7MHN3,A7MHN3_CROS8,1.0,1,,,,,,,,,
A7MJY3,A7MJY3_CROS8,1.0,1,,,,,,,,,
A7IJ05,A7IJ05_XANP2,1.0,,,,,,1,,,,
A7MLH4,A7MLH4_CROS8,1.0,1,,,,,,,,,
A7MM15,A7MM15_CROS8,1.0,1,,,,,,,,,
A7MNQ8,A7MNQ8_CROS8,1.0,,,,,,1,,,,
A7MPN5,A7MPN5_CROS8,1.0,,,,,,1,,,,
A7MZY4,A7MZY4_VIBCB,1.0,,,,,,1,,,,
A7N1D0,A7N1D0_VIBCB,1.0,,,,,,1,,,,
A7N643,A7N643_VIBCB,1.0,,,,,,1,,,,
A7IKN2,A7IKN2_XANP2,1.0,,,,,,1,,,,
A7IG05,A7IG05_XANP2,1.0,,,,,,1,,,,
A7NCY3,A7NCY3_FRATF,1.0,1,,,,,,,,,
A7HVT2,A7HVT2_PARL1,1.0,,,,,,1,,,,
A7HEN8,A7HEN8_ANADF,1.0,,,,,,1,,,,
A7HQ89,A7HQ89_PARL1,1.0,,,,,,1,,,,
A7HR42,A7HR42_PARL1,1.0,,,,,,1,,,,
A7HSK1,A7HSK1_PARL1,1.0,,,,,,1,,,,
A7HSW9,A7HSW9_PARL1,1.0,,,,,,1,,,,
A7HTK7,A7HTK7_PARL1,1.0,,,,,,1,,,,
A7HUX3,A7HUX3_PARL1,1.0,,,,,,1,,,,
A7HVT7,A7HVT7_PARL1,1.0,,,,,,1,,,,
A7IFS4,A7IFS4_XANP2,1.0,,,,,,1,,,,
A7HW31,A7HW31_PARL1,1.0,,,,,,1,,,,
A7ICC1,A7ICC1_XANP2,1.0,,,,,,1,,,,
A7ID35,A7ID35_XANP2,1.0,,,,,,1,,,,
A7IDJ8,A7IDJ8_XANP2,1.0,,,,,,1,,,,
A7IE15,A7IE15_XANP2,1.0,,,,,,1,,,,
A7IEK1,A7IEK1_XANP2,1.0,,,,,,1,,,,
A7IER4,A7IER4_XANP2,1.0,,,,,,1,,,,
A7N6B0,A7N6B0_VIBCB,1.0,1,,,,,,,,,
A7NF67,A7NF67_ROSCS,1.0,,,,,,1,,,,
A7HE28,A7HE28_ANADF,1.0,,,,,,1,,,,
A7ZIQ3,A7ZIQ3_ECO24,1.0,1,,,,,,,,,
A7Z1Q2,A7Z1Q2_BACA2,1.0,,,,,,1,,,,
A7Z1Z2,A7Z1Z2_BACA2,1.0,,,,,,1,,,,
A7Z2C0,A7Z2C0_BACA2,1.0,1,,,,,,,,,
A7Z2F8,A7Z2F8_BACA2,1.0,1,,,,,,,,,
A7Z5E5,A7Z5E5_BACA2,1.0,,,,,,1,,,,
A7ZA39,A7ZA39_BACA2,1.0,1,,,,,,,,,
A7ZAS5,A7ZAS5_BACA2,1.0,1,,,,,,,,,
A7ZNV5,A7ZNV5_ECO24,1.0,1,,,,,,,,,
A7X5Z6,A7X5Z6_STAA1,1.0,,,,,,1,,,,
A7ZNZ6,A7ZNZ6_ECO24,1.0,1,,,,,,,,,
A7ZPM6,A7ZPM6_ECO24,1.0,1,,,,,,,,,
A7ZRP0,A7ZRP0_ECO24,1.0,1,,,,,,,,,
A7ZSE8,A7ZSE8_ECO24,1.0,,,,,,1,,,,
A7ZUS2,A7ZUS2_ECO24,1.0,,,,,,1,,,,
A7ZXF3,A7ZXF3_ECOHS,1.0,1,,,,,,,,,
A8A200,A8A200_ECOHS,1.0,1,,,,,,,,,
A7Z1Q1,A7Z1Q1_BACA2,1.0,,,,,,1,,,,
A7X5T0,A7X5T0_STAA1,1.0,1,,,,,,,,,
A7NID5,A7NID5_ROSCS,1.0,,,,,,1,,,,
A7SQZ0,A7SQZ0_NEMVE,1.0,,,,,,1,,,,
A7NKZ1,A7NKZ1_ROSCS,1.0,,,,,,1,,,,
A7NN60,A7NN60_ROSCS,1.0,,,,,,1,,,,
A7NN63,A7NN63_ROSCS,1.0,,,,,,1,,,,
A7RK30,QORL2_NEMVE,1.0,,,,,,1,,,,
A7RLW5,A7RLW5_NEMVE,1.0,,,,,,1,,,,
A7RMP3,A7RMP3_NEMVE,1.0,,,,,,1,,,,
A7SN66,A7SN66_NEMVE,1.0,,,,,,1,,,,
A7SSL9,A7SSL9_NEMVE,1.0,,,,,,1,,,,
A7X564,A7X564_STAA1,1.0,,,,,,1,,,,
A7T010,A7T010_NEMVE,1.0,,,,,,1,,,,
A7TDU1,A7TDU1_VANPO,1.0,,,,,,1,,,,
A7TEI6,A7TEI6_VANPO,1.0,,,,,,1,,,,
A7TH23,YIM1_VANPO,1.0,,,,,,1,,,,
A7TNB6,A7TNB6_VANPO,1.0,,,,,,1,,,,
A7TSQ4,A7TSQ4_VANPO,1.0,,,,,,1,,,,
A7WY80,A7WY80_STAA1,1.0,1,,,,,,,,,
A7HE73,A7HE73_ANADF,1.0,,,,,,1,,,,
A7HE18,A7HE18_ANADF,1.0,1,,,,,,,,,
A6UC99,A6UC99_SINMW,1.0,,,,,,1,,,,
A6WBR1,A6WBR1_KINRD,1.0,,,,,,1,,,,
A6W6T8,A6W6T8_KINRD,1.0,,,,,,1,,,,
A6W825,A6W825_KINRD,1.0,,,,,,1,,,,
A6W9E8,A6W9E8_KINRD,1.0,,,,,,1,,,,
A6WA51,A6WA51_KINRD,1.0,,,,,,1,,,,
A6WA55,A6WA55_KINRD,1.0,,,,,,1,,,,
A6WA60,A6WA60_KINRD,1.0,,,,,,1,,,,
A6WBI3,A6WBI3_KINRD,1.0,,,,,,1,,,,
A6WBU1,A6WBU1_KINRD,1.0,1,,,,,,,,,
A6W4Q9,A6W4Q9_KINRD,1.0,,,,,,1,,,,
A6WDW3,A6WDW3_KINRD,1.0,,,,,,1,,,,
A6WE38,A6WE38_KINRD,1.0,,,,,,1,,,,
A6WF05,A6WF05_KINRD,1.0,,,,,,1,,,,
A6WGH9,A6WGH9_KINRD,1.0,,,,,,1,,,,
A6WHY4,A6WHY4_SHEB8,1.0,,,,,,1,,,,
A6WJ03,A6WJ03_SHEB8,1.0,,,,,,1,,,,
A6WTD9,A6WTD9_SHEB8,1.0,,,,,,1,,,,
A6W677,A6W677_KINRD,1.0,1,,,,,,,,,
A6W3U3,A6W3U3_MARMS,1.0,,,,,,1,,,,
A6WYL0,A6WYL0_OCHA4,1.0,,,,,,1,,,,
A6UZT1,A6UZT1_PSEA7,1.0,,,,,,1,,,,
A6UFT8,A6UFT8_SINMW,1.0,,,,,,1,,,,
A6UFW2,A6UFW2_SINMW,1.0,,,,,,1,,,,
A6UGU1,A6UGU1_SINMW,1.0,1,,,,,,,,,
A6UKC1,A6UKC1_SINMW,1.0,,,,,,1,,,,
A6ULL4,A6ULL4_SINMW,1.0,,,,,,1,,,,
A6UX85,A6UX85_PSEA7,1.0,,,,,,1,,,,
A6UXI6,A6UXI6_PSEA7,1.0,,,,,,1,,,,
A6V1M6,A6V1M6_PSEA7,1.0,,,,,,1,,,,
A6W3P2,A6W3P2_MARMS,1.0,,,,,,1,,,,
A6V2G5,A6V2G5_PSEA7,1.0,,,,,,1,,,,
A6V4X2,A6V4X2_PSEA7,1.0,,,,,,1,,,,
A6V6Y7,A6V6Y7_PSEA7,1.0,,,,,,1,,,,
A6VAB5,A6VAB5_PSEA7,1.0,,,,,,1,,,,
A6VE08,A6VE08_PSEA7,1.0,,,,,,1,,,,
A6VPJ9,A6VPJ9_ACTSZ,1.0,,,,,,1,,,,
A6VY87,A6VY87_MARMS,1.0,,,,,,1,,,,
A6WY38,A6WY38_OCHA4,1.0,,,,,,1,,,,
A6X1I4,A6X1I4_OCHA4,1.0,,,,,,1,,,,
A7H963,A7H963_ANADF,1.0,,,,,,1,,,,
A7GNL3,A7GNL3_BACCN,1.0,1,,,,,,,,,
A7F361,A7F361_SCLS1,1.0,,,,,,1,,,,
A7F9M8,A7F9M8_SCLS1,1.0,,,,,,1,,,,
A7FDR1,A7FDR1_YERP3,1.0,,,,,,1,,,,
A7FH77,A7FH77_YERP3,1.0,,,,,,1,,,,
A7FL54,A7FL54_YERP3,1.0,1,,,,,,,,,
A7FN92,A7FN92_YERP3,1.0,,,,,,1,,,,
A7GNE9,A7GNE9_BACCN,1.0,1,,,,,,,,,
A7GP60,A7GP60_BACCN,1.0,,,,,,1,,,,
A7F166,A7F166_SCLS1,1.0,,,,,,1,,,,
A7GQ05,A7GQ05_BACCN,1.0,,,,,,1,,,,
A7GWM7,A7GWM7_CAMC5,1.0,1,,,,,,,,,
A7GWN2,A7GWN2_CAMC5,1.0,1,,,,,,,,,
A7GWN3,A7GWN3_CAMC5,1.0,1,,,,,,,,,
A7GWN4,A7GWN4_CAMC5,1.0,1,,,,,,,,,
A7H755,A7H755_ANADF,1.0,,,,,,1,,,,
A7H7K7,A7H7K7_ANADF,1.0,,,,,,1,,,,
A7F1K6,A7F1K6_SCLS1,1.0,,,,,,1,,,,
A7EWR2,A7EWR2_SCLS1,1.0,,,,,,1,,,,
A6X535,A6X535_OCHA4,1.0,,,,,,1,,,,
A7EGY1,A7EGY1_SCLS1,1.0,,,,,,1,,,,
A7E4Q8,A7E4Q8_SCLS1,1.0,,,,,,1,,,,
A7E932,A7E932_SCLS1,1.0,,,,,,1,,,,
A7EBA6,A7EBA6_SCLS1,1.0,,,,,,1,,,,
A7EBL0,A7EBL0_SCLS1,1.0,,,,,,1,,,,
A7EBL5,A7EBL5_SCLS1,1.0,,,,,,1,,,,
A7EEU1,A7EEU1_SCLS1,1.0,,,,,,1,,,,
A7EFN2,A7EFN2_SCLS1,1.0,,,,,,1,,,,
A7EH83,A7EH83_SCLS1,1.0,,,,,,1,,,,
A7EV78,A7EV78_SCLS1,1.0,,,,,,1,,,,
A7EK14,A7EK14_SCLS1,1.0,,,,,,1,,,,
A7EK27,A7EK27_SCLS1,1.0,,,,,,1,,,,
A7ELD5,A7ELD5_SCLS1,1.0,,,,,,1,,,,
A7ESB6,A7ESB6_SCLS1,1.0,,,,,,1,,,,
A7ESM2,A7ESM2_SCLS1,1.0,,,,,,1,,,,
A7ESP3,A7ESP3_SCLS1,1.0,,,,,,1,,,,
A7EUE5,A7EUE5_SCLS1,1.0,,,,,,1,,,,
C6CTD2,C6CTD2_PAESJ,1.0,,,,,,1,,,,
C6UE59,C6UE59_ECOBR,1.0,1,,,,,,,,,
C6D1V4,C6D1V4_PAESJ,1.0,,,,,,1,,,,
Q4L8I9,Q4L8I9_STAHJ,1.0,1,,,,,,,,,
Q4KEF2,Q4KEF2_PSEF5,1.0,,,,,,1,,,,
Q4KGU9,Q4KGU9_PSEF5,1.0,1,,,,,,,,,
Q4KIK8,Q4KIK8_PSEF5,1.0,,,,,,1,,,,
Q4KIS6,Q4KIS6_PSEF5,1.0,,,,,,1,,,,
Q4KKQ5,Q4KKQ5_PSEF5,1.0,,,,,,1,,,,
Q4L378,NFRA_STAHJ,1.0,1,,,,,,,,,
Q4L864,Q4L864_STAHJ,1.0,,,,,,1,,,,
Q4L8N3,Q4L8N3_STAHJ,1.0,,,,,,1,,,,
Q4KE53,Q4KE53_PSEF5,1.0,,,,,,1,,,,
Q4L920,Y546_STAHJ,1.0,1,,,,,,,,,
Q4PDC8,Q4PDC8_USTMA,1.0,,,,,,,,,,1
Q4QJZ7,Q4QJZ7_HAEI8,1.0,1,,,,,,,,,
Q4QKF4,Q4QKF4_HAEI8,1.0,1,,,,,,,,,
Q4REH4,Q4REH4_TETNG,1.0,,,,,,1,,,,
Q4S6S3,Q4S6S3_TETNG,1.0,,,,,,1,,,,
Q4S6S8,Q4S6S8_TETNG,1.0,,,,,,1,,,,
Q4KE80,Q4KE80_PSEF5,1.0,,,,,,1,,,,
Q4KDY5,Q4KDY5_PSEF5,1.0,,,,,,1,,,,
Q4FVK3,Q4FVK3_PSYA2,1.0,,,,,,1,,,,
Q4JTW6,Q4JTW6_CORJK,1.0,1,,,,,,,,,
Q4FVS3,Q4FVS3_PSYA2,1.0,,,,,,1,,,,
Q4J7Y3,Q4J7Y3_SULAC,1.0,1,,,,,,,,,
Q4J883,Q4J883_SULAC,1.0,,,,,,1,,,,
Q4J8Q3,Q4J8Q3_SULAC,1.0,,,,,,1,,,,
Q4J905,Q4J905_SULAC,1.0,,,,,,1,,,,
Q4J9S6,Q4J9S6_SULAC,1.0,1,,,,,,,,,
Q4JSJ2,Q4JSJ2_CORJK,1.0,,,,,,1,,,,
Q4JWR7,Q4JWR7_CORJK,1.0,,,,,,1,,,,
Q4KCX4,Q4KCX4_PSEF5,1.0,,,,,,1,,,,
Q4JY99,Q4JY99_CORJK,1.0,1,,,,,,,,,
Q4K3T4,Q4K3T4_PSEF5,1.0,1,,,,,,,,,
Q4K3Z8,Q4K3Z8_PSEF5,1.0,,,,,,1,,,,
Q4K7G4,Q4K7G4_PSEF5,1.0,1,,,,,,,,,
Q4K8E8,Q4K8E8_PSEF5,1.0,,,,,,1,,,,
Q4KAZ9,Q4KAZ9_PSEF5,1.0,,,,,,1,,,,
Q4KBP6,Q4KBP6_PSEF5,1.0,,,,,,1,,,,
Q4S935,Q4S935_TETNG,1.0,,,,,,1,,,,
Q4SET5,Q4SET5_TETNG,1.0,,,,,,1,,,,
Q4SIB0,Q4SIB0_TETNG,1.0,,,,,,1,,,,
Q4WF98,Q4WF98_ASPFU,1.0,1,,,,,,,,,
Q4WDI3,Q4WDI3_ASPFU,1.0,1,,,,,,,,,
Q4WE02,Q4WE02_ASPFU,1.0,1,,,,,,,,,
Q4WE18,Q4WE18_ASPFU,1.0,1,,,,,,,,,
Q4WEC2,Q4WEC2_ASPFU,1.0,1,,,,,,,,,
Q4WEM5,Q4WEM5_ASPFU,1.0,1,,,,,,,,,
Q4WER4,Q4WER4_ASPFU,1.0,1,,,,,,,,,
Q4WF78,Q4WF78_ASPFU,1.0,1,,,,,,,,,
Q4WFF7,Q4WFF7_ASPFU,1.0,1,,,,,,,,,
Q4SX13,Q4SX13_TETNG,1.0,,,,,,1,,,,
Q4WFI5,Q4WFI5_ASPFU,1.0,1,,,,,,,,,
Q4WFR5,Q4WFR5_ASPFU,1.0,1,,,,,,,,,
Q4WGW1,Q4WGW1_ASPFU,1.0,1,,,,,,,,,
Q4WHS9,Q4WHS9_ASPFU,1.0,1,,,,,,,,,
Q4WIL7,Q4WIL7_ASPFU,1.0,1,,,,,,,,,
Q4WIP1,Q4WIP1_ASPFU,1.0,1,,,,,,,,,
Q4WIY4,Q4WIY4_ASPFU,1.0,1,,,,,,,,,
Q4WDB2,Q4WDB2_ASPFU,1.0,1,,,,,,,,,
Q4WCX6,Q4WCX6_ASPFU,1.0,1,,,,,,,,,
Q4WCC9,Q4WCC9_ASPFU,1.0,1,,,,,,,,,
Q4WAZ0,Q4WAZ0_ASPFU,1.0,1,,,,,,,,,
Q4SZM5,Q4SZM5_TETNG,1.0,,,,,,1,,,,
Q4T918,Q4T918_TETNG,1.0,,,,,,1,,,,
Q4T922,Q4T922_TETNG,1.0,,,,,,1,,,,
Q4U979,Q4U979_THEAN,1.0,1,,,,,,,,,
Q4UNN3,Q4UNN3_XANC8,1.0,,,,,,1,,,,
Q4UNW6,Q4UNW6_XANC8,1.0,,,,,,1,,,,
Q4UQY7,Q4UQY7_XANC8,1.0,,,,,,1,,,,
Q4URH8,Q4URH8_XANC8,1.0,,,,,,1,,,,
Q4URV9,Q4URV9_XANC8,1.0,1,,,,,,,,,
Q4UWX0,Q4UWX0_XANC8,1.0,,,,,,1,,,,
Q4W4Z2,Q4W4Z2_CAEEL,1.0,,,,,,1,,,,
Q4W979,Q4W979_ASPFU,1.0,1,,,,,,,,,
Q4W9C6,Q4W9C6_ASPFU,1.0,1,,,,,,,,,
Q4WAC8,Q4WAC8_ASPFU,1.0,1,,,,,,,,,
Q4WAX4,Q4WAX4_ASPFU,1.0,1,,,,,,,,,
Q4FVS2,Q4FVS2_PSYA2,1.0,,,,,,1,,,,
Q4FUM8,Q4FUM8_PSYA2,1.0,,,,,,1,,,,
Q4WJA7,Q4WJA7_ASPFU,1.0,1,,,,,,,,,
Q478Z0,Q478Z0_DECAR,1.0,1,,,,,,,,,
Q471A7,Q471A7_CUPPJ,1.0,,,,,,1,,,,
Q471G4,Q471G4_CUPPJ,1.0,,,,,,1,,,,
Q471H1,Q471H1_CUPPJ,1.0,,,,,,1,,,,
Q471T7,Q471T7_CUPPJ,1.0,,,,,,1,,,,
Q473K9,Q473K9_CUPPJ,1.0,1,,,,,,,,,
Q473U6,Q473U6_CUPPJ,1.0,,,,,,1,,,,
Q476Q6,Q476Q6_CUPPJ,1.0,,,,,,1,,,,
Q479C0,Q479C0_DECAR,1.0,,,,,,1,,,,
Q470A1,Q470A1_CUPPJ,1.0,,,,,,1,,,,
Q47BB4,Q47BB4_DECAR,1.0,1,,,,,,,,,
Q47F22,Q47F22_DECAR,1.0,1,,,,,,,,,
Q47FC6,Q47FC6_DECAR,1.0,1,,,,,,,,,
Q47FV6,Q47FV6_DECAR,1.0,,,,,,1,,,,
Q47GD4,Q47GD4_DECAR,1.0,,,,,,1,,,,
Q47GS3,Q47GS3_DECAR,1.0,,,,,,1,,,,
Q47IM6,Q47IM6_DECAR,1.0,,,,,,1,,,,
Q470B9,Q470B9_CUPPJ,1.0,,,,,,1,,,,
Q46ZH0,Q46ZH0_CUPPJ,1.0,,,,,,1,,,,
Q4FSR4,Q4FSR4_PSYA2,1.0,1,,,,,,,,,
Q46T06,Q46T06_CUPPJ,1.0,1,,,,,,,,,
Q46NH2,Q46NH2_CUPPJ,1.0,,,,,,1,,,,
Q46NP1,Q46NP1_CUPPJ,1.0,,,,,,1,,,,
Q46NT9,Q46NT9_CUPPJ,1.0,,,,,,1,,,,
Q46P86,Q46P86_CUPPJ,1.0,,,,,,1,,,,
Q46QE4,Q46QE4_CUPPJ,1.0,,,,,,1,,,,
Q46R33,Q46R33_CUPPJ,1.0,,,,,,1,,,,
Q46S04,Q46S04_CUPPJ,1.0,,,,,,1,,,,
Q46TB8,Q46TB8_CUPPJ,1.0,,,,,,1,,,,
Q46ZC1,Q46ZC1_CUPPJ,1.0,,,,,,1,,,,
Q46TW4,Q46TW4_CUPPJ,1.0,1,,,,,,,,,
Q46UB5,Q46UB5_CUPPJ,1.0,,,,,,1,,,,
Q46UE9,Q46UE9_CUPPJ,1.0,,,,,,1,,,,
Q46UI6,Q46UI6_CUPPJ,1.0,,,,,,1,,,,
Q46W64,Q46W64_CUPPJ,1.0,1,,,,,,,,,
Q46WT9,Q46WT9_CUPPJ,1.0,,,,,,1,,,,
Q46YB9,Q46YB9_CUPPJ,1.0,,,,,,1,,,,
Q47J63,Q47J63_DECAR,1.0,,,,,,1,,,,
Q47MQ9,Q47MQ9_THEFY,1.0,,,,,,1,,,,
Q47QF5,Q47QF5_THEFY,1.0,,,,,,1,,,,
Q49UU0,NFRA_STAS1,1.0,1,,,,,,,,,
Q48PR7,Q48PR7_PSE14,1.0,,,,,,1,,,,
Q48PZ4,Q48PZ4_PSE14,1.0,1,,,,,,,,,
Q48QH7,Q48QH7_PSE14,1.0,,,,,,1,,,,
Q48TS7,Q48TS7_STRPM,1.0,1,,,,,,,,,
Q48UT2,Q48UT2_STRPM,1.0,1,,,,,,,,,
Q499X4,Q499X4_MOUSE,1.0,1,,,,,,,,,
Q49SF3,Q49SF3_ENTFC,1.0,1,,,,,,,,,
Q49WS6,Q49WS6_STAS1,1.0,,,,,,1,,,,
Q47T19,Q47T19_THEFY,1.0,,,,,,1,,,,
Q49ZD1,Q49ZD1_STAS1,1.0,,,,,,1,,,,
Q49ZQ3,Q49ZQ3_STAS1,1.0,1,,,,,,,,,
Q49ZU6,Q49ZU6_STAS1,1.0,,,,,,1,,,,
Q4A087,Y379_STAS1,1.0,1,,,,,,,,,
Q4FMF1,Q4FMF1_PELUB,1.0,1,,,,,,,,,
Q4FQ93,Q4FQ93_PSYA2,1.0,1,,,,,,,,,
Q4FSF6,Q4FSF6_PSYA2,1.0,1,,,,,,,,,
Q48M83,Q48M83_PSE14,1.0,,,,,,1,,,,
Q48L89,Q48L89_PSE14,1.0,,,,,,1,,,,
Q48JB5,Q48JB5_PSE14,1.0,,,,,,1,,,,
Q48J24,Q48J24_PSE14,1.0,,,,,,1,,,,
Q47TV4,Q47TV4_THEFY,1.0,,,,,,1,,,,
Q47UY0,Q47UY0_COLP3,1.0,,,,,,1,,,,
Q47Z05,Q47Z05_COLP3,1.0,,,,,,1,,,,
Q47ZG2,Q47ZG2_COLP3,1.0,1,,,,,,,,,
Q485Y1,Q485Y1_COLP3,1.0,,,,,,1,,,,
Q487M5,Q487M5_COLP3,1.0,,,,,,1,,,,
Q48CI3,Q48CI3_PSE14,1.0,1,,,,,,,,,
Q48CZ8,Q48CZ8_PSE14,1.0,,,,,,1,,,,
Q48EK4,Q48EK4_PSE14,1.0,1,,,,,,,,,
Q48F54,Q48F54_PSE14,1.0,1,,,,,,,,,
Q48G46,Q48G46_PSE14,1.0,,,,,,1,,,,
Q48HS5,Q48HS5_PSE14,1.0,1,,,,,,,,,
Q48I17,Q48I17_PSE14,1.0,1,,,,,,,,,
Q48IL6,Q48IL6_PSE14,1.0,1,,,,,,,,,
Q48IX3,Q48IX3_PSE14,1.0,1,,,,,,,,,
Q4WJ22,Q4WJ22_ASPFU,1.0,1,,,,,,,,,
Q4WK95,Q4WK95_ASPFU,1.0,1,,,,,,,,,
Q5X4H9,Q5X4H9_LEGPA,1.0,,,,,,1,,,,
Q5LGE5,Q5LGE5_BACFN,1.0,1,,,,,,,,,
Q5HRX9,NFRA_STAEQ,1.0,1,,,,,,,,,
Q5KF98,Q5KF98_CRYNJ,1.0,,,,,,,,,,1
Q5KXG9,NAMA_GEOKA,1.0,1,,,,,,,,,
Q5KZE9,Q5KZE9_GEOKA,1.0,1,,,,,,,,,
Q5L1B1,Q5L1B1_GEOKA,1.0,1,,,,,,,,,
Q5L9C9,Q5L9C9_BACFN,1.0,1,,,,,,,,,
Q5LET1,Q5LET1_BACFN,1.0,1,,,,,,,,,
Q5LWW9,Q5LWW9_RUEPO,1.0,1,,,,,,,,,
Q5HLR6,Q5HLR6_STAEQ,1.0,1,,,,,,,,,
Q5LZ14,Q5LZ14_STRT1,1.0,1,,,,,,,,,
Q5LZK2,Q5LZK2_STRT1,1.0,1,,,,,,,,,
Q5M0G0,Q5M0G0_STRT1,1.0,1,,,,,,,,,
Q5M3M6,Q5M3M6_STRT2,1.0,1,,,,,,,,,
Q5M455,Q5M455_STRT2,1.0,1,,,,,,,,,
Q5M507,Q5M507_STRT2,1.0,1,,,,,,,,,
Q5MZA6,Q5MZA6_SYNP6,1.0,1,,,,,,,,,
Q5HM44,ZDH1_STAEQ,1.0,,,,,,1,,,,
Q5HLM3,Q5HLM3_STAEQ,1.0,,,,,,1,,,,
Q5B7Z1,Q5B7Z1_EMENI,1.0,,,,,,1,,,,
Q5F9K5,Q5F9K5_NEIG1,1.0,1,,,,,,,,,
Q5BDR8,Q5BDR8_EMENI,1.0,,,,,,1,,,,
Q5BEK0,Q5BEK0_EMENI,1.0,,,,,,1,,,,
Q5BH22,Q5BH22_EMENI,1.0,,,,,,1,,,,
Q5BW74,Q5BW74_SCHJA,1.0,,,,,,1,,,,
Q5C065,Q5C065_SCHJA,1.0,,,,,,1,,,,
Q5E673,Q5E673_VIBF1,1.0,,,,,,1,,,,
Q5E8X8,Q5E8X8_VIBF1,1.0,,,,,,1,,,,
Q5FFW3,Q5FFW3_EHRRG,1.0,,,,,,1,,,,
Q5HIR4,NFRA_STAAC,1.0,1,,,,,,,,,
Q5FLR5,Q5FLR5_LACAC,1.0,1,,,,,,,,,
Q5GS07,Q5GS07_WOLTR,1.0,,,,,,1,,,,
Q5HAN9,Q5HAN9_EHRRW,1.0,1,,,,,,,,,
Q5HAQ3,Q5HAQ3_EHRRW,1.0,,,,,,1,,,,
Q5HDI5,Q5HDI5_STAAC,1.0,,,,,,1,,,,
Q5HDM9,Q5HDM9_STAAC,1.0,1,,,,,,,,,
Q5HE19,ZDH1_STAAC,1.0,,,,,,1,,,,
Q5N2I4,Q5N2I4_SYNP6,1.0,,,,,,1,,,,
Q5NFN2,Q5NFN2_FRATT,1.0,1,,,,,,,,,
Q5NG43,Q5NG43_FRATT,1.0,1,,,,,,,,,
Q5WE94,Q5WE94_BACSK,1.0,1,,,,,,,,,
Q5UX28,Q5UX28_HALMA,1.0,,,,,,1,,,,
Q5UYA2,Q5UYA2_HALMA,1.0,,,,,,1,,,,
Q5UYG8,Q5UYG8_HALMA,1.0,1,,,,,,,,,
Q5V5V5,Q5V5V5_HALMA,1.0,,,,,,1,,,,
Q5V6A5,Q5V6A5_HALMA,1.0,1,,,,,,,,,
Q5V6A7,Q5V6A7_HALMA,1.0,1,,,,,,,,,
Q5WBG1,Q5WBG1_BACSK,1.0,1,,,,,,,,,
Q5WHX9,Q5WHX9_BACSK,1.0,1,,,,,,,,,
Q5NG94,Q5NG94_FRATT,1.0,1,,,,,,,,,
Q5WHY6,Q5WHY6_BACSK,1.0,1,,,,,,,,,
Q5WK16,Q5WK16_BACSK,1.0,,,,,,1,,,,
Q5WKD4,Q5WKD4_BACSK,1.0,1,,,,,,,,,
Q5WUN5,Q5WUN5_LEGPL,1.0,,,,,,1,,,,
Q5WVQ6,Q5WVQ6_LEGPL,1.0,1,,,,,,,,,
Q5WVW4,Q5WVW4_LEGPL,1.0,,,,,,1,,,,
Q5WZP3,Q5WZP3_LEGPL,1.0,1,,,,,,,,,
Q5SLZ0,Q5SLZ0_THET8,1.0,,,,,,1,,,,
Q5SL27,Q5SL27_THET8,1.0,,,,,,1,,,,
Q5SKH9,Q5SKH9_THET8,1.0,,,,,,1,,,,
Q5SI53,Q5SI53_THET8,1.0,,,,,,1,,,,
Q5NGC4,Q5NGC4_FRATT,1.0,1,,,,,,,,,
Q5NGV5,Q5NGV5_FRATT,1.0,1,,,,,,,,,
Q5NHA8,Q5NHA8_FRATT,1.0,1,,,,,,,,,
Q5NHT5,Q5NHT5_FRATT,1.0,1,,,,,,,,,
Q5NQS1,Q5NQS1_ZYMMO,1.0,1,,,,,,,,,
Q5NW76,Q5NW76_AROAE,1.0,,,,,,1,,,,
Q5NXJ4,Q5NXJ4_AROAE,1.0,,,,,,1,,,,
Q5NXW3,Q5NXW3_AROAE,1.0,1,,,,,,,,,
Q5NZX0,Q5NZX0_AROAE,1.0,,,,,,1,,,,
Q5P246,Q5P246_AROAE,1.0,,,,,,1,,,,
Q5P3C6,Q5P3C6_AROAE,1.0,,,,,,1,,,,
Q5P8T0,Q5P8T0_AROAE,1.0,,,,,,1,,,,
Q5PA42,Q5PA42_ANAMM,1.0,,,,,,1,,,,
Q5QXQ9,Q5QXQ9_IDILO,1.0,1,,,,,,,,,
Q5SGZ5,Q5SGZ5_THET8,1.0,,,,,,1,,,,
Q5BAS9,Q5BAS9_EMENI,1.0,,,,,,1,,,,
Q5B6F7,Q5B6F7_EMENI,1.0,,,,,,1,,,,
Q4WKS0,Q4WKS0_ASPFU,1.0,1,,,,,,,,,
Q4ZU28,Q4ZU28_PSEU2,1.0,1,,,,,,,,,
Q4X1Z3,Q4X1Z3_ASPFU,1.0,1,,,,,,,,,
Q4X213,Q4X213_ASPFU,1.0,1,,,,,,,,,
Q4ZQK0,Q4ZQK0_PSEU2,1.0,,,,,,1,,,,
Q4ZSC6,Q4ZSC6_PSEU2,1.0,,,,,,1,,,,
Q4ZST0,Q4ZST0_PSEU2,1.0,,,,,,1,,,,
Q4ZT83,Q4ZT83_PSEU2,1.0,,,,,,1,,,,
Q4ZTS2,Q4ZTS2_PSEU2,1.0,1,,,,,,,,,
Q4ZW24,Q4ZW24_PSEU2,1.0,,,,,,1,,,,
Q4X1I5,Q4X1I5_ASPFU,1.0,1,,,,,,,,,
Q4ZXB5,Q4ZXB5_PSEU2,1.0,,,,,,1,,,,
Q4ZYP4,Q4ZYP4_PSEU2,1.0,,,,,,1,,,,
Q4ZZN7,Q4ZZN7_PSEU2,1.0,,,,,,1,,,,
Q4ZZW7,Q4ZZW7_PSEU2,1.0,1,,,,,,,,,
Q500S5,Q500S5_PSEU2,1.0,,,,,,1,,,,
Q51576,Y3106_PSEAE,1.0,1,,,,,,,,,
Q53FA7,QORX_HUMAN,1.0,,,,,,1,,,,
Q4X1K2,Q4X1K2_ASPFU,1.0,1,,,,,,,,,
Q4WZX5,Q4WZX5_ASPFU,1.0,1,,,,,,,,,
Q5B635,Q5B635_EMENI,1.0,,,,,,1,,,,
Q4WR41,Q4WR41_ASPFU,1.0,1,,,,,,,,,
Q4WKX1,Q4WKX1_ASPFU,1.0,1,,,,,,,,,
Q4WMH3,Q4WMH3_ASPFU,1.0,1,,,,,,,,,
Q4WP41,Q4WP41_ASPFU,1.0,1,,,,,,,,,
Q4WPB8,Q4WPB8_ASPFU,1.0,1,,,,,,,,,
Q4WPR5,Q4WPR5_ASPFU,1.0,1,,,,,,,,,
Q4WQP3,Q4WQP3_ASPFU,1.0,1,,,,,,,,,
Q4WQR9,Q4WQR9_ASPFU,1.0,1,,,,,,,,,
Q4WR84,Q4WR84_ASPFU,1.0,1,,,,,,,,,
Q4WZ31,Q4WZ31_ASPFU,1.0,1,,,,,,,,,
Q4WRE0,Q4WRE0_ASPFU,1.0,1,,,,,,,,,
Q4WU30,Q4WU30_ASPFU,1.0,1,,,,,,,,,
Q4WWB2,Q4WWB2_ASPFU,1.0,1,,,,,,,,,
Q4WXD8,Q4WXD8_ASPFU,1.0,1,,,,,,,,,
Q4WY54,Q4WY54_ASPFU,1.0,1,,,,,,,,,
Q4WYZ3,Q4WYZ3_ASPFU,1.0,1,,,,,,,,,
Q4WZ20,Q4WZ20_ASPFU,1.0,1,,,,,,,,,
Q53PT4,Q53PT4_ORYSJ,1.0,,,,,,1,,,,
Q54728,Y1686_STRPN,1.0,1,,,,,,,,,
Q54II4,RT4I1_DICDI,1.0,,,,,,1,,,,
Q5AUY5,CIPB_EMENI,1.0,,,,,,1,,,,
Q5ARK5,Q5ARK5_EMENI,1.0,,,,,,1,,,,
Q5ASS9,Q5ASS9_EMENI,1.0,,,,,,1,,,,
Q5AST4,Q5AST4_EMENI,1.0,,,,,,1,,,,
Q5ATH1,Q5ATH1_EMENI,1.0,,,,,,1,,,,
Q5ATP4,Q5ATP4_EMENI,1.0,,,,,,1,,,,
Q5ATQ0,Q5ATQ0_EMENI,1.0,,,,,,1,,,,
Q5AUW6,Q5AUW6_EMENI,1.0,,,,,,1,,,,
Q5AVP4,Q5AVP4_EMENI,1.0,,,,,,1,,,,
Q54UL7,Q54UL7_DICDI,1.0,,,,,,1,,,,
Q5AWY6,Q5AWY6_EMENI,1.0,,,,,,1,,,,
Q5AZ41,Q5AZ41_EMENI,1.0,,,,,,1,,,,
Q5AZ49,Q5AZ49_EMENI,1.0,,,,,,1,,,,
Q5AZQ1,Q5AZQ1_EMENI,1.0,,,,,,1,,,,
Q5B174,Q5B174_EMENI,1.0,,,,,,1,,,,
Q5B276,Q5B276_EMENI,1.0,,,,,,1,,,,
Q5B2H3,Q5B2H3_EMENI,1.0,,,,,,1,,,,
Q5AQR4,Q5AQR4_EMENI,1.0,,,,,,1,,,,
Q5AQM9,Q5AQM9_EMENI,1.0,,,,,,1,,,,
Q5ANC5,Q5ANC5_CANAL,1.0,,,,,,1,,,,
Q5AHE9,Q5AHE9_CANAL,1.0,,,,,,1,,,,
Q54YT4,MECR_DICDI,1.0,,,,,,1,,,,
Q56318,Y019_THEMA,1.0,1,,,,,,,,,
Q581B7,Q581B7_TRYB2,1.0,,,,,,1,,,,
Q582N8,Q582N8_TRYB2,1.0,,,,,,1,,,,
Q58DD5,Q58DD5_BOVIN,1.0,,,,,,,,1,,
Q59MW0,Q59MW0_CANAL,1.0,,,,,,1,,,,
Q59RJ4,Q59RJ4_CANAL,1.0,,,,,,1,,,,
Q59T48,Q59T48_CANAL,1.0,,,,,,1,,,,
Q59TU5,Q59TU5_CANAL,1.0,,,,,,1,,,,
Q59UG8,Q59UG8_CANAL,1.0,,,,,,1,,,,
Q59UH0,Q59UH0_CANAL,1.0,,,,,,1,,,,
Q59XU2,Q59XU2_CANAL,1.0,,,,,,1,,,,
Q59Z38,Q59Z38_CANAL,1.0,,,,,,1,,,,
Q5A1B1,Q5A1B1_CANAL,1.0,,,,,,1,,,,
Q5A7L6,Q5A7L6_CANAL,1.0,,,,,,1,,,,
Q46N35,Q46N35_CUPPJ,1.0,,,,,,1,,,,
Q46N15,Q46N15_CUPPJ,1.0,,,,,,1,,,,
Q46MG7,Q46MG7_CUPPJ,1.0,,,,,,1,,,,
Q2NXJ0,Q2NXJ0_XANOM,1.0,,,,,,1,,,,
Q2N6G2,Q2N6G2_ERYLH,1.0,,,,,,1,,,,
Q2N9P6,Q2N9P6_ERYLH,1.0,,,,,,1,,,,
Q2N9T5,Q2N9T5_ERYLH,1.0,,,,,,1,,,,
Q2NC40,Q2NC40_ERYLH,1.0,,,,,,1,,,,
Q2NCT8,Q2NCT8_ERYLH,1.0,,,,,,1,,,,
Q2NG73,Q2NG73_METST,1.0,1,,,,,,,,,
Q2NJ79,Q2NJ79_AYWBP,1.0,1,,,,,,,,,
Q2NXJ1,Q2NXJ1_XANOM,1.0,,,,,,1,,,,
Q2KWK1,Q2KWK1_BORA1,1.0,,,,,,1,,,,
Q2NZD3,Q2NZD3_XANOM,1.0,,,,,,1,,,,
Q2NZN1,Q2NZN1_XANOM,1.0,,,,,,1,,,,
Q2P5U6,Q2P5U6_XANOM,1.0,,,,,,1,,,,
Q2P5U7,Q2P5U7_XANOM,1.0,,,,,,1,,,,
Q2P8Y8,Q2P8Y8_XANOM,1.0,,,,,,1,,,,
Q2P8Y9,Q2P8Y9_XANOM,1.0,,,,,,1,,,,
Q2RGG6,Q2RGG6_MOOTA,1.0,1,,,,,,,,,
Q2KYZ8,Q2KYZ8_BORA1,1.0,,,,,,1,,,,
Q2KD05,Q2KD05_RHIEC,1.0,,,,,,1,,,,
Q2JYN9,Q2JYN9_RHIEC,1.0,1,,,,,,,,,
Q2K2B6,Q2K2B6_RHIEC,1.0,1,,,,,,,,,
Q2JZ92,Q2JZ92_RHIEC,1.0,,,,,,1,,,,
Q2JZD9,Q2JZD9_RHIEC,1.0,,,,,,1,,,,
Q2JZT1,Q2JZT1_RHIEC,1.0,,,,,,1,,,,
Q2K0T0,Q2K0T0_RHIEC,1.0,1,,,,,,,,,
Q2K0T9,Q2K0T9_RHIEC,1.0,1,,,,,,,,,
Q2K118,Q2K118_RHIEC,1.0,1,,,,,,,,,
Q2K1M9,Q2K1M9_RHIEC,1.0,1,,,,,,,,,
Q2K3H8,Q2K3H8_RHIEC,1.0,1,,,,,,,,,
Q2KB55,Q2KB55_RHIEC,1.0,,,,,,1,,,,
Q2K3X8,Q2K3X8_RHIEC,1.0,1,,,,,,,,,
Q2K4Q5,Q2K4Q5_RHIEC,1.0,1,,,,,,,,,
Q2K537,Q2K537_RHIEC,1.0,,,,,,1,,,,
Q2K5K3,Q2K5K3_RHIEC,1.0,1,,,,,,,,,
Q2K7D5,Q2K7D5_RHIEC,1.0,,,,,,1,,,,
Q2K8H2,Q2K8H2_RHIEC,1.0,,,,,,1,,,,
Q2KB38,Q2KB38_RHIEC,1.0,,,,,,1,,,,
Q2RN81,Q2RN81_RHORT,1.0,,,,,,1,,,,
Q2RNY0,Q2RNY0_RHORT,1.0,,,,,,1,,,,
Q2RPT7,Q2RPT7_RHORT,1.0,,,,,,1,,,,
Q2T6W0,Q2T6W0_BURTA,1.0,1,,,,,,,,,
Q2T1K4,Q2T1K4_BURTA,1.0,,,,,,1,,,,
Q2T3A3,Q2T3A3_BURTA,1.0,1,,,,,,,,,
Q2T3V2,Q2T3V2_BURTA,1.0,1,,,,,,,,,
Q2T530,Q2T530_BURTA,1.0,1,,,,,,,,,
Q2T5T7,Q2T5T7_BURTA,1.0,1,,,,,,,,,
Q2T5U2,Q2T5U2_BURTA,1.0,1,,,,,,,,,
Q2T642,Q2T642_BURTA,1.0,,,,,,1,,,,
Q2T8R4,Q2T8R4_BURTA,1.0,,,,,,1,,,,
Q2RQ38,Q2RQ38_RHORT,1.0,,,,,,1,,,,
Q2VYG6,Q2VYG6_MAGSA,1.0,,,,,,1,,,,
Q2W2P9,Q2W2P9_MAGSA,1.0,,,,,,1,,,,
Q2W3U2,Q2W3U2_MAGSA,1.0,,,,,,1,,,,
Q2W721,Q2W721_MAGSA,1.0,,,,,,1,,,,
Q2W9B9,Q2W9B9_MAGSA,1.0,,,,,,1,,,,
Q2WAL2,Q2WAL2_MAGSA,1.0,,,,,,1,,,,
Q2Y679,Q2Y679_NITMU,1.0,1,,,,,,,,,
Q2SZS6,Q2SZS6_BURTA,1.0,,,,,,1,,,,
Q2SZN8,Q2SZN8_BURTA,1.0,,,,,,1,,,,
Q2SYL7,Q2SYL7_BURTA,1.0,,,,,,1,,,,
Q2SYD8,Q2SYD8_BURTA,1.0,,,,,,1,,,,
Q2RT33,Q2RT33_RHORT,1.0,1,,,,,,,,,
Q2RVI8,Q2RVI8_RHORT,1.0,,,,,,1,,,,
Q2RXF6,Q2RXF6_RHORT,1.0,,,,,,1,,,,
Q2RYA2,Q2RYA2_RHORT,1.0,,,,,,1,,,,
Q2S1X6,Q2S1X6_SALRD,1.0,,,,,,1,,,,
Q2S2T5,Q2S2T5_SALRD,1.0,,,,,,1,,,,
Q2S303,Q2S303_SALRD,1.0,,,,,,1,,,,
Q2S871,Q2S871_HAHCH,1.0,,,,,,1,,,,
Q2SE68,Q2SE68_HAHCH,1.0,,,,,,1,,,,
Q2SGI4,Q2SGI4_HAHCH,1.0,,,,,,1,,,,
Q2SJ38,Q2SJ38_HAHCH,1.0,,,,,,1,,,,
Q2SKL4,Q2SKL4_HAHCH,1.0,1,,,,,,,,,
Q2SQ40,Q2SQ40_HAHCH,1.0,,,,,,1,,,,
Q2SR34,Q2SR34_MYCCT,1.0,1,,,,,,,,,
Q2SVC2,Q2SVC2_BURTA,1.0,1,,,,,,,,,
Q2JYT9,Q2JYT9_RHIEC,1.0,1,,,,,,,,,
Q2JUU7,Q2JUU7_SYNJA,1.0,,,,,,1,,,,
Q46LE7,Q46LE7_PROMT,1.0,1,,,,,,,,,
Q2FJN3,NFRA_STAA3,1.0,1,,,,,,,,,
Q28V63,Q28V63_JANSC,1.0,,,,,,1,,,,
Q29RL6,Q29RL6_BOVIN,1.0,,,,,,1,,,,
Q2A2T7,Q2A2T7_FRATH,1.0,1,,,,,,,,,
Q2A2U3,Q2A2U3_FRATH,1.0,1,,,,,,,,,
Q2A3I5,Q2A3I5_FRATH,1.0,1,,,,,,,,,
Q2FEG8,Q2FEG8_STAA3,1.0,1,,,,,,,,,
Q2FIV1,Q2FIV1_STAA3,1.0,1,,,,,,,,,
Q2FVA4,Y2829_STAA8,1.0,1,,,,,,,,,
Q28T14,Q28T14_JANSC,1.0,,,,,,1,,,,
Q2FVQ0,Q2FVQ0_STAA8,1.0,,,,,,1,,,,
Q2FVT8,Q2FVT8_STAA8,1.0,1,,,,,,,,,
Q2FW62,Q2FW62_STAA8,1.0,,,,,,1,,,,
Q2G0Z5,NRFA_STAA8,1.0,1,,,,,,,,,
Q2G495,Q2G495_NOVAD,1.0,,,,,,1,,,,
Q2G4L9,Q2G4L9_NOVAD,1.0,,,,,,1,,,,
Q2G5I7,Q2G5I7_NOVAD,1.0,,,,,,1,,,,
Q28UA2,Q28UA2_JANSC,1.0,,,,,,1,,,,
Q28PR7,Q28PR7_JANSC,1.0,,,,,,1,,,,
Q2JSA2,Q2JSA2_SYNJA,1.0,1,,,,,,,,,
Q22230,YVX3_CAEEL,1.0,1,,,,,,,,,
Q21I99,Q21I99_SACD2,1.0,,,,,,1,,,,
Q21T82,Q21T82_RHOFT,1.0,1,,,,,,,,,
Q21U25,Q21U25_RHOFT,1.0,1,,,,,,,,,
Q21UQ8,Q21UQ8_RHOFT,1.0,,,,,,1,,,,
Q21XY0,Q21XY0_RHOFT,1.0,,,,,,1,,,,
Q21YD0,Q21YD0_RHOFT,1.0,,,,,,1,,,,
Q21YJ1,Q21YJ1_RHOFT,1.0,,,,,,1,,,,
Q222I9,Q222I9_RHOFT,1.0,,,,,,1,,,,
Q28P23,Q28P23_JANSC,1.0,,,,,,1,,,,
Q222J4,Q222J4_RHOFT,1.0,,,,,,1,,,,
Q23116,YWC4_CAEEL,1.0,1,,,,,,,,,
Q24XJ3,Q24XJ3_DESHY,1.0,1,,,,,,,,,
Q28F27,Q28F27_XENTR,1.0,,,,,,,,1,,
Q28GQ2,MECR_XENTR,1.0,,,,,,1,,,,
Q28KF6,Q28KF6_JANSC,1.0,,,,,,1,,,,
Q28LA2,Q28LA2_JANSC,1.0,,,,,,1,,,,
Q2G769,Q2G769_NOVAD,1.0,,,,,,1,,,,
Q2G7R6,Q2G7R6_NOVAD,1.0,,,,,,1,,,,
Q2G8E8,Q2G8E8_NOVAD,1.0,,,,,,1,,,,
Q2J5E1,Q2J5E1_FRASC,1.0,,,,,,1,,,,
Q2IWD1,Q2IWD1_RHOP2,1.0,,,,,,1,,,,
Q2IXN3,Q2IXN3_RHOP2,1.0,,,,,,1,,,,
Q2IZZ5,Q2IZZ5_RHOP2,1.0,1,,,,,,,,,
Q2J102,Q2J102_RHOP2,1.0,,,,,,1,,,,
Q2J142,Q2J142_RHOP2,1.0,,,,,,1,,,,
Q2J403,Q2J403_RHOP2,1.0,,,,,,1,,,,
Q2J4X4,Q2J4X4_FRASC,1.0,,,,,,1,,,,
Q2J5I9,Q2J5I9_FRASC,1.0,,,,,,1,,,,
Q2G954,Q2G954_NOVAD,1.0,,,,,,1,,,,
Q2J6J1,Q2J6J1_FRASC,1.0,,,,,,1,,,,
Q2J6Q0,Q2J6Q0_FRASC,1.0,,,,,,1,,,,
Q2J9F1,Q2J9F1_FRASC,1.0,,,,,,1,,,,
Q2JCR9,Q2JCR9_FRASC,1.0,,,,,,1,,,,
Q2JEB0,Q2JEB0_FRASC,1.0,,,,,,1,,,,
Q2JIH7,Q2JIH7_SYNJB,1.0,,,,,,1,,,,
Q2JN37,Q2JN37_SYNJB,1.0,1,,,,,,,,,
Q2IW67,Q2IW67_RHOP2,1.0,,,,,,1,,,,
Q2IVH7,Q2IVH7_RHOP2,1.0,,,,,,1,,,,
Q2IV57,Q2IV57_RHOP2,1.0,,,,,,1,,,,
Q2IUQ7,Q2IUQ7_RHOP2,1.0,,,,,,1,,,,
Q2GCB0,Q2GCB0_NOVAD,1.0,,,,,,1,,,,
Q2GE27,Q2GE27_NEOSM,1.0,,,,,,1,,,,
Q2GH78,Q2GH78_EHRCR,1.0,,,,,,1,,,,
Q2GL79,Q2GL79_ANAPZ,1.0,,,,,,1,,,,
Q2IDX3,Q2IDX3_ANADE,1.0,,,,,,1,,,,
Q2IFD2,Q2IFD2_ANADE,1.0,,,,,,1,,,,
Q2IGY8,Q2IGY8_ANADE,1.0,,,,,,1,,,,
Q2IKX5,Q2IKX5_ANADE,1.0,,,,,,1,,,,
Q2ILN5,Q2ILN5_ANADE,1.0,,,,,,1,,,,
Q2ILQ7,Q2ILQ7_ANADE,1.0,1,,,,,,,,,
Q2ILT0,Q2ILT0_ANADE,1.0,,,,,,1,,,,
Q2INZ2,Q2INZ2_ANADE,1.0,,,,,,1,,,,
Q2IPW0,Q2IPW0_ANADE,1.0,1,,,,,,,,,
Q2IRI3,Q2IRI3_RHOP2,1.0,,,,,,1,,,,
Q2IUI0,Q2IUI0_RHOP2,1.0,,,,,,1,,,,
Q2Y7L7,Q2Y7L7_NITMU,1.0,,,,,,1,,,,
Q2Y8P5,Q2Y8P5_NITMU,1.0,,,,,,1,,,,
Q2Y997,Q2Y997_NITMU,1.0,,,,,,1,,,,
Q3JPE9,Q3JPE9_BURP1,1.0,,,,,,1,,,,
Q3J842,Q3J842_NITOC,1.0,,,,,,1,,,,
Q3J9J0,Q3J9J0_NITOC,1.0,,,,,,1,,,,
Q3JFM9,Q3JFM9_BURP1,1.0,1,,,,,,,,,
Q3JHW1,Q3JHW1_BURP1,1.0,,,,,,1,,,,
Q3JIK7,Q3JIK7_BURP1,1.0,,,,,,1,,,,
Q3JIS6,Q3JIS6_BURP1,1.0,1,,,,,,,,,
Q3JL93,Q3JL93_BURP1,1.0,1,,,,,,,,,
Q3JUB2,Q3JUB2_BURP1,1.0,,,,,,1,,,,
Q3J595,Q3J595_RHOS4,1.0,,,,,,1,,,,
Q3JUF2,Q3JUF2_BURP1,1.0,,,,,,1,,,,
Q3JWL0,Q3JWL0_BURP1,1.0,,,,,,1,,,,
Q3K039,Q3K039_STRA1,1.0,1,,,,,,,,,
Q3K0N4,Q3K0N4_STRA1,1.0,1,,,,,,,,,
Q3K4N8,Q3K4N8_PSEPF,1.0,1,,,,,,,,,
Q3K4X2,Q3K4X2_PSEPF,1.0,,,,,,1,,,,
Q3K9A8,Q3K9A8_PSEPF,1.0,,,,,,1,,,,
Q3J6K9,ACUI_RHOS4,1.0,,,,,,1,,,,
Q3J4V4,Q3J4V4_RHOS4,1.0,1,,,,,,,,,
Q2YJ63,Q2YJ63_BRUA2,1.0,1,,,,,,,,,
Q3IPT1,Q3IPT1_NATPD,1.0,1,,,,,,,,,
Q3ID34,Q3ID34_PSEHT,1.0,1,,,,,,,,,
Q3IEW4,Q3IEW4_PSEHT,1.0,1,,,,,,,,,
Q3IGF9,Q3IGF9_PSEHT,1.0,,,,,,1,,,,
Q3IKZ9,Q3IKZ9_PSEHT,1.0,,,,,,1,,,,
Q3IN07,Q3IN07_NATPD,1.0,,,,,,1,,,,
Q3ING8,Q3ING8_NATPD,1.0,1,,,,,,,,,
Q3IPH7,Q3IPH7_NATPD,1.0,,,,,,1,,,,
Q3IQV5,Q3IQV5_NATPD,1.0,1,,,,,,,,,
Q3J3M1,Q3J3M1_RHOS4,1.0,1,,,,,,,,,
Q3IUK1,Q3IUK1_NATPD,1.0,1,,,,,,,,,
Q3IVZ4,Q3IVZ4_RHOS4,1.0,1,,,,,,,,,
Q3IWU9,Q3IWU9_RHOS4,1.0,,,,,,1,,,,
Q3IZ91,CCR_RHOS4,1.0,,,,,,1,,,,
Q3IZD3,Q3IZD3_RHOS4,1.0,1,,,,,,,,,
Q3IZZ2,Q3IZZ2_RHOS4,1.0,,,,,,1,,,,
Q3J095,Q3J095_RHOS4,1.0,,,,,,1,,,,
Q3K9Q7,Q3K9Q7_PSEPF,1.0,,,,,,1,,,,
Q3KAX9,Q3KAX9_PSEPF,1.0,,,,,,1,,,,
Q3KC25,Q3KC25_PSEPF,1.0,,,,,,1,,,,
Q3YWZ6,Q3YWZ6_SHISS,1.0,,,,,,1,,,,
Q3SSH6,Q3SSH6_NITWN,1.0,,,,,,1,,,,
Q3UNZ8,QORL2_MOUSE,1.0,,,,,,1,,,,
Q3Y148,Q3Y148_ENTFC,1.0,1,,,,,,,,,
Q3Y340,Q3Y340_ENTFC,1.0,1,,,,,,,,,
Q3YRH5,Q3YRH5_EHRCJ,1.0,1,,,,,,,,,
Q3YRJ1,Q3YRJ1_EHRCJ,1.0,,,,,,1,,,,
Q3YUT3,Q3YUT3_SHISS,1.0,,,,,,1,,,,
Q3YXN1,Q3YXN1_SHISS,1.0,1,,,,,,,,,
Q3KCF7,Q3KCF7_PSEPF,1.0,,,,,,1,,,,
Q3Z034,Q3Z034_SHISS,1.0,1,,,,,,,,,
Q3Z067,Q3Z067_SHISS,1.0,1,,,,,,,,,
Q3Z118,Q3Z118_SHISS,1.0,1,,,,,,,,,
Q3Z4Q4,Q3Z4Q4_SHISS,1.0,1,,,,,,,,,
Q3ZAE1,Q3ZAE1_DEHM1,1.0,1,,,,,,,,,
Q3ZWC0,Q3ZWC0_DEHMC,1.0,1,,,,,,,,,
Q46BW7,Q46BW7_METBF,1.0,,,,,,1,,,,
Q3SNY8,Q3SNY8_NITWN,1.0,,,,,,1,,,,
Q3SJ10,Q3SJ10_THIDA,1.0,1,,,,,,,,,
Q3SHA2,Q3SHA2_THIDA,1.0,1,,,,,,,,,
Q3SHA1,Q3SHA1_THIDA,1.0,1,,,,,,,,,
Q3KCU7,Q3KCU7_PSEPF,1.0,,,,,,1,,,,
Q3KDD8,Q3KDD8_PSEPF,1.0,,,,,,1,,,,
Q3KDH7,Q3KDH7_PSEPF,1.0,,,,,,1,,,,
Q3KDW4,Q3KDW4_PSEPF,1.0,,,,,,1,,,,
Q3KE11,Q3KE11_PSEPF,1.0,,,,,,1,,,,
Q3KE34,Q3KE34_PSEPF,1.0,1,,,,,,,,,
Q3KEW1,Q3KEW1_PSEPF,1.0,,,,,,1,,,,
Q3KFN3,Q3KFN3_PSEPF,1.0,,,,,,1,,,,
Q3KIJ6,Q3KIJ6_PSEPF,1.0,,,,,,1,,,,
Q3KKE1,Q3KKE1_PSEPF,1.0,,,,,,1,,,,
Q3M1E7,Q3M1E7_ANAVT,1.0,,,,,,1,,,,
Q3M5I4,Q3M5I4_ANAVT,1.0,1,,,,,,,,,
Q3MEK8,Q3MEK8_ANAVT,1.0,,,,,,1,,,,
Q3MIE4,VAT1_RAT,1.0,,,,,,1,,,,
Q3SF77,Q3SF77_THIDA,1.0,1,,,,,,,,,
Q3ICN2,Q3ICN2_PSEHT,1.0,,,,,,1,,,,
Q3IC42,Q3IC42_PSEHT,1.0,,,,,,1,,,,
Q3I1S9,Q3I1S9_PANTR,1.0,,,,,,1,,,,
Q38UJ3,Q38UJ3_LACSS,1.0,,,,,,1,,,,
Q327V8,Q327V8_SHIDS,1.0,,,,,,1,,,,
Q32B87,Q32B87_SHIDS,1.0,,,,,,1,,,,
Q32C69,Q32C69_SHIDS,1.0,1,,,,,,,,,
Q32EL6,Q32EL6_SHIDS,1.0,1,,,,,,,,,
Q32J90,Q32J90_SHIDS,1.0,1,,,,,,,,,
Q336S6,Q336S6_ORYSJ,1.0,,,,,,1,,,,
Q38UF4,Q38UF4_LACSS,1.0,,,,,,1,,,,
Q38UJ6,Q38UJ6_LACSS,1.0,,,,,,1,,,,
Q390T9,Q390T9_BURL3,1.0,,,,,,1,,,,
Q38UW5,Q38UW5_LACSS,1.0,1,,,,,,,,,
Q38VB7,Q38VB7_LACSS,1.0,1,,,,,,,,,
Q38VE1,Q38VE1_LACSS,1.0,1,,,,,,,,,
Q38VW5,Q38VW5_LACSS,1.0,,,,,,1,,,,
Q38WX3,Q38WX3_LACSS,1.0,,,,,,1,,,,
Q38Y88,Q38Y88_LACSS,1.0,,,,,,1,,,,
Q38ZB5,Q38ZB5_LACSS,1.0,1,,,,,,,,,
Q325A3,Q325A3_SHIBS,1.0,1,,,,,,,,,
Q322U6,Q322U6_SHIBS,1.0,1,,,,,,,,,
Q31YY0,Q31YY0_SHIBS,1.0,1,,,,,,,,,
Q31WQ1,Q31WQ1_SHIBS,1.0,1,,,,,,,,,
Q2YK49,Q2YK49_BRUA2,1.0,,,,,,1,,,,
Q2YKJ0,Q2YKJ0_BRUA2,1.0,,,,,,1,,,,
Q2YNI6,Q2YNI6_BRUA2,1.0,,,,,,1,,,,
Q2YRZ4,Q2YRZ4_BRUA2,1.0,,,,,,1,,,,
Q2YY27,Q2YY27_STAAB,1.0,,,,,,1,,,,
Q2YYK2,Q2YYK2_STAAB,1.0,,,,,,1,,,,
Q2YYW0,Q2YYW0_STAAB,1.0,1,,,,,,,,,
Q2YZ14,Q2YZ14_STAAB,1.0,,,,,,1,,,,
Q30R84,Q30R84_SULDN,1.0,1,,,,,,,,,
Q30ZA0,Q30ZA0_DESAG,1.0,1,,,,,,,,,
Q31B95,Q31B95_PROM9,1.0,1,,,,,,,,,
Q31MM4,Q31MM4_SYNE7,1.0,1,,,,,,,,,
Q31RS1,Q31RS1_SYNE7,1.0,,,,,,1,,,,
Q31TV9,Q31TV9_SHIBS,1.0,,,,,,1,,,,
Q31WC1,Q31WC1_SHIBS,1.0,,,,,,1,,,,
Q390G2,Q390G2_BURL3,1.0,,,,,,1,,,,
Q392B0,Q392B0_BURL3,1.0,,,,,,1,,,,
Q3I1S5,Q3I1S5_PONPY,1.0,,,,,,1,,,,
Q3BNY5,Q3BNY5_XANC5,1.0,1,,,,,,,,,
Q3A324,Q3A324_PELCD,1.0,1,,,,,,,,,
Q3A4U5,Q3A4U5_PELCD,1.0,1,,,,,,,,,
Q3A4V3,Q3A4V3_PELCD,1.0,,,,,,1,,,,
Q3ACV3,Q3ACV3_CARHZ,1.0,1,,,,,,,,,
Q3BM22,Q3BM22_XANC5,1.0,,,,,,1,,,,
Q3BMB2,Q3BMB2_XANC5,1.0,,,,,,1,,,,
Q3BNS4,Q3BNS4_XANC5,1.0,1,,,,,,,,,
Q3BR35,Q3BR35_XANC5,1.0,,,,,,1,,,,
Q392P0,Q392P0_BURL3,1.0,,,,,,1,,,,
Q3BTL2,Q3BTL2_XANC5,1.0,,,,,,1,,,,
Q3BWC8,Q3BWC8_XANC5,1.0,1,,,,,,,,,
Q3BWU1,Q3BWU1_XANC5,1.0,,,,,,1,,,,
Q3BWU2,Q3BWU2_XANC5,1.0,,,,,,1,,,,
Q3BXD8,Q3BXD8_XANC5,1.0,,,,,,1,,,,
Q3BZ97,Q3BZ97_XANC5,1.0,,,,,,1,,,,
Q3I1S1,Q3I1S1_MACMU,1.0,,,,,,1,,,,
Q39Z48,Q39Z48_GEOMG,1.0,,,,,,1,,,,
Q39YQ6,Q39YQ6_GEOMG,1.0,1,,,,,,,,,
Q39XH8,Q39XH8_GEOMG,1.0,,,,,,1,,,,
Q39XF0,Q39XF0_GEOMG,1.0,,,,,,1,,,,
Q394N2,Q394N2_BURL3,1.0,,,,,,1,,,,
Q395H6,Q395H6_BURL3,1.0,,,,,,1,,,,
Q396K8,Q396K8_BURL3,1.0,,,,,,1,,,,
Q397P8,Q397P8_BURL3,1.0,,,,,,1,,,,
Q397U1,Q397U1_BURL3,1.0,,,,,,1,,,,
Q39A96,Q39A96_BURL3,1.0,,,,,,1,,,,
Q39AL7,Q39AL7_BURL3,1.0,1,,,,,,,,,
Q39AZ5,Q39AZ5_BURL3,1.0,,,,,,1,,,,
Q39C72,Q39C72_BURL3,1.0,1,,,,,,,,,
Q39EA5,Q39EA5_BURL3,1.0,,,,,,1,,,,
Q39EE2,Q39EE2_BURL3,1.0,,,,,,1,,,,
Q39FU7,Q39FU7_BURL3,1.0,,,,,,1,,,,
Q39GI1,Q39GI1_BURL3,1.0,,,,,,1,,,,
Q39HJ6,Q39HJ6_BURL3,1.0,,,,,,1,,,,
Q39K35,Q39K35_BURL3,1.0,,,,,,1,,,,
Q5X377,Q5X377_LEGPA,1.0,,,,,,1,,,,
Q5X891,Q5X891_LEGPA,1.0,1,,,,,,,,,
Q21G59,Q21G59_SACD2,1.0,,,,,,1,,,,
Q8E4V1,Q8E4V1_STRA3,1.0,1,,,,,,,,,
Q8DNU5,Q8DNU5_STRR6,1.0,1,,,,,,,,,
Q8DQQ7,Q8DQQ7_STRR6,1.0,1,,,,,,,,,
Q8DSZ9,Q8DSZ9_STRMU,1.0,1,,,,,,,,,
Q8DTT3,Q8DTT3_STRMU,1.0,1,,,,,,,,,
Q8DYK3,Q8DYK3_STRA5,1.0,1,,,,,,,,,
Q8DZ91,Q8DZ91_STRA5,1.0,1,,,,,,,,,
Q8E459,Q8E459_STRA3,1.0,1,,,,,,,,,
Q8EEC9,Q8EEC9_SHEON,1.0,1,,,,,,,,,
Q8DMW0,Q8DMW0_THEEB,1.0,,,,,,1,,,,
Q8EHF8,Q8EHF8_SHEON,1.0,1,,,,,,,,,
Q8ELE9,Q8ELE9_OCEIH,1.0,1,,,,,,,,,
Q8ELU1,Q8ELU1_OCEIH,1.0,1,,,,,,,,,
Q8FCQ8,Q8FCQ8_ECOL6,1.0,1,,,,,,,,,
Q8FDE2,Q8FDE2_ECOL6,1.0,1,,,,,,,,,
Q8FDK7,Q8FDK7_ECOL6,1.0,1,,,,,,,,,
Q8FDL5,Q8FDL5_ECOL6,1.0,1,,,,,,,,,
Q8DNH3,Q8DNH3_STRR6,1.0,1,,,,,,,,,
Q8DHA6,Q8DHA6_THEEB,1.0,1,,,,,,,,,
Q88JC6,Q88JC6_PSEPK,1.0,1,,,,,,,,,
Q8CMQ4,NFRA_STAES,1.0,1,,,,,,,,,
Q88RQ7,Q88RQ7_PSEPK,1.0,,,,,,1,,,,
Q895M8,Q895M8_CLOTE,1.0,1,,,,,,,,,
Q89H15,Q89H15_BRADU,1.0,1,,,,,,,,,
Q89JB2,Q89JB2_BRADU,1.0,,,,,,,,,,1
Q8A5U4,Q8A5U4_BACTN,1.0,1,,,,,,,,,
Q8A902,Q8A902_BACTN,1.0,1,,,,,,,,,
Q8AAQ5,Q8AAQ5_BACTN,1.0,1,,,,,,,,,
Q8CN23,Y2073_STAES,1.0,1,,,,,,,,,
Q8DGY4,Q8DGY4_THEEB,1.0,1,,,,,,,,,
Q8CNA4,Q8CNA4_STAES,1.0,1,,,,,,,,,
Q8CRA5,Q8CRA5_STAES,1.0,,,,,,1,,,,
Q8CRJ7,ZDH1_STAES,1.0,,,,,,1,,,,
Q8CU46,Q8CU46_STAES,1.0,,,,,,1,,,,
Q8CXJ4,Q8CXJ4_OCEIH,1.0,1,,,,,,,,,
Q8DC41,Q8DC41_VIBVU,1.0,,,,,,1,,,,
Q8DDK4,Q8DDK4_VIBVU,1.0,,,,,,1,,,,
Q8FFB1,Q8FFB1_ECOL6,1.0,1,,,,,,,,,
Q8FFT0,Q8FFT0_ECOL6,1.0,1,,,,,,,,,
Q8FH79,Q8FH79_ECOL6,1.0,1,,,,,,,,,
Q8R5V6,Q8R5V6_CALS4,1.0,1,,,,,,,,,
Q8P239,Q8P239_STRPQ,1.0,1,,,,,,,,,
Q8P4L2,Q8P4L2_XANCP,1.0,1,,,,,,,,,
Q8P4S1,Q8P4S1_XANCP,1.0,1,,,,,,,,,
Q8PBP0,Q8PBP0_XANCP,1.0,1,,,,,,,,,
Q8PGE1,Q8PGE1_XANAC,1.0,1,,,,,,,,,
Q8PGM5,Q8PGM5_XANAC,1.0,1,,,,,,,,,
Q8PN95,Q8PN95_XANAC,1.0,1,,,,,,,,,
Q8R629,Q8R629_FUSNN,1.0,1,,,,,,,,,
Q8FHD0,Q8FHD0_ECOL6,1.0,1,,,,,,,,,
Q8R636,Q8R636_FUSNN,1.0,1,,,,,,,,,
Q8R683,Q8R683_FUSNN,1.0,1,,,,,,,,,
Q8R6A4,Q8R6A4_FUSNN,1.0,1,,,,,,,,,
Q8R6B9,Q8R6B9_FUSNN,1.0,1,,,,,,,,,
Q8R6E1,Q8R6E1_FUSNN,1.0,1,,,,,,,,,
Q8R6F2,Q8R6F2_FUSNN,1.0,1,,,,,,,,,
Q8R9B5,Q8R9B5_CALS4,1.0,1,,,,,,,,,
Q8NY77,NFRA_STAAW,1.0,1,,,,,,,,,
Q8NXF4,Q8NXF4_STAAW,1.0,1,,,,,,,,,
Q8NVD1,ZDH1_STAAW,1.0,,,,,,1,,,,
Q8NV67,Q8NV67_STAAW,1.0,1,,,,,,,,,
Q8FHN7,Q8FHN7_ECOL6,1.0,1,,,,,,,,,
Q8FHR6,Q8FHR6_ECOL6,1.0,1,,,,,,,,,
Q8FQK7,Q8FQK7_COREF,1.0,1,,,,,,,,,
Q8G7V2,Q8G7V2_BIFLO,1.0,1,,,,,,,,,
Q8IPZ3,Q8IPZ3_DROME,1.0,,,,,,1,,,,
Q8JFV8,VAT1_DANRE,1.0,,,,,,1,,,,
Q8K7J0,Q8K7J0_STRP3,1.0,1,,,,,,,,,
Q8K7J1,Q8K7J1_STRP3,1.0,1,,,,,,,,,
Q8KG01,Q8KG01_CHLTE,1.0,1,,,,,,,,,
Q8KUV8,Q8KUV8_SYNE7,1.0,,,,,,1,,,,
Q8LBA4,Q8LBA4_ARATH,1.0,,,,,,1,,,,
Q8LCU7,MECR_ARATH,1.0,,,,,,1,,,,
Q8MNM6,Q8MNM6_DICDI,1.0,,,,,,1,,,,
Q8NNQ4,Q8NNQ4_CORGL,1.0,1,,,,,,,,,
Q8NV39,Q8NV39_STAAW,1.0,,,,,,1,,,,
Q88M54,Q88M54_PSEPK,1.0,,,,,,1,,,,
Q88J22,Q88J22_PSEPK,1.0,,,,,,1,,,,
Q8RDG3,Q8RDG3_CALS4,1.0,1,,,,,,,,,
Q81H12,Q81H12_BACCR,1.0,,,,,,1,,,,
Q81BW8,Q81BW8_BACCR,1.0,1,,,,,,,,,
Q81CI3,Q81CI3_BACCR,1.0,1,,,,,,,,,
Q81CT4,Q81CT4_BACCR,1.0,,,,,,1,,,,
Q81DY6,Q81DY6_BACCR,1.0,1,,,,,,,,,
Q81E81,Q81E81_BACCR,1.0,,,,,,1,,,,
Q81FH1,Q81FH1_BACCR,1.0,1,,,,,,,,,
Q81G89,Q81G89_BACCR,1.0,1,,,,,,,,,
Q81HK4,Q81HK4_BACCR,1.0,,,,,,1,,,,
Q81B19,Q81B19_BACCR,1.0,,,,,,1,,,,
Q81HN4,Q81HN4_BACCR,1.0,1,,,,,,,,,
Q81II8,Q81II8_BACCR,1.0,1,,,,,,,,,
Q81IZ4,Q81IZ4_BACCR,1.0,,,,,,1,,,,
Q81MI4,Q81MI4_BACAN,1.0,1,,,,,,,,,
Q81N37,Q81N37_BACAN,1.0,1,,,,,,,,,
Q81NY1,Q81NY1_BACAN,1.0,1,,,,,,,,,
Q81R03,Q81R03_BACAN,1.0,1,,,,,,,,,
Q81B67,Q81B67_BACCR,1.0,1,,,,,,,,,
Q81B16,Q81B16_BACCR,1.0,,,,,,1,,,,
Q88IP6,Q88IP6_PSEPK,1.0,,,,,,1,,,,
Q7WIV1,Q7WIV1_BORBR,1.0,1,,,,,,,,,
Q7VEQ3,Q7VEQ3_MYCBO,1.0,1,,,,,,,,,
Q7VEU2,Q7VEU2_MYCBO,1.0,1,,,,,,,,,
Q7VFW6,Q7VFW6_HELHP,1.0,1,,,,,,,,,
Q7VLG1,Q7VLG1_HAEDU,1.0,1,,,,,,,,,
Q7VYR8,Q7VYR8_BORPE,1.0,1,,,,,,,,,
Q7W9B1,Q7W9B1_BORPA,1.0,1,,,,,,,,,
Q7WHF6,Q7WHF6_BORBR,1.0,1,,,,,,,,,
Q7WJ07,Q7WJ07_BORBR,1.0,1,,,,,,,,,
Q81AS9,Q81AS9_BACCR,1.0,,,,,,1,,,,
Q7WLY7,Q7WLY7_BORBR,1.0,1,,,,,,,,,
Q7WMB9,Q7WMB9_BORBR,1.0,1,,,,,,,,,
Q7YS70,MECR_BOVIN,1.0,,,,,,1,,,,
Q80TB8,VAT1L_MOUSE,1.0,,,,,,1,,,,
Q819E0,Q819E0_BACCR,1.0,1,,,,,,,,,
Q81AD0,Q81AD0_BACCR,1.0,1,,,,,,,,,
Q81AR0,Q81AR0_BACCR,1.0,,,,,,1,,,,
Q81SK1,Q81SK1_BACAN,1.0,1,,,,,,,,,
Q81Y50,Q81Y50_BACAN,1.0,1,,,,,,,,,
Q826J6,Q826J6_STRAW,1.0,1,,,,,,,,,
Q889J5,Q889J5_PSESM,1.0,,,,,,1,,,,
Q881C6,Q881C6_PSESM,1.0,,,,,,1,,,,
Q881H7,Q881H7_PSESM,1.0,1,,,,,,,,,
Q881P8,Q881P8_PSESM,1.0,,,,,,1,,,,
Q882F1,Q882F1_PSESM,1.0,1,,,,,,,,,
Q885H1,Q885H1_PSESM,1.0,,,,,,1,,,,
Q886J5,Q886J5_PSESM,1.0,,,,,,1,,,,
Q887F9,Q887F9_PSESM,1.0,,,,,,1,,,,
Q88B47,Q88B47_PSESM,1.0,,,,,,1,,,,
Q82IE5,Q82IE5_STRAW,1.0,1,,,,,,,,,
Q88BB9,Q88BB9_PSESM,1.0,1,,,,,,,,,
Q88CA8,Q88CA8_PSEPK,1.0,1,,,,,,,,,
Q88CH1,Q88CH1_PSEPK,1.0,,,,,,1,,,,
Q88DR3,Q88DR3_PSEPK,1.0,,,,,,1,,,,
Q88GW1,Q88GW1_PSEPK,1.0,,,,,,1,,,,
Q88IL1,Q88IL1_PSEPK,1.0,,,,,,1,,,,
Q88IN7,Q88IN7_PSEPK,1.0,,,,,,1,,,,
Q880W1,Q880W1_PSESM,1.0,,,,,,1,,,,
Q87YB7,Q87YB7_PSESM,1.0,,,,,,1,,,,
Q87W67,Q87W67_PSESM,1.0,,,,,,1,,,,
Q87UR5,Q87UR5_PSESM,1.0,,,,,,1,,,,
Q82TV7,Q82TV7_NITEU,1.0,1,,,,,,,,,
Q82UH4,Q82UH4_NITEU,1.0,1,,,,,,,,,
Q836D4,Q836D4_ENTFA,1.0,1,,,,,,,,,
Q838N5,Q838N5_ENTFA,1.0,1,,,,,,,,,
Q839T0,Q839T0_ENTFA,1.0,1,,,,,,,,,
Q83BJ5,Q83BJ5_COXBU,1.0,1,,,,,,,,,
Q83Q60,Q83Q60_SHIFL,1.0,1,,,,,,,,,
Q83QN5,Q83QN5_SHIFL,1.0,1,,,,,,,,,
Q83QV9,Q83QV9_SHIFL,1.0,1,,,,,,,,,
Q83RM3,Q83RM3_SHIFL,1.0,1,,,,,,,,,
Q83SD7,Q83SD7_SHIFL,1.0,1,,,,,,,,,
Q869N7,Q869N7_DICDI,1.0,,,,,,1,,,,
Q871W3,Q871W3_NEUCS,1.0,,,,,,1,,,,
Q872V8,Q872V8_NEUCS,1.0,,,,,,1,,,,
Q87B29,Q87B29_XYLFT,1.0,,,,,,1,,,,
Q8R9B7,Q8R9B7_CALS4,1.0,1,,,,,,,,,
Q8RDS3,Q8RDS3_FUSNN,1.0,1,,,,,,,,,
Q5XCB9,Y809_STRP6,1.0,1,,,,,,,,,
Q9HIM3,Q9HIM3_THEAC,1.0,,,,,,1,,,,
Q9CHX1,Q9CHX1_LACLA,1.0,1,,,,,,,,,
Q9CK06,Q9CK06_PASMU,1.0,1,,,,,,,,,
Q9CMS8,Q9CMS8_PASMU,1.0,1,,,,,,,,,
Q9CN62,Q9CN62_PASMU,1.0,1,,,,,,,,,
Q9DCS3,MECR_MOUSE,1.0,,,,,,1,,,,
Q9FBQ4,Q9FBQ4_STRCO,1.0,,,,,,1,,,,
Q9HCJ6,VAT1L_HUMAN,1.0,,,,,,1,,,,
Q9HP38,Q9HP38_HALSA,1.0,,,,,,1,,,,
Q9AC82,Q9AC82_STAAN,1.0,,,,,,1,,,,
Q9HTP5,Q9HTP5_PSEAE,1.0,1,,,,,,,,,
Q9JZR8,Q9JZR8_NEIMB,1.0,1,,,,,,,,,
Q9K022,Q9K022_NEIMB,1.0,1,,,,,,,,,
Q9K673,Q9K673_BACHD,1.0,1,,,,,,,,,
Q9KAQ1,Q9KAQ1_BACHD,1.0,1,,,,,,,,,
Q9KCQ8,Q9KCQ8_BACHD,1.0,1,,,,,,,,,
Q9KCQ9,Q9KCQ9_BACHD,1.0,1,,,,,,,,,
Q9BV79,MECR_HUMAN,1.0,,,,,,1,,,,
Q9AC08,Y061_CAUCR,1.0,1,,,,,,,,,
Q92PX8,Q92PX8_RHIME,1.0,1,,,,,,,,,
Q97NV2,Q97NV2_STRPN,1.0,1,,,,,,,,,
Q92XP5,OOXB_RHIME,1.0,1,,,,,,,,,
Q92YK2,Q92YK2_RHIME,1.0,1,,,,,,,,,
Q930U6,Q930U6_RHIME,1.0,1,,,,,,,,,
Q96XA9,Q96XA9_SULTO,1.0,,,,,,1,,,,
Q96YB5,Q96YB5_SULTO,1.0,,,,,,1,,,,
Q971E3,Q971E3_SULTO,1.0,,,,,,1,,,,
Q97C38,Q97C38_THEVO,1.0,,,,,,1,,,,
Q97S03,Q97S03_STRPN,1.0,1,,,,,,,,,
Q9A120,Q9A120_STRP1,1.0,1,,,,,,,,,
Q97UK6,Q97UK6_SULSO,1.0,1,,,,,,,,,
Q97WA1,Q97WA1_SULSO,1.0,,,,,,1,,,,
Q99RB2,Y2523_STAAM,1.0,1,,,,,,,,,
Q99RQ7,Q99RQ7_STAAM,1.0,,,,,,1,,,,
Q99RU5,Q99RU5_STAAM,1.0,1,,,,,,,,,
Q99WJ6,NFRA_STAAM,1.0,1,,,,,,,,,
Q99ZU2,Q99ZU2_STRP1,1.0,1,,,,,,,,,
Q9KCT8,NAMA_BACHD,1.0,1,,,,,,,,,
Q9KDZ4,Q9KDZ4_BACHD,1.0,1,,,,,,,,,
Q9KE10,Q9KE10_BACHD,1.0,1,,,,,,,,,
S5ZCQ6,S5ZCQ6_9BACI,1.0,1,,,,,,,,,
S0AD96,S0AD96_SERPL,1.0,1,,,,,,,,,
S4RZC9,S4RZC9_PETMA,1.0,,1,,,,,,,,
S4YG66,S4YG66_SERPL,1.0,1,,,,,,,,,
S5EJU8,S5EJU8_SERLI,1.0,1,,,,,,,,,
S5NBL4,S5NBL4_SALBN,1.0,1,,,,,,,,,
S5VWT8,S5VWT8_ENTFC,1.0,1,,,,,,,,,
S5W0A7,S5W0A7_ENTFC,1.0,1,,,,,,,,,
T1FR00,T1FR00_HELRO,1.0,,,1,,,,,,,
Q9KEZ2,Q9KEZ2_BACHD,1.0,1,,,,,,,,,
U3U5Y5,U3U5Y5_9ENTR,1.0,1,,,,,,,,,
U5PTK5,U5PTK5_LACLL,1.0,1,,,,,,,,,
V3ZDP1,V3ZDP1_LOTGI,1.0,,,1,,,,,,,
V5U3B8,V5U3B8_CROSK,1.0,1,,,,,,,,,
V5XPM8,V5XPM8_ENTMU,1.0,1,,,,,,,,,
V5XRV0,V5XRV0_ENTMU,1.0,1,,,,,,,,,
W4XFT7,W4XFT7_STRPU,1.0,,,1,,,,,,,
R9X8Q9,R9X8Q9_LACPN,1.0,1,,,,,,,,,
R9VTB2,R9VTB2_9ENTR,1.0,1,,,,,,,,,
R4Q6P8,R4Q6P8_LACPN,1.0,1,,,,,,,,,
Q9ZLJ3,Q9ZLJ3_HELPJ,1.0,1,,,,,,,,,
Q9KFS2,Q9KFS2_BACHD,1.0,1,,,,,,,,,
Q9P7F4,YKK1_SCHPO,1.0,,,,,,1,,,,
Q9RJR7,Q9RJR7_STRCO,1.0,,,,,,,,,,1
Q9SV68,QORH_ARATH,1.0,,,,,,1,,,,
Q9UYN2,Q9UYN2_PYRAB,1.0,1,,,,,,,,,
Q9WYG0,Y325_THEMA,1.0,1,,,,,,,,,
Q9WYL4,Q9WYL4_THEMA,1.0,1,,,,,,,,,
Q9WZL3,Q9WZL3_THEMA,1.0,1,,,,,,,,,
Q9XXC8,MECR2_CAEEL,1.0,,,,,,1,,,,
Q9Y7D0,LOVC_ASPTE,1.0,,,,,,1,,,,
Q9YD68,Q9YD68_AERPE,1.0,1,,,,,,,,,
Q9Z311,MECR_RAT,1.0,,,,,,1,,,,
Q9Z3Q8,RHBE_RHIME,1.0,1,,,,,,,,,
Q9Z3S3,ORDL_RHIME,1.0,1,,,,,,,,,
Q9ZKB6,Q9ZKB6_HELPJ,1.0,1,,,,,,,,,
Q92X89,Q92X89_RHIME,1.0,1,,,,,,,,,
Q92PV6,Q92PV6_RHIME,1.0,1,,,,,,,,,
Q8TSM3,Q8TSM3_METAC,1.0,,,,,,1,,,,
Q8XW78,Q8XW78_RALSO,1.0,1,,,,,,,,,
Q8XTH4,Q8XTH4_RALSO,1.0,1,,,,,,,,,
Q8XTY8,Q8XTY8_RALSO,1.0,1,,,,,,,,,
Q8XUH9,Q8XUH9_RALSO,1.0,1,,,,,,,,,
Q8XUI7,Q8XUI7_RALSO,1.0,1,,,,,,,,,
Q8XUP8,Q8XUP8_RALSO,1.0,1,,,,,,,,,
Q8XV44,Q8XV44_RALSO,1.0,1,,,,,,,,,
Q8XVS6,Q8XVS6_RALSO,1.0,1,,,,,,,,,
Q8XXK0,Q8XXK0_RALSO,1.0,1,,,,,,,,,
Q8XSN6,Q8XSN6_RALSO,1.0,1,,,,,,,,,
Q8XYC0,Q8XYC0_RALSO,1.0,1,,,,,,,,,
Q8XYM8,Q8XYM8_RALSO,1.0,1,,,,,,,,,
Q8XZ38,Q8XZ38_RALSO,1.0,1,,,,,,,,,
Q8Y0L4,Q8Y0L4_RALSO,1.0,1,,,,,,,,,
Q8Y0W1,Q8Y0W1_RALSO,1.0,1,,,,,,,,,
Q8Y169,Q8Y169_RALSO,1.0,1,,,,,,,,,
Q8Y1I8,Q8Y1I8_RALSO,1.0,1,,,,,,,,,
Q8XSW3,Q8XSW3_RALSO,1.0,1,,,,,,,,,
Q8XSM2,Q8XSM2_RALSO,1.0,1,,,,,,,,,
Q92PP4,Q92PP4_RHIME,1.0,1,,,,,,,,,
Q8XGS4,Q8XGS4_SALTI,1.0,1,,,,,,,,,
Q8TSM5,Q8TSM5_METAC,1.0,,,,,,1,,,,
Q8U3B3,Q8U3B3_PYRFU,1.0,1,,,,,,,,,
Q8WWV3,RT4I1_HUMAN,1.0,,,,,,1,,,,
Q8X4M2,Q8X4M2_ECO57,1.0,1,,,,,,,,,
Q8XBJ4,UCPA_ECO57,1.0,1,,,,,,,,,
Q8XCZ8,Q8XCZ8_ECO57,1.0,1,,,,,,,,,
Q8XE83,Q8XE83_ECO57,1.0,1,,,,,,,,,
Q8XNZ4,Q8XNZ4_CLOPE,1.0,1,,,,,,,,,
Q8XSM1,Q8XSM1_RALSO,1.0,1,,,,,,,,,
Q8XQ55,Q8XQ55_RALSO,1.0,1,,,,,,,,,
Q8XR07,Q8XR07_RALSO,1.0,1,,,,,,,,,
Q8XR99,Q8XR99_RALSO,1.0,1,,,,,,,,,
Q8XRC3,Q8XRC3_RALSO,1.0,1,,,,,,,,,
Q8XRF0,Q8XRF0_RALSO,1.0,1,,,,,,,,,
Q8XRY4,Q8XRY4_RALSO,1.0,1,,,,,,,,,
Q8XS92,Q8XS92_RALSO,1.0,1,,,,,,,,,
Q8Y282,Q8Y282_RALSO,1.0,1,,,,,,,,,
Q8Y2Q1,Q8Y2Q1_RALSO,1.0,1,,,,,,,,,
Q8Y2W7,Q8Y2W7_RALSO,1.0,1,,,,,,,,,
Q92LM7,Q92LM7_RHIME,1.0,1,,,,,,,,,
Q924D0,RT4I1_MOUSE,1.0,,,,,,1,,,,
Q928C2,NAMA_LISIN,1.0,1,,,,,,,,,
Q92D83,Q92D83_LISIN,1.0,1,,,,,,,,,
Q92DY7,Q92DY7_LISIN,1.0,1,,,,,,,,,
Q92EK7,Y452_LISIN,1.0,1,,,,,,,,,
Q92EY5,Q92EY5_LISIN,1.0,1,,,,,,,,,
Q92FF5,Q92FF5_LISIN,1.0,1,,,,,,,,,
Q92LR9,Q92LR9_RHIME,1.0,1,,,,,,,,,
Q8Y310,Q8Y310_RALSO,1.0,1,,,,,,,,,
Q92MQ6,Q92MQ6_RHIME,1.0,1,,,,,,,,,
Q92MQ9,Q92MQ9_RHIME,1.0,1,,,,,,,,,
Q92MR0,Q92MR0_RHIME,1.0,1,,,,,,,,,
Q92MR1,Q92MR1_RHIME,1.0,1,,,,,,,,,
Q92MR6,Q92MR6_RHIME,1.0,1,,,,,,,,,
Q92N93,Q92N93_RHIME,1.0,1,,,,,,,,,
Q92PC7,Q92PC7_RHIME,1.0,1,,,,,,,,,
Q8ZUP0,Q8ZUP0_PYRAE,1.0,,,,,,1,,,,
Q8ZNM5,Q8ZNM5_SALTY,1.0,1,,,,,,,,,
Q8ZM09,Q8ZM09_SALTY,1.0,1,,,,,,,,,
Q8Z5B3,Q8Z5B3_SALTI,1.0,1,,,,,,,,,
Q8Y325,Q8Y325_RALSO,1.0,1,,,,,,,,,
Q8Y4H1,NAMA_LISMO,1.0,1,,,,,,,,,
Q8Y8G8,Q8Y8G8_LISMO,1.0,1,,,,,,,,,
Q8Y964,Q8Y964_LISMO,1.0,1,,,,,,,,,
Q8YA64,Q8YA64_LISMO,1.0,1,,,,,,,,,
Q8YAL5,Q8YAL5_LISMO,1.0,1,,,,,,,,,
Q8YB82,Q8YB82_BRUME,1.0,1,,,,,,,,,
Q8YC36,Q8YC36_BRUME,1.0,,,,,,1,,,,
Q8YFG5,Q8YFG5_BRUME,1.0,1,,,,,,,,,
Q8YGP4,Q8YGP4_BRUME,1.0,,,,,,1,,,,
Q8YPE5,Q8YPE5_NOSS1,1.0,1,,,,,,,,,
Q8YSY1,Q8YSY1_NOSS1,1.0,,,,,,1,,,,
Q8YZI5,Q8YZI5_NOSS1,1.0,1,,,,,,,,,
Q8YZP5,Q8YZP5_NOSS1,1.0,,,,,,1,,,,
Q8Z3Q5,Q8Z3Q5_SALTI,1.0,1,,,,,,,,,
Q7VEM5,Q7VEM5_MYCBO,1.0,1,,,,,,,,,
Q7VEM1,Q7VEM1_MYCBO,1.0,1,,,,,,,,,
Q7VC85,Q7VC85_PROMA,1.0,1,,,,,,,,,
Q6MM11,Q6MM11_BDEBA,1.0,1,,,,,,,,,
Q6L324,Q6L324_PICTO,1.0,1,,,,,,,,,
Q6LGS0,Q6LGS0_PHOPR,1.0,1,,,,,,,,,
Q6LR43,Q6LR43_PHOPR,1.0,1,,,,,,,,,
Q6M103,Q6M103_METMP,1.0,1,,,,,,,,,
Q6M3U2,Q6M3U2_CORGL,1.0,1,,,,,,,,,
Q6MAU7,Q6MAU7_PARUW,1.0,1,,,,,,,,,
Q6ML69,Q6ML69_BDEBA,1.0,1,,,,,,,,,
Q6MNE1,Q6MNE1_BDEBA,1.0,1,,,,,,,,,
Q6L0T3,Q6L0T3_PICTO,1.0,1,,,,,,,,,
Q6MQV1,Q6MQV1_BDEBA,1.0,1,,,,,,,,,
Q6MRF2,Q6MRF2_BDEBA,1.0,1,,,,,,,,,
Q6MRN8,Q6MRN8_BDEBA,1.0,1,,,,,,,,,
Q6N831,Q6N831_RHOPA,1.0,1,,,,,,,,,
Q6NF68,Q6NF68_CORDI,1.0,1,,,,,,,,,
Q6NJX6,Q6NJX6_CORDI,1.0,1,,,,,,,,,
Q6NK99,Q6NK99_CORDI,1.0,1,,,,,,,,,
Q6L244,Q6L244_PICTO,1.0,1,,,,,,,,,
Q6L0S1,Q6L0S1_PICTO,1.0,,,,,,1,,,,
Q6FU26,Q6FU26_CANGA,1.0,1,,,,,,,,,
Q6GJR6,NFRA_STAAR,1.0,1,,,,,,,,,
Q6G6V0,Q6G6V0_STAAS,1.0,,,,,,1,,,,
Q6G6Z2,Q6G6Z2_STAAS,1.0,1,,,,,,,,,
Q6G7C8,ZDH1_STAAS,1.0,,,,,,1,,,,
Q6GC90,NFRA_STAAS,1.0,1,,,,,,,,,
Q6GE61,Q6GE61_STAAR,1.0,,,,,,1,,,,
Q6GEA6,Q6GEA6_STAAR,1.0,1,,,,,,,,,
Q6GEP3,ZDH1_STAAR,1.0,,,,,,1,,,,
Q6GQK6,Q6GQK6_XENLA,1.0,,,,,,,,1,,
Q6L039,Q6L039_PICTO,1.0,1,,,,,,,,,
Q6GQN8,MECR_DANRE,1.0,,,,,,1,,,,
Q6HFF6,Q6HFF6_BACHK,1.0,1,,,,,,,,,
Q6HH54,Q6HH54_BACHK,1.0,1,,,,,,,,,
Q6HKT9,Q6HKT9_BACHK,1.0,1,,,,,,,,,
Q6K840,Q6K840_ORYSJ,1.0,,,,,,1,,,,
Q6KIM2,Q6KIM2_MYCMO,1.0,1,,,,,,,,,
Q6KYZ1,Q6KYZ1_PICTO,1.0,1,,,,,,,,,
Q6YQD8,Q6YQD8_ONYPE,1.0,1,,,,,,,,,
Q71WK5,Q71WK5_LISMF,1.0,,,,,,1,,,,
Q71WV6,NAMA_LISMF,1.0,1,,,,,,,,,
Q73GK3,Q73GK3_WOLPM,1.0,,,,,,1,,,,
Q736Y0,Q736Y0_BACC1,1.0,,,,,,1,,,,
Q737H1,Q737H1_BACC1,1.0,,,,,,1,,,,
Q739E7,Q739E7_BACC1,1.0,,,,,,1,,,,
Q73AN6,Q73AN6_BACC1,1.0,1,,,,,,,,,
Q73CG6,Q73CG6_BACC1,1.0,,,,,,1,,,,
Q73D37,Q73D37_BACC1,1.0,,,,,,1,,,,
Q73F09,Q73F09_BACC1,1.0,,,,,,1,,,,
Q73SN0,Q73SN0_MYCPA,1.0,1,,,,,,,,,
Q721M9,Q721M9_LISMF,1.0,1,,,,,,,,,
Q73SU6,Q73SU6_MYCPA,1.0,1,,,,,,,,,
Q73VR1,Q73VR1_MYCPA,1.0,1,,,,,,,,,
Q73YU4,Q73YU4_MYCPA,1.0,1,,,,,,,,,
Q73YY4,Q73YY4_MYCPA,1.0,1,,,,,,,,,
Q742E5,Q742E5_MYCPA,1.0,1,,,,,,,,,
Q74F75,Q74F75_GEOSL,1.0,1,,,,,,,,,
Q74FB3,Q74FB3_GEOSL,1.0,1,,,,,,,,,
Q735S6,Q735S6_BACC1,1.0,1,,,,,,,,,
Q734D7,Q734D7_BACC1,1.0,,,,,,1,,,,
Q734B1,Q734B1_BACC1,1.0,,,,,,1,,,,
Q733Y6,Q733Y6_BACC1,1.0,,,,,,1,,,,
Q722E2,Q722E2_LISMF,1.0,,,,,,1,,,,
Q722M5,Q722M5_LISMF,1.0,1,,,,,,,,,
Q722T7,Q722T7_LISMF,1.0,,,,,,1,,,,
Q723M9,Q723M9_LISMF,1.0,1,,,,,,,,,
Q724A8,Q724A8_LISMF,1.0,1,,,,,,,,,
Q724V2,Q724V2_LISMF,1.0,1,,,,,,,,,
Q726H2,Q726H2_DESVH,1.0,1,,,,,,,,,
Q727V0,Q727V0_DESVH,1.0,,,,,,1,,,,
Q72B54,Q72B54_DESVH,1.0,1,,,,,,,,,
Q72GL5,Q72GL5_THET2,1.0,,,,,,1,,,,
Q72GY0,Q72GY0_THET2,1.0,1,,,,,,,,,
Q72HC3,Q72HC3_THET2,1.0,,,,,,1,,,,
Q72IG9,Q72IG9_THET2,1.0,,,,,,1,,,,
Q72KK6,Q72KK6_THET2,1.0,,,,,,1,,,,
Q72LG2,Q72LG2_THET2,1.0,,,,,,1,,,,
Q6G6F2,Y2409_STAAS,1.0,1,,,,,,,,,
Q6FU25,Q6FU25_CANGA,1.0,1,,,,,,,,,
Q7V837,Q7V837_PROMM,1.0,1,,,,,,,,,
Q63FM6,Q63FM6_BACCZ,1.0,,,,,,1,,,,
Q638J5,Q638J5_BACCZ,1.0,,,,,,1,,,,
Q639R9,Q639R9_BACCZ,1.0,1,,,,,,,,,
Q63AT8,Q63AT8_BACCZ,1.0,,,,,,1,,,,
Q63BT7,Q63BT7_BACCZ,1.0,1,,,,,,,,,
Q63C55,Q63C55_BACCZ,1.0,,,,,,1,,,,
Q63DC7,Q63DC7_BACCZ,1.0,1,,,,,,,,,
Q63EZ8,Q63EZ8_BACCZ,1.0,,,,,,1,,,,
Q63H27,Q63H27_BACCZ,1.0,,,,,,1,,,,
Q638A5,Q638A5_BACCZ,1.0,,,,,,1,,,,
Q63I31,Q63I31_BURPS,1.0,1,,,,,,,,,
Q63K95,Q63K95_BURPS,1.0,1,,,,,,,,,
Q63LY5,Q63LY5_BURPS,1.0,1,,,,,,,,,
Q63N35,Q63N35_BURPS,1.0,1,,,,,,,,,
Q63Y09,Q63Y09_BURPS,1.0,1,,,,,,,,,
Q64PL3,Q64PL3_BACFR,1.0,1,,,,,,,,,
Q64VR7,Q64VR7_BACFR,1.0,1,,,,,,,,,
Q638J3,Q638J3_BACCZ,1.0,,,,,,1,,,,
Q637Y1,Q637Y1_BACCZ,1.0,,,,,,1,,,,
Q6FMS1,Q6FMS1_CANGA,1.0,1,,,,,,,,,
Q5ZWE2,Q5ZWE2_LEGPH,1.0,1,,,,,,,,,
Q5XDC9,Q5XDC9_STRP6,1.0,1,,,,,,,,,
Q5YVE5,Q5YVE5_NOCFA,1.0,1,,,,,,,,,
Q5YX99,Q5YX99_NOCFA,1.0,1,,,,,,,,,
Q5ZHT3,Q5ZHT3_CHICK,1.0,,,,,,1,,,,
Q5ZTF4,Q5ZTF4_LEGPH,1.0,,,,,,1,,,,
Q5ZUK3,Q5ZUK3_LEGPH,1.0,1,,,,,,,,,
Q5ZUR1,Q5ZUR1_LEGPH,1.0,,,,,,1,,,,
Q5ZYS5,Q5ZYS5_LEGPH,1.0,1,,,,,,,,,
Q637W0,Q637W0_BACCZ,1.0,,,,,,1,,,,
Q604H5,Q604H5_METCA,1.0,1,,,,,,,,,
Q609T5,Q609T5_METCA,1.0,1,,,,,,,,,
Q629Y8,Q629Y8_BURMA,1.0,1,,,,,,,,,
Q62BF6,Q62BF6_BURMA,1.0,1,,,,,,,,,
Q62MY4,Q62MY4_BURMA,1.0,1,,,,,,,,,
Q62YI5,Q62YI5_BACLD,1.0,,,,,,1,,,,
Q637I3,Q637I3_BACCZ,1.0,1,,,,,,,,,
Q64X81,Q64X81_BACFR,1.0,1,,,,,,,,,
Q65DM9,Q65DM9_BACLD,1.0,1,,,,,,,,,
Q65HN9,NAMA_BACLD,1.0,1,,,,,,,,,
Q6F934,Q6F934_ACIAD,1.0,1,,,,,,,,,
Q6CLG2,Q6CLG2_KLULA,1.0,1,,,,,,,,,
Q6D319,Q6D319_PECAS,1.0,1,,,,,,,,,
Q6D7V4,Q6D7V4_PECAS,1.0,1,,,,,,,,,
Q6DJR0,Q6DJR0_XENTR,1.0,,,,,,1,,,,
Q6F1H7,Q6F1H7_MESFL,1.0,1,,,,,,,,,
Q6F7Z6,Q6F7Z6_ACIAD,1.0,1,,,,,,,,,
Q6F8Y0,Q6F8Y0_ACIAD,1.0,,,,,,1,,,,
Q6FB51,Q6FB51_ACIAD,1.0,1,,,,,,,,,
Q65IF9,Q65IF9_BACLD,1.0,1,,,,,,,,,
Q6FB94,Q6FB94_ACIAD,1.0,1,,,,,,,,,
Q6FBA1,Q6FBA1_ACIAD,1.0,1,,,,,,,,,
Q6FBH9,Q6FBH9_ACIAD,1.0,,,,,,1,,,,
Q6FC94,Q6FC94_ACIAD,1.0,,,,,,1,,,,
Q6FE88,Q6FE88_ACIAD,1.0,1,,,,,,,,,
Q6FEK6,Q6FEK6_ACIAD,1.0,1,,,,,,,,,
Q6FF29,Q6FF29_ACIAD,1.0,1,,,,,,,,,
Q6CIR6,ETR1_KLULA,1.0,,,,,,1,,,,
Q6CF54,Q6CF54_YARLI,1.0,,,,,,,,,,1
Q6CBE4,ETR1_YARLI,1.0,,,,,,1,,,,
Q6CAJ7,Q6CAJ7_YARLI,1.0,,,,,,,,,,1
Q65IG1,Q65IG1_BACLD,1.0,1,,,,,,,,,
Q65L03,Q65L03_BACLD,1.0,1,,,,,,,,,
Q65LN9,Q65LN9_BACLD,1.0,1,,,,,,,,,
Q65LZ4,Q65LZ4_BACLD,1.0,1,,,,,,,,,
Q65M14,Q65M14_BACLD,1.0,,,,,,1,,,,
Q65MG6,Q65MG6_BACLD,1.0,1,,,,,,,,,
Q65N99,Q65N99_BACLD,1.0,1,,,,,,,,,
Q66DL7,Q66DL7_YERPS,1.0,1,,,,,,,,,
Q66KE1,Q66KE1_XENTR,1.0,,,,,,1,,,,
Q6APE8,Q6APE8_DESPS,1.0,1,,,,,,,,,
Q6AQI7,Q6AQI7_DESPS,1.0,1,,,,,,,,,
Q6AYT0,QOR_RAT,1.0,,,,,,1,,,,
Q6BLV6,ETR1_DEBHA,1.0,,,,,,1,,,,
Q6BQS9,Q6BQS9_DEBHA,1.0,1,,,,,,,,,
Q6BV30,ETR2_DEBHA,1.0,,,,,,1,,,,
Q74GP9,Q74GP9_GEOSL,1.0,1,,,,,,,,,
Q74LC7,Q74LC7_LACJO,1.0,1,,,,,,,,,
Q757U3,ETR1_ASHGO,1.0,,,,,,1,,,,
Q7U0K1,Q7U0K1_MYCBO,1.0,1,,,,,,,,,
Q7TZK4,Q7TZK4_MYCBO,1.0,1,,,,,,,,,
Q7TZP8,Q7TZP8_MYCBO,1.0,1,,,,,,,,,
Q7U006,Q7U006_MYCBO,1.0,1,,,,,,,,,
Q7U032,Q7U032_MYCBO,1.0,1,,,,,,,,,
Q7U098,Q7U098_MYCBO,1.0,1,,,,,,,,,
Q7U0A9,Q7U0A9_MYCBO,1.0,1,,,,,,,,,
Q7U0G5,Q7U0G5_MYCBO,1.0,1,,,,,,,,,
Q7U0S6,Q7U0S6_MYCBO,1.0,1,,,,,,,,,
Q7TZF6,Q7TZF6_MYCBO,1.0,1,,,,,,,,,
Q7U0Z3,Q7U0Z3_MYCBO,1.0,1,,,,,,,,,
Q7U142,Q7U142_MYCBO,1.0,1,,,,,,,,,
Q7U147,Q7U147_MYCBO,1.0,1,,,,,,,,,
Q7U176,Q7U176_MYCBO,1.0,1,,,,,,,,,
Q7U193,Q7U193_MYCBO,1.0,1,,,,,,,,,
Q7U1B6,Q7U1B6_MYCBO,1.0,1,,,,,,,,,
Q7U1F8,Q7U1F8_MYCBO,1.0,1,,,,,,,,,
Q7TZJ6,Q7TZJ6_MYCBO,1.0,1,,,,,,,,,
Q7TZF5,Q7TZF5_MYCBO,1.0,1,,,,,,,,,
Q759Z1,Q759Z1_ASHGO,1.0,1,,,,,,,,,
Q7TXA6,Q7TXA6_MYCBO,1.0,1,,,,,,,,,
Q7TWN4,Q7TWN4_MYCBO,1.0,1,,,,,,,,,
Q7TWY1,Q7TWY1_MYCBO,1.0,1,,,,,,,,,
Q7TWY9,Q7TWY9_MYCBO,1.0,1,,,,,,,,,
Q7TX38,Q7TX38_MYCBO,1.0,1,,,,,,,,,
Q7TX50,Q7TX50_MYCBO,1.0,1,,,,,,,,,
Q7TX97,Q7TX97_MYCBO,1.0,1,,,,,,,,,
Q7TXA4,Q7TXA4_MYCBO,1.0,1,,,,,,,,,
Q7TXD3,Q7TXD3_MYCBO,1.0,1,,,,,,,,,
Q7TZF0,Q7TZF0_MYCBO,1.0,1,,,,,,,,,
Q7TXG4,Q7TXG4_MYCBO,1.0,1,,,,,,,,,
Q7TXH1,Q7TXH1_MYCBO,1.0,1,,,,,,,,,
Q7TXM9,Q7TXM9_MYCBO,1.0,1,,,,,,,,,
Q7TZ91,Q7TZ91_MYCBO,1.0,1,,,,,,,,,
Q7TZ93,Q7TZ93_MYCBO,1.0,1,,,,,,,,,
Q7TZ95,Q7TZ95_MYCBO,1.0,1,,,,,,,,,
Q7TZB1,Q7TZB1_MYCBO,1.0,1,,,,,,,,,
Q7U1G7,Q7U1G7_MYCBO,1.0,1,,,,,,,,,
Q7U1G8,Q7U1G8_MYCBO,1.0,1,,,,,,,,,
Q7U1J2,Q7U1J2_MYCBO,1.0,1,,,,,,,,,
Q7UNG5,Q7UNG5_RHOBA,1.0,1,,,,,,,,,
Q7U3C6,Q7U3C6_SYNPX,1.0,1,,,,,,,,,
Q7UDV3,Q7UDV3_RHOBA,1.0,1,,,,,,,,,
Q7UE14,Q7UE14_RHOBA,1.0,1,,,,,,,,,
Q7UJA6,Q7UJA6_RHOBA,1.0,1,,,,,,,,,
Q7UJP4,Q7UJP4_RHOBA,1.0,1,,,,,,,,,
Q7ULC9,Q7ULC9_RHOBA,1.0,,,,,,,,,,1
Q7UNE7,Q7UNE7_RHOBA,1.0,1,,,,,,,,,
Q7UNM5,Q7UNM5_RHOBA,1.0,1,,,,,,,,,
Q7U1R9,Q7U1R9_MYCBO,1.0,1,,,,,,,,,
Q7USL3,Q7USL3_RHOBA,1.0,1,,,,,,,,,
Q7USN0,Q7USN0_RHOBA,1.0,1,,,,,,,,,
Q7UWL7,Q7UWL7_RHOBA,1.0,1,,,,,,,,,
Q7UX54,Q7UX54_RHOBA,1.0,1,,,,,,,,,
Q7UZG4,Q7UZG4_PROMP,1.0,1,,,,,,,,,
Q7V3T6,Q7V3T6_PROMM,1.0,1,,,,,,,,,
Q7V4C6,Q7V4C6_PROMM,1.0,1,,,,,,,,,
Q7U2Z0,Q7U2Z0_MYCBO,1.0,1,,,,,,,,,
Q7U2X9,Q7U2X9_MYCBO,1.0,1,,,,,,,,,
Q7U2X4,Q7U2X4_MYCBO,1.0,1,,,,,,,,,
Q7U2W0,Q7U2W0_MYCBO,1.0,1,,,,,,,,,
Q7U1T1,Q7U1T1_MYCBO,1.0,1,,,,,,,,,
Q7U1W6,Q7U1W6_MYCBO,1.0,1,,,,,,,,,
Q7U1W7,Q7U1W7_MYCBO,1.0,1,,,,,,,,,
Q7U200,Q7U200_MYCBO,1.0,1,,,,,,,,,
Q7U257,Q7U257_MYCBO,1.0,1,,,,,,,,,
Q7U258,Q7U258_MYCBO,1.0,1,,,,,,,,,
Q7U283,Q7U283_MYCBO,1.0,1,,,,,,,,,
Q7U2B4,Q7U2B4_MYCBO,1.0,1,,,,,,,,,
Q7U2G9,Q7U2G9_MYCBO,1.0,1,,,,,,,,,
Q7U2P7,Q7U2P7_MYCBO,1.0,1,,,,,,,,,
Q7U2R0,Q7U2R0_MYCBO,1.0,1,,,,,,,,,
Q7U2R9,Q7U2R9_MYCBO,1.0,1,,,,,,,,,
Q7U2S3,Q7U2S3_MYCBO,1.0,1,,,,,,,,,
Q7U2V6,Q7U2V6_MYCBO,1.0,1,,,,,,,,,
Q7U2V9,Q7U2V9_MYCBO,1.0,1,,,,,,,,,
Q7TWM9,Q7TWM9_MYCBO,1.0,1,,,,,,,,,
Q7TWM1,Q7TWM1_MYCBO,1.0,1,,,,,,,,,
Q7TWK5,Q7TWK5_MYCBO,1.0,1,,,,,,,,,
Q7M7R8,Q7M7R8_WOLSU,1.0,1,,,,,,,,,
Q7D0L3,Q7D0L3_AGRT5,1.0,,,,,,1,,,,
Q7D323,Q7D323_AGRT5,1.0,,,,,,1,,,,
Q7D3P9,Q7D3P9_AGRT5,1.0,,,,,,1,,,,
Q7D3Q5,Q7D3Q5_AGRT5,1.0,,,,,,1,,,,
Q7D7H4,Q7D7H4_MYCTO,1.0,1,,,,,,,,,
Q7EYM8,Q7EYM8_ORYSJ,1.0,,,,,,1,,,,
Q7FA53,Q7FA53_ORYSJ,1.0,,,,,,1,,,,
Q7M867,Q7M867_WOLSU,1.0,1,,,,,,,,,
Q7MWE6,Q7MWE6_PORGI,1.0,1,,,,,,,,,
Q7M868,Q7M868_WOLSU,1.0,1,,,,,,,,,
Q7M872,Q7M872_WOLSU,1.0,1,,,,,,,,,
Q7M873,Q7M873_WOLSU,1.0,1,,,,,,,,,
Q7M874,Q7M874_WOLSU,1.0,1,,,,,,,,,
Q7MC21,Q7MC21_VIBVY,1.0,,,,,,1,,,,
Q7MHS2,Q7MHS2_VIBVY,1.0,,,,,,1,,,,
Q7MQI1,Q7MQI1_VIBVY,1.0,,,,,,1,,,,
Q7CVF9,Q7CVF9_AGRT5,1.0,1,,,,,,,,,
Q7CR11,Q7CR11_SALTY,1.0,1,,,,,,,,,
Q7CNH0,Q7CNH0_STRP8,1.0,1,,,,,,,,,
Q7CN93,Q7CN93_STRP8,1.0,1,,,,,,,,,
Q75BV0,Q75BV0_ASHGO,1.0,1,,,,,,,,,
Q75CZ4,Q75CZ4_ASHGO,1.0,1,,,,,,,,,
Q75E75,Q75E75_ASHGO,1.0,1,,,,,,,,,
Q75FB4,Q75FB4_ASHGO,1.0,1,,,,,,,,,
Q75JT6,Q75JT6_DICDI,1.0,,,,,,1,,,,
Q75JW6,Q75JW6_DICDI,1.0,,,,,,1,,,,
Q79ZZ6,Y2443_STAAW,1.0,1,,,,,,,,,
Q7A3H8,Y2311_STAAN,1.0,1,,,,,,,,,
Q7A3W3,Q7A3W3_STAAN,1.0,,,,,,1,,,,
Q7A3Z5,Q7A3Z5_STAAN,1.0,1,,,,,,,,,
Q7A6H9,Q7A6H9_STAAN,1.0,1,,,,,,,,,
Q7A7J0,NFRA_STAAN,1.0,1,,,,,,,,,
Q7ACA3,Q7ACA3_ECO57,1.0,1,,,,,,,,,
Q7CF56,Q7CF56_STRP3,1.0,1,,,,,,,,,
Q7CJZ4,Q7CJZ4_YERPE,1.0,1,,,,,,,,,
Q7MR07,Q7MR07_WOLSU,1.0,1,,,,,,,,,
Q7N0R2,Q7N0R2_PHOLL,1.0,1,,,,,,,,,
Q7TWE6,Q7TWE6_MYCBO,1.0,1,,,,,,,,,
Q7TVU3,Q7TVU3_MYCBO,1.0,1,,,,,,,,,
Q7T016,Q7T016_DANRE,1.0,,,,,,,,1,,
Q7T3C7,RT4I1_DANRE,1.0,,,,,,1,,,,
Q7TVB7,Q7TVB7_MYCBO,1.0,1,,,,,,,,,
Q7TVP4,Q7TVP4_MYCBO,1.0,1,,,,,,,,,
Q7TVT1,Q7TVT1_MYCBO,1.0,1,,,,,,,,,
Q7TVT2,Q7TVT2_MYCBO,1.0,1,,,,,,,,,
Q7TVU2,Q7TVU2_MYCBO,1.0,1,,,,,,,,,
Q7TVU4,Q7TVU4_MYCBO,1.0,1,,,,,,,,,
Q7ND87,Q7ND87_GLOVI,1.0,1,,,,,,,,,
Q7TW80,Q7TW80_MYCBO,1.0,1,,,,,,,,,
Q7TW81,Q7TW81_MYCBO,1.0,1,,,,,,,,,
Q7TW84,Q7TW84_MYCBO,1.0,1,,,,,,,,,
Q7TW85,Q7TW85_MYCBO,1.0,1,,,,,,,,,
Q7TW94,Q7TW94_MYCBO,1.0,1,,,,,,,,,
Q7TWA1,Q7TWA1_MYCBO,1.0,1,,,,,,,,,
Q7TWB1,Q7TWB1_MYCBO,1.0,1,,,,,,,,,
Q7SGE9,Q7SGE9_NEUCR,1.0,,,,,,1,,,,
Q7SAC7,Q7SAC7_NEUCR,1.0,,,,,,1,,,,
Q7S521,Q7S521_NEUCR,1.0,,,,,,1,,,,
Q7S492,Q7S492_NEUCR,1.0,,,,,,1,,,,
Q7NIM9,Q7NIM9_GLOVI,1.0,1,,,,,,,,,
Q7NNJ1,Q7NNJ1_GLOVI,1.0,1,,,,,,,,,
Q7NW09,Q7NW09_CHRVO,1.0,1,,,,,,,,,
Q7PVP3,Q7PVP3_ANOGA,1.0,,,,,,1,,,,
Q7PVV1,Q7PVV1_ANOGA,1.0,,,,,,1,,,,
Q7PYX9,Q7PYX9_ANOGA,1.0,,,,,,1,,,,
Q7PZC1,Q7PZC1_ANOGA,1.0,,,,,,1,,,,
Q7Q5E7,Q7Q5E7_ANOGA,1.0,,,,,,1,,,,
Q7QHH6,Q7QHH6_ANOGA,1.0,,,,,,1,,,,
Q7RGV4,Q7RGV4_PLAYO,1.0,,,,,,1,,,,
Q7RWC7,Q7RWC7_NEUCR,1.0,,,,,,1,,,,
Q7RWP0,Q7RWP0_NEUCR,1.0,,,,,,1,,,,
Q7RZ31,Q7RZ31_NEUCR,1.0,,,,,,1,,,,
Q7S0R4,Q7S0R4_NEUCR,1.0,,,,,,1,,,,
Q7S3S7,Q7S3S7_NEUCR,1.0,,,,,,1,,,,
Q21GE4,Q21GE4_SACD2,1.0,,,,,,1,,,,
Q21DC0,Q21DC0_RHOPB,1.0,,,,,,1,,,,
C6D2P3,C6D2P3_PAESJ,1.0,1,,,,,,,,,
D7B5E5,D7B5E5_NOCDD,1.0,1,,,,,,,,,
D6XTF9,D6XTF9_BACIE,1.0,1,,,,,,,,,
D6XVH4,D6XVH4_BACIE,1.0,1,,,,,,,,,
D6ZJ78,D6ZJ78_MOBCV,1.0,1,,,,,,,,,
D6ZRA1,D6ZRA1_STRP0,1.0,1,,,,,,,,,
D6ZWZ3,D6ZWZ3_BIFLJ,1.0,1,,,,,,,,,
D6ZZQ3,D6ZZQ3_STAND,1.0,1,,,,,,,,,
D7AQL7,D7AQL7_THEM3,1.0,1,,,,,,,,,
D7BP25,D7BP25_ARCHD,1.0,1,,,,,,,,,
D5XDN6,D5XDN6_THEPJ,1.0,1,,,,,,,,,
D7CUR8,D7CUR8_TRURR,1.0,1,,,,,,,,,
D7FCQ7,D7FCQ7_HELP3,1.0,1,,,,,,,,,
D7FDZ4,D7FDZ4_HELP3,1.0,1,,,,,,,,,
D8H2F6,D8H2F6_BACAI,1.0,1,,,,,,,,,
D8H4S0,D8H4S0_BACAI,1.0,1,,,,,,,,,
D8HS48,D8HS48_AMYMU,1.0,1,,,,,,,,,
D8I2L5,D8I2L5_AMYMU,1.0,1,,,,,,,,,
D6DVJ6,D6DVJ6_ENTCL,1.0,1,,,,,,,,,
D5WHH1,D5WHH1_BURSC,1.0,1,,,,,,,,,
D5CW49,D5CW49_ECOKI,1.0,1,,,,,,,,,
D5DVZ7,D5DVZ7_BACMQ,1.0,1,,,,,,,,,
D5DF46,D5DF46_BACMD,1.0,1,,,,,,,,,
D5DHX0,D5DHX0_BACMD,1.0,1,,,,,,,,,
D5DHZ7,D5DHZ7_BACMD,1.0,1,,,,,,,,,
D5DN89,D5DN89_BACMD,1.0,1,,,,,,,,,
D5DPI1,D5DPI1_BACMQ,1.0,1,,,,,,,,,
D5DRZ1,D5DRZ1_BACMQ,1.0,1,,,,,,,,,
D5DVD5,D5DVD5_BACMQ,1.0,1,,,,,,,,,
D5DW24,D5DW24_BACMQ,1.0,1,,,,,,,,,
D5UBW0,D5UBW0_CELFN,1.0,1,,,,,,,,,
D5H1P2,D5H1P2_LACCS,1.0,1,,,,,,,,,
D5T071,D5T071_LEUKI,1.0,1,,,,,,,,,
D5T0B5,D5T0B5_LEUKI,1.0,1,,,,,,,,,
D5T7E0,D5T7E0_LEGP2,1.0,1,,,,,,,,,
D5TQ19,D5TQ19_BACT1,1.0,1,,,,,,,,,
D5TSB4,D5TSB4_BACT1,1.0,1,,,,,,,,,
D5TVQ5,D5TVQ5_BACT1,1.0,1,,,,,,,,,
D8JSN6,D8JSN6_HYPDA,1.0,1,,,,,,,,,
D8KK34,D8KK34_CORPF,1.0,1,,,,,,,,,
D8MP50,D8MP50_ERWBE,1.0,1,,,,,,,,,
E3EDD3,E3EDD3_PAEPS,1.0,1,,,,,,,,,
E1UT19,E1UT19_BACAS,1.0,1,,,,,,,,,
E1UUI2,E1UUI2_BACAS,1.0,1,,,,,,,,,
E1WZE4,E1WZE4_BACMS,1.0,1,,,,,,,,,
E1X7U7,E1X7U7_HAEI1,1.0,1,,,,,,,,,
E2QH90,E2QH90_ECOLX,1.0,1,,,,,,,,,
E3DJL2,E3DJL2_ERWSE,1.0,1,,,,,,,,,
E3E9Q6,E3E9Q6_PAEPS,1.0,1,,,,,,,,,
E3ERE6,E3ERE6_BIFBS,1.0,1,,,,,,,,,
D8MPZ4,D8MPZ4_ERWBE,1.0,1,,,,,,,,,
E3F0Z8,E3F0Z8_KETVY,1.0,1,,,,,,,,,
E3F4W0,E3F4W0_KETVY,1.0,1,,,,,,,,,
E3FNZ6,E3FNZ6_STIAD,1.0,1,,,,,,,,,
E3G687,E3G687_ENTLS,1.0,1,,,,,,,,,
E3H8L3,E3H8L3_ILYPC,1.0,1,,,,,,,,,
E3PF27,E3PF27_ECOH1,1.0,1,,,,,,,,,
E3PFV8,E3PFV8_ECOH1,1.0,1,,,,,,,,,
E1UNN3,E1UNN3_BACAS,1.0,1,,,,,,,,,
E1UNJ0,E1UNJ0_BACAS,1.0,1,,,,,,,,,
E1TIT5,E1TIT5_BURSG,1.0,1,,,,,,,,,
E1SLA3,E1SLA3_FERBD,1.0,1,,,,,,,,,
D9S114,D9S114_THEOJ,1.0,1,,,,,,,,,
D9TDH6,D9TDH6_MICAI,1.0,1,,,,,,,,,
E0IVZ5,E0IVZ5_ECOLW,1.0,1,,,,,,,,,
E0IYF9,E0IYF9_ECOLW,1.0,1,,,,,,,,,
E0J6R1,E0J6R1_ECOLW,1.0,1,,,,,,,,,
E0RIM5,E0RIM5_PAEP6,1.0,1,,,,,,,,,
E0RK06,E0RK06_PAEP6,1.0,1,,,,,,,,,
E0T5L9,E0T5L9_EDWTF,1.0,1,,,,,,,,,
E0TVK3,E0TVK3_BACPZ,1.0,1,,,,,,,,,
E0TW58,E0TW58_BACPZ,1.0,1,,,,,,,,,
E0TYQ9,E0TYQ9_BACPZ,1.0,1,,,,,,,,,
E0U4H5,E0U4H5_BACPZ,1.0,1,,,,,,,,,
E0ULV9,E0ULV9_CYAP2,1.0,1,,,,,,,,,
E1SBS9,E1SBS9_PANVC,1.0,1,,,,,,,,,
E1SGG2,E1SGG2_PANVC,1.0,1,,,,,,,,,
D5DEH9,D5DEH9_BACMD,1.0,1,,,,,,,,,
D5CJX2,D5CJX2_ENTCC,1.0,1,,,,,,,,,
E3XX15,E3XX15_SHIFL,1.0,1,,,,,,,,,
D2PBV8,D2PBV8_LISM2,1.0,1,,,,,,,,,
D2NZD1,D2NZD1_LISM1,1.0,1,,,,,,,,,
D2NZV9,D2NZV9_LISM1,1.0,1,,,,,,,,,
D2P0K6,D2P0K6_LISM1,1.0,1,,,,,,,,,
D2P8L2,D2P8L2_LISM2,1.0,1,,,,,,,,,
D2P9R2,D2P9R2_LISM2,1.0,1,,,,,,,,,
D2PAC5,D2PAC5_LISM2,1.0,1,,,,,,,,,
D2PB83,D2PB83_LISM2,1.0,1,,,,,,,,,
D2PN65,D2PN65_KRIFD,1.0,1,,,,,,,,,
D2NX43,D2NX43_LISM1,1.0,1,,,,,,,,,
D2PPR0,D2PPR0_KRIFD,1.0,1,,,,,,,,,
D2Q7L0,D2Q7L0_BIFDB,1.0,1,,,,,,,,,
D2QAY0,D2QAY0_BIFDB,1.0,1,,,,,,,,,
D2QE45,D2QE45_SPILD,1.0,1,,,,,,,,,
D2RCG2,D2RCG2_GARV4,1.0,1,,,,,,,,,
D2S8U3,D2S8U3_GEOOG,1.0,1,,,,,,,,,
D2SD87,D2SD87_GEOOG,1.0,1,,,,,,,,,
D2NYD8,D2NYD8_LISM1,1.0,1,,,,,,,,,
D2NE16,D2NE16_ECOS5,1.0,1,,,,,,,,,
D5CJH4,D5CJH4_ENTCC,1.0,1,,,,,,,,,
D1AHJ4,D1AHJ4_SEBTE,1.0,1,,,,,,,,,
D0LWL1,D0LWL1_HALO1,1.0,,,,,,1,,,,
D0LWZ6,D0LWZ6_HALO1,1.0,,,,,,1,,,,
D0MH22,D0MH22_RHOM4,1.0,,,,,,1,,,,
D0MIJ8,D0MIJ8_RHOM4,1.0,,,,,,1,,,,
D0R2L0,D0R2L0_LACJF,1.0,1,,,,,,,,,
D0ZCX8,D0ZCX8_EDWTE,1.0,1,,,,,,,,,
D0ZDU9,D0ZDU9_EDWTE,1.0,1,,,,,,,,,
D1BGR4,D1BGR4_SANKS,1.0,1,,,,,,,,,
D2HCF6,D2HCF6_AILME,1.0,,,,,,,1,,,
D1BRH8,D1BRH8_XYLCX,1.0,1,,,,,,,,,
D2A8Q0,D2A8Q0_SHIF2,1.0,1,,,,,,,,,
D2BKD2,D2BKD2_LACLK,1.0,1,,,,,,,,,
D2BMD8,D2BMD8_LACLK,1.0,1,,,,,,,,,
D2BP66,D2BP66_LACLK,1.0,1,,,,,,,,,
D2BUP7,D2BUP7_DICD5,1.0,1,,,,,,,,,
D2C385,D2C385_DICD5,1.0,1,,,,,,,,,
D2T400,D2T400_ERWP6,1.0,1,,,,,,,,,
D2TLW7,D2TLW7_CITRI,1.0,1,,,,,,,,,
D2TQX4,D2TQX4_CITRI,1.0,1,,,,,,,,,
D3V0R7,D3V0R7_XENBS,1.0,1,,,,,,,,,
D3T587,D3T587_THEIA,1.0,1,,,,,,,,,
D3UHW6,D3UHW6_HELM1,1.0,1,,,,,,,,,
D3ULK2,D3ULK2_LISSS,1.0,1,,,,,,,,,
D3UPJ6,D3UPJ6_LISSS,1.0,1,,,,,,,,,
D3UQA3,D3UQA3_LISSS,1.0,1,,,,,,,,,
D3URT6,D3URT6_LISSS,1.0,1,,,,,,,,,
D3US88,D3US88_LISSS,1.0,1,,,,,,,,,
D3VL41,D3VL41_XENNA,1.0,1,,,,,,,,,
D2TRG2,D2TRG2_CITRI,1.0,1,,,,,,,,,
D4GLU5,D4GLU5_PANAM,1.0,1,,,,,,,,,
D4GMS2,D4GMS2_PANAM,1.0,1,,,,,,,,,
D4HVE1,D4HVE1_ERWAC,1.0,1,,,,,,,,,
D4HYL7,D4HYL7_ERWAC,1.0,1,,,,,,,,,
D4I863,D4I863_ERWAE,1.0,1,,,,,,,,,
D4IBI6,D4IBI6_ERWAE,1.0,1,,,,,,,,,
D5B1D8,D5B1D8_YERPZ,1.0,1,,,,,,,,,
D3R997,D3R997_KLEVT,1.0,1,,,,,,,,,
D3QRV2,D3QRV2_ECOCB,1.0,1,,,,,,,,,
D3QM13,D3QM13_ECOCB,1.0,1,,,,,,,,,
D3QKI5,D3QKI5_ECOCB,1.0,1,,,,,,,,,
D2TRK4,D2TRK4_CITRI,1.0,1,,,,,,,,,
D2TT74,D2TT74_CITRI,1.0,1,,,,,,,,,
D3E9T0,D3E9T0_GEOS4,1.0,1,,,,,,,,,
D3EM86,D3EM86_GEOS4,1.0,1,,,,,,,,,
D3FZ97,D3FZ97_BACPE,1.0,1,,,,,,,,,
D3GVR2,D3GVR2_ECO44,1.0,1,,,,,,,,,
D3GW48,D3GW48_ECO44,1.0,1,,,,,,,,,
D3HAC0,D3HAC0_STRM6,1.0,1,,,,,,,,,
D3HD12,D3HD12_STRG3,1.0,1,,,,,,,,,
D3HEZ6,D3HEZ6_STRG3,1.0,1,,,,,,,,,
D3HPH1,D3HPH1_LEGLN,1.0,1,,,,,,,,,
D3Q879,D3Q879_STANL,1.0,1,,,,,,,,,
D3QHY7,D3QHY7_STALH,1.0,1,,,,,,,,,
D3QJS3,D3QJS3_ECOCB,1.0,1,,,,,,,,,
D3QJW4,D3QJW4_ECOCB,1.0,1,,,,,,,,,
E3PJC6,E3PJC6_ECOH1,1.0,1,,,,,,,,,
E3XXR5,E3XXR5_SHIFL,1.0,1,,,,,,,,,
O25124,O25124_HELPY,1.0,1,,,,,,,,,
G8LCR8,G8LCR8_ENTCL,1.0,1,,,,,,,,,
G4FGT5,G4FGT5_THEMA,1.0,1,,,,,,,,,
G4FHN8,G4FHN8_THEMA,1.0,1,,,,,,,,,
G4MKI3,G4MKI3_MAGO7,1.0,1,,,,,,,,,
G4MZI3,PRD1_MAGO7,1.0,1,,,,,,,,,
G4NCB8,G4NCB8_MAGO7,1.0,1,,,,,,,,,
G4NHJ3,G4NHJ3_MAGO7,1.0,1,,,,,,,,,
G5EB01,G5EB01_HELPY,1.0,1,,,,,,,,,
G8N5V7,G8N5V7_GEOTH,1.0,1,,,,,,,,,
G3R9F5,G3R9F5_GORGO,1.0,,,1,,,,,,,
G8WB89,G8WB89_KLEOK,1.0,1,,,,,,,,,
H2IYV9,H2IYV9_RAHAC,1.0,1,,,,,,,,,
H2N1W6,H2N1W6_ORYLA,1.0,,1,,,,,,,,
H5SZX3,H5SZX3_LACLL,1.0,1,,,,,,,,,
H7C0X3,H7C0X3_HUMAN,1.0,,1,,,,,,,,
H7C2K1,H7C2K1_HUMAN,1.0,,1,,,,,,,,
H7C338,H7C338_HUMAN,1.0,,1,,,,,,,,
G3VUM5,G3VUM5_SARHA,1.0,,1,,,,,,,,
G3PBI3,G3PBI3_GASAC,1.0,,1,,,,,,,,
F8VLX7,F8VLX7_SALBC,1.0,1,,,,,,,,,
F9VFC3,F9VFC3_LACGL,1.0,1,,,,,,,,,
F8WF64,F8WF64_HUMAN,1.0,,1,,,,,,,,
F9UP26,F9UP26_LACPL,1.0,1,,,,,,,,,
F9US82,F9US82_LACPL,1.0,1,,,,,,,,,
F9USA2,F9USA2_LACPL,1.0,1,,,,,,,,,
F9USG8,F9USG8_LACPL,1.0,1,,,,,,,,,
F9USR5,F9USR5_LACPL,1.0,1,,,,,,,,,
F9UTP6,F9UTP6_LACPL,1.0,1,,,,,,,,,
G0E8V5,G0E8V5_ENTAK,1.0,1,,,,,,,,,
G3PBI0,G3PBI0_GASAC,1.0,,1,,,,,,,,
G0I780,G0I780_STRES,1.0,1,,,,,,,,,
G0VRH8,G0VRH8_MEGEL,1.0,1,,,,,,,,,
G2K1V6,G2K1V6_LISM4,1.0,1,,,,,,,,,
G2K444,G2K444_LISM4,1.0,1,,,,,,,,,
G2K4V8,G2K4V8_LISM4,1.0,1,,,,,,,,,
G2SB00,G2SB00_ENTAL,1.0,1,,,,,,,,,
G2TLJ0,G2TLJ0_BACCO,1.0,1,,,,,,,,,
H7C3I5,H7C3I5_HUMAN,1.0,,1,,,,,,,,
H7C3S0,H7C3S0_HUMAN,1.0,,1,,,,,,,,
H8L6D9,H8L6D9_FRAAD,1.0,1,,,,,,,,,
L7ZGV6,L7ZGV6_SERMA,1.0,1,,,,,,,,,
K0BIT3,K0BIT3_ECO1E,1.0,1,,,,,,,,,
K0BPS3,K0BPS3_ECO1E,1.0,1,,,,,,,,,
K4FQ98,K4FQ98_PECSS,1.0,1,,,,,,,,,
L0M5U1,L0M5U1_ENTBF,1.0,1,,,,,,,,,
L0MBZ6,L0MBZ6_SERMA,1.0,1,,,,,,,,,
L7N4M0,L7N4M0_MYCTO,1.0,1,,,,,,,,,
L7N4N9,L7N4N9_MYCTO,1.0,1,,,,,,,,,
L7ZZG5,L7ZZG5_9BACI,1.0,1,,,,,,,,,
H8L7P2,H8L7P2_ENTFU,1.0,1,,,,,,,,,
L8A715,L8A715_ENTFC,1.0,1,,,,,,,,,
L8A9M4,L8A9M4_ENTFC,1.0,1,,,,,,,,,
M1SCT8,M1SCT8_MORMO,1.0,1,,,,,,,,,
M3XK34,M3XK34_LATCH,1.0,,1,,,,,,,,
M4KMJ9,M4KMJ9_LACPN,1.0,1,,,,,,,,,
M9W370,M9W370_RAOOR,1.0,1,,,,,,,,,
O06413,O06413_MYCTU,1.0,1,,,,,,,,,
J7KTS7,J7KTS7_PECCC,1.0,1,,,,,,,,,
J7GHN2,J7GHN2_ENTCL,1.0,1,,,,,,,,,
I7BVJ6,I7BVJ6_ENTFL,1.0,1,,,,,,,,,
I7AKW2,I7AKW2_ENTFL,1.0,1,,,,,,,,,
H8LBK3,H8LBK3_ENTFU,1.0,1,,,,,,,,,
H8NXR1,H8NXR1_RAHAQ,1.0,1,,,,,,,,,
H9UPE4,H9UPE4_ECOLX,1.0,1,,,,,,,,,
H9UU85,H9UU85_ECOLX,1.0,1,,,,,,,,,
H9UV38,H9UV38_ECOLX,1.0,1,,,,,,,,,
H9UWP3,H9UWP3_ECOLX,1.0,1,,,,,,,,,
H9XYH8,H9XYH8_ECOLW,1.0,1,,,,,,,,,
I0DR79,I0DR79_PROSM,1.0,1,,,,,,,,,
I1FWB2,I1FWB2_AMPQE,1.0,,,1,,,,,,,
I1XN07,I1XN07_METNJ,1.0,1,,,,,,,,,
I2BBI7,I2BBI7_SHIBC,1.0,1,,,,,,,,,
I6S2E8,I6S2E8_ENTCL,1.0,1,,,,,,,,,
I6S380,I6S380_ENTHA,1.0,1,,,,,,,,,
I6T7J9,I6T7J9_ENTHA,1.0,1,,,,,,,,,
I6YAV6,I6YAV6_MYCTU,1.0,1,,,,,,,,,
F8VNJ1,F8VNJ1_SALBC,1.0,1,,,,,,,,,
F8VKI9,F8VKI9_SALBC,1.0,1,,,,,,,,,
E3Y287,E3Y287_SHIFL,1.0,1,,,,,,,,,
E8YQJ4,E8YQJ4_9BURK,1.0,1,,,,,,,,,
E8V731,E8V731_TERSS,1.0,1,,,,,,,,,
E8X065,E8X065_GRATM,1.0,1,,,,,,,,,
E8X4G4,E8X4G4_GRATM,1.0,1,,,,,,,,,
E8XP68,E8XP68_RAHSY,1.0,1,,,,,,,,,
E8Y1U5,E8Y1U5_ECOKO,1.0,1,,,,,,,,,
E8Y4V5,E8Y4V5_ECOKO,1.0,1,,,,,,,,,
E8Y8I1,E8Y8I1_ECOKO,1.0,1,,,,,,,,,
E9HA34,E9HA34_DAPPU,1.0,,,1,,,,,,,
E8SFY4,E8SFY4_STAPH,1.0,1,,,,,,,,,
E9QYR3,E9QYR3_ASPFU,1.0,1,,,,,,,,,
E9R052,E9R052_ASPFU,1.0,1,,,,,,,,,
E9RAH5,E9RAH5_ASPFU,1.0,1,,,,,,,,,
E9RAN7,E9RAN7_ASPFU,1.0,1,,,,,,,,,
F0PE40,F0PE40_ENTF6,1.0,1,,,,,,,,,
F0PFI0,F0PFI0_ENTF6,1.0,1,,,,,,,,,
F0Q7S8,F0Q7S8_ACIAP,1.0,1,,,,,,,,,
E8V3E8,E8V3E8_TERSS,1.0,1,,,,,,,,,
E8SFX5,E8SFX5_STAPH,1.0,1,,,,,,,,,
F8VDH8,F8VDH8_SALBC,1.0,1,,,,,,,,,
E6V810,E6V810_VARPE,1.0,1,,,,,,,,,
E3Y6B9,E3Y6B9_SHIFL,1.0,1,,,,,,,,,
E4P7P7,E4P7P7_ECO8N,1.0,1,,,,,,,,,
E4TF08,E4TF08_CALNY,1.0,1,,,,,,,,,
E4U1B1,E4U1B1_SULKY,1.0,1,,,,,,,,,
E5AMN5,E5AMN5_BURRH,1.0,1,,,,,,,,,
E6NYR4,E6NYR4_ECOD1,1.0,1,,,,,,,,,
E6S8N5,E6S8N5_INTC7,1.0,1,,,,,,,,,
E6W5B8,E6W5B8_DESIS,1.0,1,,,,,,,,,
E8NER5,E8NER5_MICTS,1.0,1,,,,,,,,,
E6W9G9,E6W9G9_PANSA,1.0,1,,,,,,,,,
E7A4E5,E7A4E5_HAEIF,1.0,1,,,,,,,,,
E7B219,E7B219_YERE1,1.0,1,,,,,,,,,
E8MFP9,E8MFP9_BIFL2,1.0,1,,,,,,,,,
E8MWB7,E8MWB7_BIFL1,1.0,1,,,,,,,,,
E8N770,E8N770_MICTS,1.0,1,,,,,,,,,
E8NBW2,E8NBW2_MICTS,1.0,1,,,,,,,,,
F0RBN2,F0RBN2_CELLC,1.0,1,,,,,,,,,
F2ENV1,F2ENV1_PANAA,1.0,1,,,,,,,,,
F2I842,F2I842_AERUA,1.0,1,,,,,,,,,
F7UTK8,F7UTK8_SYNYG,1.0,1,,,,,,,,,
F6TQJ6,F6TQJ6_XENTR,1.0,,1,,,,,,,,
F7BGV1,F7BGV1_MOUSE,1.0,,1,,,,,,,,
F7ICP9,F7ICP9_CALJA,1.0,,1,,,,,,,,
F7ITW9,F7ITW9_STRPQ,1.0,1,,,,,,,,,
F7IUI0,F7IUI0_STRP3,1.0,1,,,,,,,,,
F7UQ77,F7UQ77_SYNYG,1.0,1,,,,,,,,,
F7UR81,F7UR81_SYNYG,1.0,1,,,,,,,,,
F7Z6J2,F7Z6J2_BACC6,1.0,1,,,,,,,,,
F2LUH1,F2LUH1_HIPMA,1.0,1,,,,,,,,,
F8CI30,F8CI30_MYXFH,1.0,1,,,,,,,,,
F8CYA5,F8CYA5_GEOTC,1.0,1,,,,,,,,,
F8D048,F8D048_GEOTC,1.0,1,,,,,,,,,
F8D095,F8D095_GEOTC,1.0,1,,,,,,,,,
F8DHS3,F8DHS3_STREP,1.0,1,,,,,,,,,
F8HSM1,F8HSM1_LEUS2,1.0,1,,,,,,,,,
F8HSR5,F8HSR5_LEUS2,1.0,1,,,,,,,,,
F6GID0,F6GID0_LACS5,1.0,1,,,,,,,,,
F6FQA6,F6FQA6_ISOV2,1.0,1,,,,,,,,,
F6FQ34,F6FQ34_ISOV2,1.0,1,,,,,,,,,
F6EPV9,F6EPV9_AMYSD,1.0,1,,,,,,,,,
F2MNZ5,F2MNZ5_ENTFO,1.0,1,,,,,,,,,
F2MSD7,F2MSD7_ENTFO,1.0,1,,,,,,,,,
F2QEQ7,F2QEQ7_STROU,1.0,1,,,,,,,,,
F3Y7X9,F3Y7X9_MELPT,1.0,1,,,,,,,,,
F3YCC0,F3YCC0_MELPT,1.0,1,,,,,,,,,
F4ALI8,F4ALI8_GLAS4,1.0,1,,,,,,,,,
F4BLC4,F4BLC4_CARS1,1.0,1,,,,,,,,,
F4BPA2,F4BPA2_CARS1,1.0,1,,,,,,,,,
F4C7A9,F4C7A9_SPHS2,1.0,1,,,,,,,,,
F4CU96,F4CU96_PSEUX,1.0,1,,,,,,,,,
F4F2M1,F4F2M1_VERMA,1.0,1,,,,,,,,,
F4H9L2,F4H9L2_GALAU,1.0,1,,,,,,,,,
F5WR29,F5WR29_ERYRF,1.0,1,,,,,,,,,
F5XDP5,F5XDP5_MICPN,1.0,1,,,,,,,,,
F5Y0Y3,F5Y0Y3_RAMTT,1.0,1,,,,,,,,,
D0LWH2,D0LWH2_HALO1,1.0,,,,,,1,,,,
D0LW67,D0LW67_HALO1,1.0,,,,,,1,,,,
D0LVG7,D0LVG7_HALO1,1.0,,,,,,1,,,,
C7CAS1,C7CAS1_METED,1.0,,,,,,1,,,,
C6XRM6,C6XRM6_HIRBI,1.0,,,,,,1,,,,
C6Y3A8,C6Y3A8_PEDHD,1.0,,,,,,1,,,,
C7BNR3,C7BNR3_PHOAA,1.0,1,,,,,,,,,
C7BZH7,C7BZH7_HELPB,1.0,1,,,,,,,,,
C7BZV6,C7BZV6_HELPB,1.0,1,,,,,,,,,
C7C6S7,C7C6S7_METED,1.0,,,,,,1,,,,
C7C7S0,C7C7S0_METED,1.0,,,,,,1,,,,
C7CC22,C7CC22_METED,1.0,,,,,,1,,,,
C6XLT4,C6XLT4_HIRBI,1.0,,,,,,1,,,,
C7CCD0,C7CCD0_METED,1.0,,,,,,1,,,,
C7CCJ9,C7CCJ9_METED,1.0,,,,,,1,,,,
C7CE21,C7CE21_METED,1.0,,,,,,1,,,,
C7CES3,C7CES3_METED,1.0,,,,,,1,,,,
C7CG18,C7CG18_METED,1.0,1,,,,,,,,,
C7CHT5,C7CHT5_METED,1.0,,,,,,1,,,,
C7CI47,C7CI47_METED,1.0,,,,,,1,,,,
C6XQY7,C6XQY7_HIRBI,1.0,,,,,,1,,,,
C6XJ86,C6XJ86_HIRBI,1.0,,,,,,1,,,,
C6WFR5,C6WFR5_ACTMD,1.0,1,,,,,,,,,
C6WL48,C6WL48_ACTMD,1.0,,,,,,1,,,,
C6WHQ6,C6WHQ6_ACTMD,1.0,,,,,,1,,,,
C6WHT8,C6WHT8_ACTMD,1.0,,,,,,1,,,,
C6WK57,C6WK57_ACTMD,1.0,,,,,,1,,,,
C6WK59,C6WK59_ACTMD,1.0,,,,,,1,,,,
C6WK64,C6WK64_ACTMD,1.0,,,,,,1,,,,
C6WKZ0,C6WKZ0_ACTMD,1.0,,,,,,1,,,,
C6WL31,C6WL31_ACTMD,1.0,,,,,,1,,,,
C6WMP1,C6WMP1_ACTMD,1.0,,,,,,1,,,,
C6XIW0,C6XIW0_HIRBI,1.0,,,,,,1,,,,
C6WMV6,C6WMV6_ACTMD,1.0,,,,,,1,,,,
C6WNE9,C6WNE9_ACTMD,1.0,,,,,,1,,,,
C6WRC5,C6WRC5_ACTMD,1.0,,,,,,1,,,,
C6WVQ9,C6WVQ9_METML,1.0,,,,,,1,,,,
C6WYQ6,C6WYQ6_METML,1.0,,,,,,1,,,,
C6XBG5,C6XBG5_METGS,1.0,,,,,,1,,,,
C6XHM0,C6XHM0_LIBAP,1.0,,,,,,1,,,,
C7CI74,C7CI74_METED,1.0,,,,,,1,,,,
C7CIT1,C7CIT1_METED,1.0,,,,,,1,,,,
C7CN38,C7CN38_METED,1.0,,,,,,1,,,,
C7N7H1,C7N7H1_SLAHD,1.0,,,,,,1,,,,
C7MIC2,C7MIC2_BRAFD,1.0,,,,,,1,,,,
C7MPS6,C7MPS6_SACVD,1.0,,,,,,1,,,,
C7MSD7,C7MSD7_SACVD,1.0,,,,,,1,,,,
C7MSN9,C7MSN9_SACVD,1.0,,,,,,1,,,,
C7MVW2,C7MVW2_SACVD,1.0,,,,,,1,,,,
C7MXR0,C7MXR0_SACVD,1.0,,,,,,1,,,,
C7MXU1,C7MXU1_SACVD,1.0,,,,,,1,,,,
C7N7H3,C7N7H3_SLAHD,1.0,,,,,,1,,,,
C7J134,C7J134_ORYSJ,1.0,,,,,,1,,,,
C7NA44,C7NA44_LEPBD,1.0,1,,,,,,,,,
C7NB06,C7NB06_LEPBD,1.0,,,,,,1,,,,
C7NIX0,C7NIX0_KYTSD,1.0,,,,,,1,,,,
C7NKK1,C7NKK1_KYTSD,1.0,,,,,,1,,,,
C7NL81,C7NL81_KYTSD,1.0,1,,,,,,,,,
C7P351,C7P351_HALMD,1.0,,,,,,1,,,,
C7PAT4,C7PAT4_CHIPD,1.0,,,,,,1,,,,
C7MIC1,C7MIC1_BRAFD,1.0,,,,,,1,,,,
C7MHC4,C7MHC4_BRAFD,1.0,,,,,,1,,,,
C7MFM1,C7MFM1_BRAFD,1.0,,,,,,1,,,,
C7MDY8,C7MDY8_BRAFD,1.0,1,,,,,,,,,
C7JCM4,C7JCM4_ACEP3,1.0,,,,,,1,,,,
C7JF46,C7JF46_ACEP3,1.0,,,,,,1,,,,
C7JG19,C7JG19_ACEP3,1.0,,,,,,1,,,,
C7LBF4,C7LBF4_BRUMC,1.0,,,,,,1,,,,
C7LDX2,C7LDX2_BRUMC,1.0,,,,,,1,,,,
C7LHN4,C7LHN4_BRUMC,1.0,,,,,,1,,,,
C7LI56,C7LI56_BRUMC,1.0,,,,,,1,,,,
C7LNY4,C7LNY4_DESBD,1.0,,,,,,1,,,,
C7LYZ0,C7LYZ0_ACIFD,1.0,,,,,,1,,,,
C7M153,C7M153_ACIFD,1.0,,,,,,1,,,,
C7M186,C7M186_ACIFD,1.0,,,,,,1,,,,
C7M1M7,C7M1M7_ACIFD,1.0,,,,,,1,,,,
C7M268,C7M268_ACIFD,1.0,,,,,,1,,,,
C7M580,C7M580_CAPOD,1.0,1,,,,,,,,,
C7MAE8,C7MAE8_BRAFD,1.0,,,,,,1,,,,
C6WH43,C6WH43_ACTMD,1.0,,,,,,1,,,,
C6WEH7,C6WEH7_ACTMD,1.0,,,,,,1,,,,
D0LSP7,D0LSP7_HALO1,1.0,,,,,,1,,,,
C6SP95,C6SP95_STRMN,1.0,1,,,,,,,,,
C6EHY9,C6EHY9_ECOBD,1.0,1,,,,,,,,,
C6EKX1,C6EKX1_ECOBD,1.0,1,,,,,,,,,
C6EL51,C6EL51_ECOBD,1.0,1,,,,,,,,,
C6GR30,C6GR30_STRSX,1.0,,,,,,1,,,,
C6GVA8,C6GVA8_STRS4,1.0,,,,,,1,,,,
C6S671,C6S671_NEIML,1.0,1,,,,,,,,,
C6S6J3,C6S6J3_NEIML,1.0,1,,,,,,,,,
C6SQ49,C6SQ49_STRMN,1.0,1,,,,,,,,,
C6EDW9,C6EDW9_ECOBD,1.0,,,,,,1,,,,
C6SSD8,C6SSD8_STRMN,1.0,1,,,,,,,,,
C6UBV8,C6UBV8_ECOBR,1.0,1,,,,,,,,,
W5MIE4,W5MIE4_LEPOC,1.0,,1,,,,,,,,
C6UF77,C6UF77_ECOBR,1.0,,,,,,1,,,,
C6UJS5,C6UJS5_ECOBR,1.0,,,,,,1,,,,
C6UKW3,C6UKW3_ECOBR,1.0,1,,,,,,,,,
C6ULI7,C6ULI7_ECOBR,1.0,1,,,,,,,,,
C6EGK7,C6EGK7_ECOBD,1.0,,,,,,1,,,,
C6EAH4,C6EAH4_ECOBD,1.0,1,,,,,,,,,
C6WEC4,C6WEC4_ACTMD,1.0,,,,,,1,,,,
C6DNM0,C6DNM0_MYCTK,1.0,,,,,,1,,,,
C6D6N2,C6D6N2_PAESJ,1.0,,,,,,1,,,,
C6DBQ2,C6DBQ2_PECCP,1.0,1,,,,,,,,,
C6DD26,C6DD26_PECCP,1.0,,,,,,1,,,,
C6DDQ7,C6DDQ7_PECCP,1.0,,,,,,1,,,,
C6DE77,C6DE77_PECCP,1.0,,,,,,1,,,,
C6DF32,C6DF32_PECCP,1.0,,,,,,1,,,,
C6DIK8,C6DIK8_PECCP,1.0,,,,,,1,,,,
C6DQI0,C6DQI0_MYCTK,1.0,,,,,,1,,,,
C6EA25,C6EA25_ECOBD,1.0,1,,,,,,,,,
C6DRF2,C6DRF2_MYCTK,1.0,,,,,,1,,,,
C6DTD0,C6DTD0_MYCTK,1.0,,,,,,1,,,,
C6DTR8,C6DTR8_MYCTK,1.0,1,,,,,,,,,
C6DX79,C6DX79_MYCTK,1.0,,,,,,1,,,,
C6E1T3,C6E1T3_GEOSM,1.0,,,,,,1,,,,
C6E6X0,C6E6X0_GEOSM,1.0,1,,,,,,,,,
C6E8V9,C6E8V9_GEOSM,1.0,,,,,,1,,,,
C6UMS5,C6UMS5_ECOBR,1.0,1,,,,,,,,,
C6UQ15,C6UQ15_ECO5T,1.0,1,,,,,,,,,
C6UTP8,C6UTP8_ECO5T,1.0,1,,,,,,,,,
C6W8F2,C6W8F2_ACTMD,1.0,,,,,,1,,,,
C6VSX4,C6VSX4_DYAFD,1.0,,,,,,1,,,,
C6VUS9,C6VUS9_DYAFD,1.0,,,,,,1,,,,
C6VV68,C6VV68_DYAFD,1.0,,,,,,1,,,,
C6VX67,C6VX67_DYAFD,1.0,1,,,,,,,,,
C6VZP8,C6VZP8_DYAFD,1.0,1,,,,,,,,,
C6VZS1,C6VZS1_DYAFD,1.0,,,,,,1,,,,
C6W861,C6W861_ACTMD,1.0,,,,,,1,,,,
C6W946,C6W946_ACTMD,1.0,,,,,,1,,,,
C6UUR6,C6UUR6_ECO5T,1.0,,,,,,1,,,,
C6W985,C6W985_ACTMD,1.0,,,,,,1,,,,
C6W986,C6W986_ACTMD,1.0,,,,,,1,,,,
C6WA87,C6WA87_ACTMD,1.0,,,,,,1,,,,
C6WAR5,C6WAR5_ACTMD,1.0,,,,,,1,,,,
C6WBJ0,C6WBJ0_ACTMD,1.0,,,,,,1,,,,
C6WBY1,C6WBY1_ACTMD,1.0,,,,,,1,,,,
C6WDW5,C6WDW5_ACTMD,1.0,,,,,,1,,,,
C6VS07,C6VS07_DYAFD,1.0,,,,,,1,,,,
C6VQQ7,C6VQQ7_LACPJ,1.0,,,,,,1,,,,
C6VQN4,C6VQN4_LACPJ,1.0,,,,,,1,,,,
C6VQ17,C6VQ17_LACPJ,1.0,,,,,,1,,,,
C6V033,C6V033_ECO5T,1.0,1,,,,,,,,,
C6V230,C6V230_ECO5T,1.0,,,,,,1,,,,
C6V2L7,C6V2L7_ECO5T,1.0,1,,,,,,,,,
C6V2R0,C6V2R0_ECO5T,1.0,1,,,,,,,,,
C6V4N2,C6V4N2_NEORI,1.0,,,,,,1,,,,
C6VI86,C6VI86_LACPJ,1.0,,,,,,1,,,,
C6VIP1,C6VIP1_LACPJ,1.0,1,,,,,,,,,
C6VIQ9,C6VIQ9_LACPJ,1.0,,,,,,1,,,,
C6VJ15,C6VJ15_LACPJ,1.0,,,,,,1,,,,
C6VJ66,C6VJ66_LACPJ,1.0,,,,,,1,,,,
C6VJD3,C6VJD3_LACPJ,1.0,,,,,,1,,,,
C6VKL4,C6VKL4_LACPJ,1.0,1,,,,,,,,,
C6VKN0,C6VKN0_LACPJ,1.0,,,,,,1,,,,
C6VL75,C6VL75_LACPJ,1.0,,,,,,1,,,,
C6VPP6,C6VPP6_LACPJ,1.0,,,,,,1,,,,
C7PB49,C7PB49_CHIPD,1.0,,,,,,1,,,,
C7PBQ4,C7PBQ4_CHIPD,1.0,,,,,,1,,,,
C7PDY0,C7PDY0_CHIPD,1.0,,,,,,1,,,,
C9QQB5,C9QQB5_ECOD1,1.0,1,,,,,,,,,
C8XF74,C8XF74_NAKMY,1.0,,,,,,1,,,,
C8XG19,C8XG19_NAKMY,1.0,,,,,,1,,,,
C8XIV6,C8XIV6_NAKMY,1.0,,,,,,1,,,,
C8XK36,C8XK36_NAKMY,1.0,,,,,,1,,,,
C9A8Q6,C9A8Q6_ENTCA,1.0,1,,,,,,,,,
C9JNR9,C9JNR9_HUMAN,1.0,,1,,,,,,,,
C9QQ26,C9QQ26_ECOD1,1.0,1,,,,,,,,,
C9R1Z0,C9R1Z0_AGGAD,1.0,1,,,,,,,,,
C8XAB6,C8XAB6_NAKMY,1.0,,,,,,1,,,,
C9RSJ3,C9RSJ3_GEOSY,1.0,1,,,,,,,,,
C9RW28,C9RW28_GEOSY,1.0,,,,,,1,,,,
C9RYV6,C9RYV6_GEOSY,1.0,1,,,,,,,,,
C9RYY1,C9RYY1_GEOSY,1.0,,,,,,1,,,,
C9S161,C9S161_GEOSY,1.0,,,,,,1,,,,
C9XPF0,C9XPF0_PEPDC,1.0,,,,,,1,,,,
C9XW32,C9XW32_CROTZ,1.0,1,,,,,,,,,
C8XD34,C8XD34_NAKMY,1.0,,,,,,1,,,,
C8X9L0,C8X9L0_NAKMY,1.0,,,,,,1,,,,
C7PE84,C7PE84_CHIPD,1.0,,,,,,1,,,,
C8WDD9,C8WDD9_ZYMMN,1.0,,,,,,1,,,,
C8UDA2,C8UDA2_ECO1A,1.0,1,,,,,,,,,
C8UE01,C8UE01_ECO1A,1.0,1,,,,,,,,,
C8UFU2,C8UFU2_ECO1A,1.0,1,,,,,,,,,
C8UGK3,C8UGK3_ECO1A,1.0,,,,,,1,,,,
C8UIS7,C8UIS7_ECO1A,1.0,1,,,,,,,,,
C8ULQ5,C8ULQ5_ECO1A,1.0,,,,,,1,,,,
C8URY3,C8URY3_LACRG,1.0,,,,,,1,,,,
C8WE56,C8WE56_ZYMMN,1.0,,,,,,1,,,,
C8X7M9,C8X7M9_NAKMY,1.0,,,,,,1,,,,
C8WEC5,C8WEC5_ZYMMN,1.0,,,,,,1,,,,
C8WQV4,C8WQV4_ALIAD,1.0,,,,,,1,,,,
C8WUB4,C8WUB4_ALIAD,1.0,,,,,,1,,,,
C8WUI4,C8WUI4_ALIAD,1.0,,,,,,1,,,,
C8WUY4,C8WUY4_ALIAD,1.0,,,,,,1,,,,
C8X668,C8X668_NAKMY,1.0,,,,,,1,,,,
C8X669,C8X669_NAKMY,1.0,,,,,,1,,,,
C9XXW5,C9XXW5_CROTZ,1.0,1,,,,,,,,,
C9Y0K2,C9Y0K2_CROTZ,1.0,1,,,,,,,,,
C9Y552,C9Y552_CROTZ,1.0,1,,,,,,,,,
D0L3B4,D0L3B4_GORB4,1.0,,,,,,1,,,,
D0KE02,D0KE02_PECWW,1.0,,,,,,1,,,,
D0KEJ0,D0KEJ0_PECWW,1.0,,,,,,1,,,,
D0KIZ1,D0KIZ1_PECWW,1.0,1,,,,,,,,,
D0KK28,D0KK28_PECWW,1.0,,,,,,1,,,,
D0KLP2,D0KLP2_PECWW,1.0,,,,,,1,,,,
D0KMQ6,D0KMQ6_PECWW,1.0,,,,,,1,,,,
D0L159,D0L159_HALNC,1.0,,,,,,1,,,,
D0L5G2,D0L5G2_GORB4,1.0,,,,,,1,,,,
C9YQ69,C9YQ69_PEPDR,1.0,,,,,,1,,,,
D0L7H6,D0L7H6_GORB4,1.0,,,,,,1,,,,
D0L8D6,D0L8D6_GORB4,1.0,,,,,,1,,,,
D0LCA2,D0LCA2_GORB4,1.0,,,,,,1,,,,
D0LCU7,D0LCU7_GORB4,1.0,,,,,,1,,,,
D0LES9,D0LES9_GORB4,1.0,,,,,,1,,,,
D0LF43,D0LF43_GORB4,1.0,,,,,,1,,,,
D0LL56,D0LL56_HALO1,1.0,,,,,,1,,,,
D0K8F6,D0K8F6_STAAD,1.0,,,,,,1,,,,
D0K8B3,D0K8B3_STAAD,1.0,1,,,,,,,,,
D0K7I8,D0K7I8_STAAD,1.0,,,,,,1,,,,
D0JPS1,D0JPS1_YERP1,1.0,1,,,,,,,,,
C9ZHJ2,C9ZHJ2_STRSW,1.0,1,,,,,,,,,
D0B6I9,D0B6I9_BRUME,1.0,,,,,,1,,,,
D0BA55,D0BA55_BRUME,1.0,,,,,,1,,,,
D0FUK4,D0FUK4_ERWPE,1.0,1,,,,,,,,,
D0FW71,D0FW71_ERWPE,1.0,1,,,,,,,,,
D0IUT4,D0IUT4_COMT2,1.0,,,,,,1,,,,
D0IXA9,D0IXA9_COMT2,1.0,,,,,,1,,,,
D0IYT6,D0IYT6_COMT2,1.0,,,,,,1,,,,
D0J0G6,D0J0G6_COMT2,1.0,,,,,,1,,,,
D0J1Q8,D0J1Q8_COMT2,1.0,,,,,,1,,,,
D0J1Q9,D0J1Q9_COMT2,1.0,,,,,,1,,,,
D0J2S2,D0J2S2_COMT2,1.0,,,,,,1,,,,
D0J3E9,D0J3E9_COMT2,1.0,,,,,,1,,,,
D0J7H4,D0J7H4_COMT2,1.0,,,,,,1,,,,
D0JFQ1,D0JFQ1_YERPD,1.0,1,,,,,,,,,
C8UD69,C8UD69_ECO1A,1.0,1,,,,,,,,,
C8U7V5,C8U7V5_ECO10,1.0,1,,,,,,,,,
C8U680,C8U680_ECO10,1.0,1,,,,,,,,,
C7Q9G6,C7Q9G6_CATAD,1.0,,,,,,1,,,,
C7Q690,C7Q690_CATAD,1.0,,,,,,1,,,,
C7Q6C8,C7Q6C8_CATAD,1.0,,,,,,1,,,,
C7Q6K2,C7Q6K2_CATAD,1.0,,,,,,1,,,,
C7Q6R7,C7Q6R7_CATAD,1.0,,,,,,1,,,,
C7Q789,C7Q789_CATAD,1.0,,,,,,1,,,,
C7Q7J2,C7Q7J2_CATAD,1.0,,,,,,1,,,,
C7Q892,C7Q892_CATAD,1.0,,,,,,1,,,,
C7Q9P1,C7Q9P1_CATAD,1.0,,,,,,1,,,,
C7QFY8,C7QFY8_CATAD,1.0,,,,,,1,,,,
C7QB14,C7QB14_CATAD,1.0,,,,,,1,,,,
C7QB27,C7QB27_CATAD,1.0,,,,,,1,,,,
C7QBA8,C7QBA8_CATAD,1.0,,,,,,1,,,,
C7QBP7,C7QBP7_CATAD,1.0,,,,,,1,,,,
C7QC20,C7QC20_CATAD,1.0,,,,,,1,,,,
C7QDD3,C7QDD3_CATAD,1.0,,,,,,1,,,,
C7QDP4,C7QDP4_CATAD,1.0,,,,,,1,,,,
C7Q4S9,C7Q4S9_CATAD,1.0,,,,,,1,,,,
C7Q4B3,C7Q4B3_CATAD,1.0,,,,,,1,,,,
C7Q3C2,C7Q3C2_CATAD,1.0,,,,,,1,,,,
C7Q0F9,C7Q0F9_CATAD,1.0,,,,,,1,,,,
C7PFJ2,C7PFJ2_CHIPD,1.0,,,,,,1,,,,
C7PGU1,C7PGU1_CHIPD,1.0,,,,,,1,,,,
C7PI20,C7PI20_CHIPD,1.0,,,,,,1,,,,
C7PJ32,C7PJ32_CHIPD,1.0,,,,,,1,,,,
C7PJ46,C7PJ46_CHIPD,1.0,,,,,,1,,,,
C7PJM5,C7PJM5_CHIPD,1.0,,,,,,1,,,,
C7PN83,C7PN83_CHIPD,1.0,,,,,,1,,,,
C7PNL4,C7PNL4_CHIPD,1.0,,,,,,1,,,,
C7PUJ0,C7PUJ0_CHIPD,1.0,,,,,,1,,,,
C7PV36,C7PV36_CHIPD,1.0,,,,,,1,,,,
C7PVC7,C7PVC7_CATAD,1.0,,,,,,1,,,,
C7PVH8,C7PVH8_CATAD,1.0,,,,,,1,,,,
C7PXX4,C7PXX4_CATAD,1.0,,,,,,1,,,,
C7PY56,C7PY56_CATAD,1.0,,,,,,1,,,,
C7PY69,C7PY69_CATAD,1.0,,,,,,1,,,,
C7QEZ2,C7QEZ2_CATAD,1.0,,,,,,1,,,,
C7QH92,C7QH92_CATAD,1.0,,,,,,1,,,,
C8U2H9,C8U2H9_ECO10,1.0,1,,,,,,,,,
C8TIF3,C8TIF3_ECO26,1.0,,,,,,1,,,,
C7TGN7,C7TGN7_LACRL,1.0,,,,,,1,,,,
C7TGW3,C7TGW3_LACRL,1.0,,,,,,1,,,,
C7TH19,C7TH19_LACRL,1.0,,,,,,1,,,,
C7TH30,C7TH30_LACRL,1.0,1,,,,,,,,,
C7TH59,C7TH59_LACRL,1.0,,,,,,1,,,,
C7TK28,C7TK28_LACRL,1.0,,,,,,1,,,,
C8TH31,C8TH31_ECO26,1.0,1,,,,,,,,,
C8TJ86,C8TJ86_ECO26,1.0,1,,,,,,,,,
C7QIK8,C7QIK8_CATAD,1.0,,,,,,1,,,,
C8TMU1,C8TMU1_ECO26,1.0,,,,,,1,,,,
C8TU62,C8TU62_ECO26,1.0,1,,,,,,,,,
C8TU97,C8TU97_ECO26,1.0,1,,,,,,,,,
C8TVC8,C8TVC8_ECO26,1.0,1,,,,,,,,,
C8TWU5,C8TWU5_ECO10,1.0,1,,,,,,,,,
C8TXP1,C8TXP1_ECO10,1.0,,,,,,1,,,,
C8TZX7,C8TZX7_ECO10,1.0,,,,,,1,,,,
C7TF28,C7TF28_LACRL,1.0,,,,,,1,,,,
C7TDE5,C7TDE5_LACRG,1.0,,,,,,1,,,,
C7TAG4,C7TAG4_LACRG,1.0,,,,,,1,,,,
C7TAF8,C7TAF8_LACRG,1.0,1,,,,,,,,,
C7QZ36,C7QZ36_JONDD,1.0,,,,,,1,,,,
C7QZ53,C7QZ53_JONDD,1.0,,,,,,1,,,,
C7R127,C7R127_JONDD,1.0,,,,,,1,,,,
C7R2V0,C7R2V0_JONDD,1.0,,,,,,1,,,,
C7R952,C7R952_KANKD,1.0,1,,,,,,,,,
C7RA33,C7RA33_KANKD,1.0,,,,,,1,,,,
C7RHR3,C7RHR3_ANAPD,1.0,1,,,,,,,,,
C7RJX0,C7RJX0_ACCPU,1.0,,,,,,1,,,,
C7RLX0,C7RLX0_ACCPU,1.0,,,,,,1,,,,
C7RPP5,C7RPP5_ACCPU,1.0,,,,,,1,,,,
C7RRW5,C7RRW5_ACCPU,1.0,,,,,,1,,,,
C7RRW6,C7RRW6_ACCPU,1.0,,,,,,1,,,,
C7RTV8,C7RTV8_ACCPU,1.0,,,,,,1,,,,
C7T9Z4,C7T9Z4_LACRG,1.0,,,,,,1,,,,
C7TAE4,C7TAE4_LACRG,1.0,,,,,,1,,,,
O07615,YHFP_BACSU,1.0,,,,,,1,,,,
O26223,Y120_METTH,1.0,1,,,,,,,,,
Q21B75,Q21B75_RHOPB,1.0,,,,,,1,,,,
Q15PC9,Q15PC9_PSEA6,1.0,,,,,,1,,,,
Q140G3,Q140G3_BURXL,1.0,,,,,,1,,,,
Q142H6,Q142H6_BURXL,1.0,,,,,,1,,,,
Q142L2,Q142L2_BURXL,1.0,,,,,,1,,,,
Q144M7,Q144M7_BURXL,1.0,1,,,,,,,,,
Q145P3,Q145P3_BURXL,1.0,1,,,,,,,,,
Q14HS6,Q14HS6_FRAT1,1.0,1,,,,,,,,,
Q14IR0,Q14IR0_FRAT1,1.0,1,,,,,,,,,
Q15RM3,Q15RM3_PSEA6,1.0,,,,,,1,,,,
Q13Z44,Q13Z44_BURXL,1.0,,,,,,1,,,,
Q15RX5,Q15RX5_PSEA6,1.0,,,,,,1,,,,
Q15SI6,Q15SI6_PSEA6,1.0,,,,,,1,,,,
Q15SI8,Q15SI8_PSEA6,1.0,,,,,,1,,,,
Q15TG0,Q15TG0_PSEA6,1.0,,,,,,1,,,,
Q15TV3,Q15TV3_PSEA6,1.0,,,,,,1,,,,
Q15UV3,Q15UV3_PSEA6,1.0,,,,,,1,,,,
Q15V14,Q15V14_PSEA6,1.0,,,,,,1,,,,
Q13Z73,Q13Z73_BURXL,1.0,,,,,,1,,,,
Q13WT8,Q13WT8_BURXL,1.0,1,,,,,,,,,
Q13JX0,Q13JX0_BURXL,1.0,1,,,,,,,,,
Q13QE2,Q13QE2_BURXL,1.0,,,,,,1,,,,
Q13LB7,Q13LB7_BURXL,1.0,,,,,,1,,,,
Q13LH2,Q13LH2_BURXL,1.0,1,,,,,,,,,
Q13LL9,Q13LL9_BURXL,1.0,1,,,,,,,,,
Q13MK4,Q13MK4_BURXL,1.0,,,,,,1,,,,
Q13MP4,Q13MP4_BURXL,1.0,1,,,,,,,,,
Q13N06,Q13N06_BURXL,1.0,,,,,,1,,,,
Q13PB3,Q13PB3_BURXL,1.0,,,,,,1,,,,
Q13QK7,Q13QK7_BURXL,1.0,,,,,,1,,,,
Q13WE9,Q13WE9_BURXL,1.0,1,,,,,,,,,
Q13R16,Q13R16_BURXL,1.0,,,,,,1,,,,
Q13RH3,Q13RH3_BURXL,1.0,,,,,,1,,,,
Q13SE7,Q13SE7_BURXL,1.0,1,,,,,,,,,
Q13T62,Q13T62_BURXL,1.0,1,,,,,,,,,
Q13TK2,Q13TK2_BURXL,1.0,1,,,,,,,,,
Q13V88,Q13V88_BURXL,1.0,1,,,,,,,,,
Q13VE7,Q13VE7_BURXL,1.0,1,,,,,,,,,
Q15W55,Q15W55_PSEA6,1.0,,,,,,1,,,,
Q15XF0,Q15XF0_PSEA6,1.0,1,,,,,,,,,
Q160Q5,Q160Q5_ROSDO,1.0,,,,,,1,,,,
Q1AZJ3,Q1AZJ3_RUBXD,1.0,,,,,,1,,,,
Q1ATF2,Q1ATF2_RUBXD,1.0,,,,,,1,,,,
Q1AUC1,Q1AUC1_RUBXD,1.0,,,,,,1,,,,
Q1AVQ4,Q1AVQ4_RUBXD,1.0,,,,,,1,,,,
Q1AXG9,Q1AXG9_RUBXD,1.0,,,,,,1,,,,
Q1AXH5,Q1AXH5_RUBXD,1.0,,,,,,1,,,,
Q1AY66,Q1AY66_RUBXD,1.0,,,,,,1,,,,
Q1AZE6,Q1AZE6_RUBXD,1.0,,,,,,1,,,,
Q1B102,Q1B102_MYCSS,1.0,,,,,,1,,,,
Q162J9,Q162J9_ROSDO,1.0,1,,,,,,,,,
Q1B1Z2,Q1B1Z2_MYCSS,1.0,,,,,,1,,,,
Q1B5J1,Q1B5J1_MYCSS,1.0,,,,,,1,,,,
Q1B999,Q1B999_MYCSS,1.0,,,,,,1,,,,
Q1B9H5,Q1B9H5_MYCSS,1.0,,,,,,1,,,,
Q1BBM6,Q1BBM6_MYCSS,1.0,,,,,,1,,,,
Q1BBR9,Q1BBR9_MYCSS,1.0,,,,,,1,,,,
Q1BC81,Q1BC81_MYCSS,1.0,,,,,,1,,,,
Q18IV0,Q18IV0_HALWD,1.0,,,,,,1,,,,
Q18IS2,Q18IS2_HALWD,1.0,1,,,,,,,,,
Q18IQ4,Q18IQ4_HALWD,1.0,,,,,,1,,,,
Q18IP2,Q18IP2_HALWD,1.0,1,,,,,,,,,
Q163B3,Q163B3_ROSDO,1.0,,,,,,1,,,,
Q167H1,Q167H1_ROSDO,1.0,,,,,,1,,,,
Q167Q9,Q167Q9_ROSDO,1.0,1,,,,,,,,,
Q169S9,Q169S9_ROSDO,1.0,,,,,,1,,,,
Q16BD9,Q16BD9_ROSDO,1.0,,,,,,1,,,,
Q16BE0,Q16BE0_ROSDO,1.0,,,,,,1,,,,
Q16S95,Q16S95_AEDAE,1.0,,,,,,1,,,,
Q17DZ6,Q17DZ6_AEDAE,1.0,,,,,,1,,,,
Q17E09,Q17E09_AEDAE,1.0,,,,,,1,,,,
Q17M15,Q17M15_AEDAE,1.0,,,,,,1,,,,
Q17PH0,Q17PH0_AEDAE,1.0,,,,,,1,,,,
Q17WF2,Q17WF2_HELAH,1.0,1,,,,,,,,,
Q17X32,RDXA_HELAH,1.0,1,,,,,,,,,
Q183S7,Q183S7_PEPD6,1.0,,,,,,1,,,,
Q18FX8,Q18FX8_HALWD,1.0,,,,,,1,,,,
Q13JX2,Q13JX2_BURXL,1.0,1,,,,,,,,,
Q13JT2,Q13JT2_BURXL,1.0,,,,,,1,,,,
Q1BGT9,Q1BGT9_BURCA,1.0,,,,,,1,,,,
Q112B3,Q112B3_TRIEI,1.0,,,,,,1,,,,
Q0W1R5,Q0W1R5_UNCMA,1.0,,,,,,1,,,,
Q0W8A5,Q0W8A5_UNCMA,1.0,1,,,,,,,,,
Q0WWG9,Q0WWG9_ARATH,1.0,,,,,,1,,,,
Q10130,DHS5_CAEEL,1.0,1,,,,,,,,,
Q10488,ETR1_SCHPO,1.0,,,,,,1,,,,
Q10Y11,Q10Y11_TRIEI,1.0,,,,,,1,,,,
Q110J6,Q110J6_TRIEI,1.0,,,,,,1,,,,
Q114I6,Q114I6_TRIEI,1.0,,,,,,1,,,,
Q0W0G2,Q0W0G2_UNCMA,1.0,1,,,,,,,,,
Q118R4,Q118R4_TRIEI,1.0,,,,,,1,,,,
Q118R5,Q118R5_TRIEI,1.0,,,,,,1,,,,
Q119Y0,Q119Y0_TRIEI,1.0,1,,,,,,,,,
Q11C28,Q11C28_CHESB,1.0,,,,,,1,,,,
Q11CU8,Q11CU8_CHESB,1.0,,,,,,1,,,,
Q11D67,Q11D67_CHESB,1.0,,,,,,1,,,,
Q11E56,Q11E56_CHESB,1.0,,,,,,1,,,,
Q0W1R4,Q0W1R4_UNCMA,1.0,,,,,,1,,,,
Q0VTF3,Q0VTF3_ALCBS,1.0,,,,,,1,,,,
Q13JN3,Q13JN3_BURXL,1.0,,,,,,1,,,,
Q0VLV3,Q0VLV3_ALCBS,1.0,1,,,,,,,,,
Q0TKY6,Q0TKY6_ECOL5,1.0,1,,,,,,,,,
Q0UIA1,Q0UIA1_PHANO,1.0,,,,,,,,,,1
Q0VC50,RT4I1_BOVIN,1.0,,,,,,1,,,,
Q0VC75,Q0VC75_BOVIN,1.0,,,,,,1,,,,
Q0VFJ7,Q0VFJ7_XENTR,1.0,,,,,,1,,,,
Q0VLL7,Q0VLL7_ALCBS,1.0,,,,,,1,,,,
Q0VLU6,Q0VLU6_ALCBS,1.0,1,,,,,,,,,
Q0VPU8,Q0VPU8_ALCBS,1.0,,,,,,1,,,,
Q0VSW4,Q0VSW4_ALCBS,1.0,1,,,,,,,,,
Q0VQ69,Q0VQ69_ALCBS,1.0,,,,,,1,,,,
Q0VQS4,Q0VQS4_ALCBS,1.0,1,,,,,,,,,
Q0VQX0,Q0VQX0_ALCBS,1.0,,,,,,1,,,,
Q0VQZ0,Q0VQZ0_ALCBS,1.0,1,,,,,,,,,
Q0VRD3,Q0VRD3_ALCBS,1.0,,,,,,1,,,,
Q0VS25,Q0VS25_ALCBS,1.0,1,,,,,,,,,
Q0VSG2,Q0VSG2_ALCBS,1.0,1,,,,,,,,,
Q11E73,Q11E73_CHESB,1.0,,,,,,1,,,,
Q11HN6,Q11HN6_CHESB,1.0,,,,,,1,,,,
Q11IR2,Q11IR2_CHESB,1.0,,,,,,1,,,,
Q13FV5,Q13FV5_BURXL,1.0,1,,,,,,,,,
Q139B8,Q139B8_RHOPS,1.0,,,,,,1,,,,
Q139I4,Q139I4_RHOPS,1.0,,,,,,1,,,,
Q13AW3,Q13AW3_RHOPS,1.0,,,,,,1,,,,
Q13BQ1,Q13BQ1_RHOPS,1.0,,,,,,1,,,,
Q13BS1,Q13BS1_RHOPS,1.0,,,,,,1,,,,
Q13D94,Q13D94_RHOPS,1.0,,,,,,1,,,,
Q13FL3,Q13FL3_BURXL,1.0,,,,,,1,,,,
Q13GD6,Q13GD6_BURXL,1.0,,,,,,1,,,,
Q11TD6,Q11TD6_CYTH3,1.0,1,,,,,,,,,
Q13GE7,Q13GE7_BURXL,1.0,1,,,,,,,,,
Q13HD1,Q13HD1_BURXL,1.0,1,,,,,,,,,
Q13II5,Q13II5_BURXL,1.0,1,,,,,,,,,
Q13II7,Q13II7_BURXL,1.0,1,,,,,,,,,
Q13II8,Q13II8_BURXL,1.0,1,,,,,,,,,
Q13IT5,Q13IT5_BURXL,1.0,,,,,,1,,,,
Q13IV0,Q13IV0_BURXL,1.0,,,,,,1,,,,
Q138K6,Q138K6_RHOPS,1.0,,,,,,1,,,,
Q136X8,Q136X8_RHOPS,1.0,,,,,,1,,,,
Q136E6,Q136E6_RHOPS,1.0,,,,,,1,,,,
Q134V5,Q134V5_RHOPS,1.0,,,,,,1,,,,
Q11WA6,Q11WA6_CYTH3,1.0,,,,,,1,,,,
Q120N3,Q120N3_POLSJ,1.0,,,,,,1,,,,
Q125P1,Q125P1_POLSJ,1.0,,,,,,1,,,,
Q127W9,Q127W9_POLSJ,1.0,,,,,,1,,,,
Q128R6,Q128R6_POLSJ,1.0,,,,,,1,,,,
Q128V6,Q128V6_POLSJ,1.0,,,,,,1,,,,
Q12A92,Q12A92_POLSJ,1.0,,,,,,1,,,,
Q12AP7,Q12AP7_POLSJ,1.0,,,,,,1,,,,
Q12CB3,Q12CB3_POLSJ,1.0,1,,,,,,,,,
Q12GL8,Q12GL8_POLSJ,1.0,,,,,,1,,,,
Q12HC1,Q12HC1_POLSJ,1.0,,,,,,1,,,,
Q12HC4,Q12HC4_POLSJ,1.0,,,,,,1,,,,
Q12M04,Q12M04_SHEDO,1.0,,,,,,1,,,,
Q12S72,Q12S72_SHEDO,1.0,,,,,,1,,,,
Q130C6,Q130C6_RHOPS,1.0,,,,,,1,,,,
Q1BFX0,Q1BFX0_MYCSS,1.0,,,,,,1,,,,
Q1BJ71,Q1BJ71_BURCA,1.0,,,,,,1,,,,
O27404,FPAA_METTH,1.0,1,,,,,,,,,
Q1MKZ7,Q1MKZ7_RHIL3,1.0,,,,,,1,,,,
Q1MFH1,Q1MFH1_RHIL3,1.0,,,,,,1,,,,
Q1MGB7,Q1MGB7_RHIL3,1.0,,,,,,1,,,,
Q1MGQ8,Q1MGQ8_RHIL3,1.0,,,,,,1,,,,
Q1MGS0,Q1MGS0_RHIL3,1.0,,,,,,1,,,,
Q1MJA3,Q1MJA3_RHIL3,1.0,,,,,,1,,,,
Q1MJT8,Q1MJT8_RHIL3,1.0,,,,,,1,,,,
Q1MJV7,Q1MJV7_RHIL3,1.0,,,,,,1,,,,
Q1MQ21,Q1MQ21_LAWIP,1.0,1,,,,,,,,,
Q1MCY0,Q1MCY0_RHIL3,1.0,,,,,,1,,,,
Q1MQ22,Q1MQ22_LAWIP,1.0,1,,,,,,,,,
Q1Q9U2,Q1Q9U2_PSYCK,1.0,,,,,,1,,,,
Q1QEN2,Q1QEN2_PSYCK,1.0,,,,,,1,,,,
Q1QEV0,Q1QEV0_PSYCK,1.0,,,,,,1,,,,
Q1QEV1,Q1QEV1_PSYCK,1.0,,,,,,1,,,,
Q1QHM0,Q1QHM0_NITHX,1.0,,,,,,1,,,,
Q1QHR6,Q1QHR6_NITHX,1.0,,,,,,1,,,,
Q1MDH8,Q1MDH8_RHIL3,1.0,,,,,,1,,,,
Q1MB02,Q1MB02_RHIL3,1.0,1,,,,,,,,,
Q1LFB7,Q1LFB7_RALME,1.0,,,,,,1,,,,
Q1LPW6,Q1LPW6_RALME,1.0,,,,,,1,,,,
Q1LGI9,Q1LGI9_RALME,1.0,1,,,,,,,,,
Q1LIG5,Q1LIG5_RALME,1.0,,,,,,1,,,,
Q1LIR9,Q1LIR9_RALME,1.0,,,,,,1,,,,
Q1LLH8,Q1LLH8_RALME,1.0,,,,,,1,,,,
Q1LM38,Q1LM38_RALME,1.0,,,,,,1,,,,
Q1LMM9,Q1LMM9_RALME,1.0,,,,,,1,,,,
Q1LP93,Q1LP93_RALME,1.0,1,,,,,,,,,
Q1LRZ3,Q1LRZ3_RALME,1.0,,,,,,1,,,,
Q1M777,Q1M777_RHIL3,1.0,1,,,,,,,,,
Q1M3U6,Q1M3U6_RHIL3,1.0,1,,,,,,,,,
Q1M494,Q1M494_RHIL3,1.0,,,,,,1,,,,
Q1M4S6,Q1M4S6_RHIL3,1.0,,,,,,1,,,,
Q1M561,Q1M561_RHIL3,1.0,,,,,,1,,,,
Q1M5M8,Q1M5M8_RHIL3,1.0,,,,,,1,,,,
Q1M5W5,Q1M5W5_RHIL3,1.0,1,,,,,,,,,
Q1M6Q2,Q1M6Q2_RHIL3,1.0,,,,,,1,,,,
Q1QLQ5,Q1QLQ5_NITHX,1.0,,,,,,1,,,,
Q1QT22,Q1QT22_CHRSD,1.0,,,,,,1,,,,
Q1QTD3,Q1QTD3_CHRSD,1.0,,,,,,1,,,,
Q20YQ3,Q20YQ3_RHOPB,1.0,1,,,,,,,,,
Q1RFP8,Q1RFP8_ECOUT,1.0,1,,,,,,,,,
Q1WSE8,Q1WSE8_LACS1,1.0,1,,,,,,,,,
Q1WSJ5,Q1WSJ5_LACS1,1.0,1,,,,,,,,,
Q1WTG4,Q1WTG4_LACS1,1.0,,,,,,1,,,,
Q1WVG6,Q1WVG6_LACS1,1.0,1,,,,,,,,,
Q20XP6,Q20XP6_RHOPB,1.0,1,,,,,,,,,
Q20YC6,Q20YC6_RHOPB,1.0,,,,,,1,,,,
Q20Z18,Q20Z18_RHOPB,1.0,,,,,,1,,,,
Q1QUY7,Q1QUY7_CHRSD,1.0,,,,,,1,,,,
Q211H7,Q211H7_RHOPB,1.0,,,,,,1,,,,
Q213B7,Q213B7_RHOPB,1.0,,,,,,1,,,,
Q214L7,Q214L7_RHOPB,1.0,,,,,,1,,,,
Q215A1,Q215A1_RHOPB,1.0,,,,,,1,,,,
Q216M5,Q216M5_RHOPB,1.0,,,,,,1,,,,
Q219Z2,Q219Z2_RHOPB,1.0,1,,,,,,,,,
Q21AJ1,Q21AJ1_RHOPB,1.0,,,,,,1,,,,
Q1RF35,Q1RF35_ECOUT,1.0,1,,,,,,,,,
Q1RC50,Q1RC50_ECOUT,1.0,1,,,,,,,,,
Q1RC08,Q1RC08_ECOUT,1.0,1,,,,,,,,,
Q1RBM0,Q1RBM0_ECOUT,1.0,1,,,,,,,,,
Q1QV18,Q1QV18_CHRSD,1.0,,,,,,1,,,,
Q1QXA2,Q1QXA2_CHRSD,1.0,,,,,,1,,,,
Q1QXE7,Q1QXE7_CHRSD,1.0,,,,,,1,,,,
Q1QZD6,Q1QZD6_CHRSD,1.0,,,,,,1,,,,
Q1R3N7,Q1R3N7_ECOUT,1.0,,,,,,1,,,,
Q1R5I7,Q1R5I7_ECOUT,1.0,1,,,,,,,,,
Q1R686,Q1R686_ECOUT,1.0,,,,,,1,,,,
Q1R6P3,Q1R6P3_ECOUT,1.0,1,,,,,,,,,
Q1R6X9,Q1R6X9_ECOUT,1.0,1,,,,,,,,,
Q1R6Y0,Q1R6Y0_ECOUT,1.0,1,,,,,,,,,
Q1R6Z3,Q1R6Z3_ECOUT,1.0,1,,,,,,,,,
Q1R8U5,Q1R8U5_ECOUT,1.0,1,,,,,,,,,
Q1R9P7,Q1R9P7_ECOUT,1.0,1,,,,,,,,,
Q1R9T5,Q1R9T5_ECOUT,1.0,1,,,,,,,,,
Q1RBE8,Q1RBE8_ECOUT,1.0,1,,,,,,,,,
Q1LFC9,Q1LFC9_RALME,1.0,,,,,,1,,,,
Q1LF41,Q1LF41_RALME,1.0,,,,,,1,,,,
Q1BKF5,Q1BKF5_BURCA,1.0,,,,,,1,,,,
Q1DA20,Q1DA20_MYXXD,1.0,,,,,,1,,,,
Q1CTM8,Q1CTM8_HELPH,1.0,1,,,,,,,,,
Q1CXG5,Q1CXG5_MYXXD,1.0,,,,,,1,,,,
Q1CXM8,Q1CXM8_MYXXD,1.0,,,,,,1,,,,
Q1CZD1,Q1CZD1_MYXXD,1.0,,,,,,1,,,,
Q1D423,Q1D423_MYXXD,1.0,,,,,,1,,,,
Q1D9C2,Q1D9C2_MYXXD,1.0,,,,,,1,,,,
Q1D9Y9,Q1D9Y9_MYXXD,1.0,,,,,,1,,,,
Q1DA62,Q1DA62_MYXXD,1.0,,,,,,1,,,,
Q1CSH0,Q1CSH0_HELPH,1.0,1,,,,,,,,,
Q1DE16,Q1DE16_MYXXD,1.0,,,,,,1,,,,
Q1DFR9,Q1DFR9_MYXXD,1.0,,,,,,1,,,,
Q1GDL7,Q1GDL7_RUEST,1.0,,,,,,1,,,,
Q1GEF4,Q1GEF4_RUEST,1.0,,,,,,1,,,,
Q1GFC3,Q1GFC3_RUEST,1.0,,,,,,1,,,,
Q1GGP0,Q1GGP0_RUEST,1.0,,,,,,1,,,,
Q1GMN8,Q1GMN8_RUEST,1.0,,,,,,1,,,,
Q1CSR7,RDXA_HELPH,1.0,1,,,,,,,,,
Q1CKZ0,Q1CKZ0_YERPN,1.0,1,,,,,,,,,
Q1LEF0,Q1LEF0_RALME,1.0,1,,,,,,,,,
Q1BX85,Q1BX85_BURCA,1.0,,,,,,1,,,,
Q1BLA8,Q1BLA8_BURCA,1.0,,,,,,1,,,,
Q1BMZ0,Q1BMZ0_BURCA,1.0,,,,,,1,,,,
Q1BP40,Q1BP40_BURCA,1.0,,,,,,1,,,,
Q1BP62,Q1BP62_BURCA,1.0,,,,,,1,,,,
Q1BS92,Q1BS92_BURCA,1.0,,,,,,1,,,,
Q1BUX3,Q1BUX3_BURCA,1.0,,,,,,1,,,,
Q1BV10,Q1BV10_BURCA,1.0,,,,,,1,,,,
Q1BX90,Q1BX90_BURCA,1.0,,,,,,1,,,,
Q1CI75,Q1CI75_YERPN,1.0,,,,,,1,,,,
Q1BXI8,Q1BXI8_BURCA,1.0,,,,,,1,,,,
Q1C0U5,Q1C0U5_YERPA,1.0,,,,,,1,,,,
Q1C1N4,Q1C1N4_YERPA,1.0,,,,,,1,,,,
Q1C4T3,Q1C4T3_YERPA,1.0,1,,,,,,,,,
Q1C6T7,Q1C6T7_YERPA,1.0,,,,,,1,,,,
Q1CDU5,Q1CDU5_YERPN,1.0,,,,,,1,,,,
Q1CEA2,Q1CEA2_YERPN,1.0,,,,,,1,,,,
Q1GRE3,Q1GRE3_SPHAL,1.0,1,,,,,,,,,
Q1GY45,Q1GY45_METFK,1.0,1,,,,,,,,,
Q1H0I7,Q1H0I7_METFK,1.0,,,,,,1,,,,
Q1JD15,Q1JD15_STRPB,1.0,1,,,,,,,,,
Q1IZ09,Q1IZ09_DEIGD,1.0,,,,,,1,,,,
Q1J0C9,Q1J0C9_DEIGD,1.0,,,,,,1,,,,
Q1J103,Q1J103_DEIGD,1.0,,,,,,1,,,,
Q1J3U4,Q1J3U4_DEIGD,1.0,,,,,,1,,,,
Q1J6U3,Q1J6U3_STRPF,1.0,1,,,,,,,,,
Q1J7X6,Q1J7X6_STRPF,1.0,1,,,,,,,,,
Q1JBZ3,Q1JBZ3_STRPB,1.0,1,,,,,,,,,
Q1JH24,Q1JH24_STRPD,1.0,1,,,,,,,,,
Q1I2G7,Q1I2G7_PSEE4,1.0,,,,,,1,,,,
Q1JI35,Q1JI35_STRPD,1.0,1,,,,,,,,,
Q1JLX5,Q1JLX5_STRPC,1.0,1,,,,,,,,,
Q1JMZ0,Q1JMZ0_STRPC,1.0,1,,,,,,,,,
Q1LCI2,Q1LCI2_RALME,1.0,,,,,,1,,,,
Q1LCR3,Q1LCR3_RALME,1.0,1,,,,,,,,,
Q1LDR2,Q1LDR2_RALME,1.0,,,,,,1,,,,
Q1LED6,Q1LED6_RALME,1.0,,,,,,1,,,,
Q1IVA3,Q1IVA3_KORVE,1.0,,,,,,1,,,,
Q1IRY1,Q1IRY1_KORVE,1.0,,,,,,1,,,,
Q1IP49,Q1IP49_KORVE,1.0,,,,,,1,,,,
Q1INA4,Q1INA4_KORVE,1.0,,,,,,1,,,,
Q1I2J9,Q1I2J9_PSEE4,1.0,1,,,,,,,,,
Q1I340,Q1I340_PSEE4,1.0,,,,,,1,,,,
Q1I6I5,Q1I6I5_PSEE4,1.0,1,,,,,,,,,
Q1I9N1,Q1I9N1_PSEE4,1.0,,,,,,1,,,,
Q1I9X9,Q1I9X9_PSEE4,1.0,1,,,,,,,,,
Q1IA05,Q1IA05_PSEE4,1.0,,,,,,1,,,,
Q1IA98,Q1IA98_PSEE4,1.0,,,,,,1,,,,
Q1IDF6,Q1IDF6_PSEE4,1.0,,,,,,1,,,,
Q1IDR5,Q1IDR5_PSEE4,1.0,1,,,,,,,,,
Q1IFA2,Q1IFA2_PSEE4,1.0,,,,,,1,,,,
Q1IFE2,Q1IFE2_PSEE4,1.0,1,,,,,,,,,
Q1IG91,Q1IG91_PSEE4,1.0,1,,,,,,,,,
Q1IHR6,Q1IHR6_KORVE,1.0,,,,,,1,,,,
Q1IK77,Q1IK77_KORVE,1.0,,,,,,1,,,,
Q1IM26,Q1IM26_KORVE,1.0,,,,,,1,,,,
Q0TKE3,Q0TKE3_ECOL5,1.0,1,,,,,,,,,
Q0TI51,Q0TI51_ECOL5,1.0,1,,,,,,,,,
Q0TI09,Q0TI09_ECOL5,1.0,1,,,,,,,,,
Q03HR9,Q03HR9_PEDPA,1.0,1,,,,,,,,,
Q03BJ5,Q03BJ5_LACC3,1.0,1,,,,,,,,,
Q03BX3,Q03BX3_LACC3,1.0,,,,,,1,,,,
Q03CR0,Q03CR0_LACC3,1.0,,,,,,1,,,,
Q03DD5,Q03DD5_PEDPA,1.0,,,,,,1,,,,
Q03GA9,Q03GA9_PEDPA,1.0,,,,,,1,,,,
Q03GQ9,Q03GQ9_PEDPA,1.0,,,,,,1,,,,
Q03HH2,Q03HH2_PEDPA,1.0,,,,,,1,,,,
Q03JX2,Q03JX2_STRTD,1.0,1,,,,,,,,,
Q03B76,Q03B76_LACC3,1.0,,,,,,1,,,,
Q03KH3,Q03KH3_STRTD,1.0,1,,,,,,,,,
Q03PA0,Q03PA0_LACBA,1.0,,,,,,1,,,,
Q03S08,Q03S08_LACBA,1.0,,,,,,1,,,,
Q03S63,Q03S63_LACBA,1.0,,,,,,1,,,,
Q03SD4,Q03SD4_LACBA,1.0,,,,,,1,,,,
Q03U48,Q03U48_LACBA,1.0,1,,,,,,,,,
Q03U72,Q03U72_LACBA,1.0,,,,,,1,,,,
Q03BC9,Q03BC9_LACC3,1.0,,,,,,1,,,,
Q03B65,Q03B65_LACC3,1.0,1,,,,,,,,,
Q02KX6,Q02KX6_PSEAB,1.0,,,,,,1,,,,
Q02Y47,Q02Y47_LACLS,1.0,1,,,,,,,,,
Q02NH2,Q02NH2_PSEAB,1.0,,,,,,1,,,,
Q02Q87,Q02Q87_PSEAB,1.0,,,,,,1,,,,
Q02R38,Q02R38_PSEAB,1.0,,,,,,1,,,,
Q02S03,Q02S03_PSEAB,1.0,,,,,,1,,,,
Q02SY3,Q02SY3_PSEAB,1.0,,,,,,1,,,,
Q02V58,Q02V58_PSEAB,1.0,,,,,,1,,,,
Q02XF1,Q02XF1_LACLS,1.0,1,,,,,,,,,
Q030R1,Q030R1_LACLS,1.0,,,,,,1,,,,
Q03B60,Q03B60_LACC3,1.0,,,,,,1,,,,
Q031E1,Q031E1_LACLS,1.0,1,,,,,,,,,
Q032L4,Q032L4_LACLS,1.0,,,,,,1,,,,
Q032R5,Q032R5_LACLS,1.0,1,,,,,,,,,
Q033X1,Q033X1_LACC3,1.0,,,,,,1,,,,
Q037J1,Q037J1_LACC3,1.0,1,,,,,,,,,
Q038A4,Q038A4_LACC3,1.0,,,,,,1,,,,
Q038R8,Q038R8_LACC3,1.0,,,,,,1,,,,
Q03WY5,Q03WY5_LEUMM,1.0,,,,,,1,,,,
Q03XL8,Q03XL8_LEUMM,1.0,,,,,,1,,,,
Q03XV6,Q03XV6_LEUMM,1.0,1,,,,,,,,,
Q083V2,Q083V2_SHEFN,1.0,,,,,,1,,,,
Q07PJ5,Q07PJ5_RHOP5,1.0,1,,,,,,,,,
Q07Q21,Q07Q21_RHOP5,1.0,,,,,,1,,,,
Q07TV8,Q07TV8_RHOP5,1.0,,,,,,1,,,,
Q07U17,Q07U17_RHOP5,1.0,,,,,,1,,,,
Q07VN3,Q07VN3_RHOP5,1.0,,,,,,1,,,,
Q07WW5,Q07WW5_SHEFN,1.0,,,,,,1,,,,
Q08257,QOR_HUMAN,1.0,,,,,,1,,,,
Q084Q8,Q084Q8_SHEFN,1.0,,,,,,1,,,,
Q04399,GMC1_YEAST,1.0,1,,,,,,,,,
Q087E3,Q087E3_SHEFN,1.0,,,,,,1,,,,
Q089H5,Q089H5_SHEFN,1.0,,,,,,1,,,,
Q09632,YOF5_CAEEL,1.0,1,,,,,,,,,
Q09B47,Q09B47_STIAD,1.0,1,,,,,,,,,
Q0A5E1,Q0A5E1_ALKEH,1.0,,,,,,1,,,,
Q0A5S5,Q0A5S5_ALKEH,1.0,,,,,,1,,,,
Q0A6Y6,Q0A6Y6_ALKEH,1.0,,,,,,1,,,,
Q07P89,Q07P89_RHOP5,1.0,,,,,,1,,,,
Q07ND8,Q07ND8_RHOP5,1.0,,,,,,1,,,,
Q07MU7,Q07MU7_RHOP5,1.0,,,,,,1,,,,
Q07KP6,Q07KP6_RHOP5,1.0,,,,,,1,,,,
Q04E97,Q04E97_OENOB,1.0,,,,,,1,,,,
Q04EF9,Q04EF9_OENOB,1.0,,,,,,1,,,,
Q04G95,Q04G95_OENOB,1.0,,,,,,1,,,,
Q04HI9,Q04HI9_OENOB,1.0,,,,,,1,,,,
Q04HK2,Q04HK2_OENOB,1.0,1,,,,,,,,,
Q04IQ0,Q04IQ0_STRP2,1.0,1,,,,,,,,,
Q04J84,Q04J84_STRP2,1.0,1,,,,,,,,,
Q04LQ6,Q04LQ6_STRP2,1.0,1,,,,,,,,,
Q04PY8,Q04PY8_LEPBJ,1.0,,,,,,1,,,,
Q04Q85,Q04Q85_LEPBJ,1.0,,,,,,1,,,,
Q054P1,Q054P1_LEPBL,1.0,,,,,,1,,,,
Q054Z5,Q054Z5_LEPBL,1.0,,,,,,1,,,,
Q07IB1,Q07IB1_RHOP5,1.0,,,,,,1,,,,
Q07KF6,Q07KF6_RHOP5,1.0,1,,,,,,,,,
Q07KJ0,Q07KJ0_RHOP5,1.0,1,,,,,,,,,
Q02MU0,Q02MU0_PSEAB,1.0,,,,,,1,,,,
Q02IV7,Q02IV7_PSEAB,1.0,,,,,,1,,,,
Q0THP6,Q0THP6_ECOL5,1.0,1,,,,,,,,,
P39605,NFRA1_BACSU,1.0,1,,,,,,,,,
P28625,YIM1_YEAST,1.0,,,,,,1,,,,
P33029,YEIQ_ECOLI,1.0,1,,,,,,,,,
P33368,YOHF_ECOLI,1.0,1,,,,,,,,,
P35183,AST1_YEAST,1.0,,,,,,1,,,,
P37440,UCPA_ECOLI,1.0,1,,,,,,,,,
P38071,ETR1_YEAST,1.0,,,,,,1,,,,
P38230,QOR_YEAST,1.0,,,,,,1,,,,
P39640,BACC_BACSU,1.0,1,,,,,,,,,
P25145,Y432_LISMO,1.0,1,,,,,,,,,
P39644,YWFH_BACSU,1.0,1,,,,,,,,,
P39945,AST2_YEAST,1.0,,,,,,1,,,,
P40397,YHXC_BACSU,1.0,1,,,,,,,,,
P40398,YHXD_BACSU,1.0,1,,,,,,,,,
P40579,YIV5_YEAST,1.0,1,,,,,,,,,
P40580,BZRD_YEAST,1.0,1,,,,,,,,,
P40747,YUXG_BACSU,1.0,1,,,,,,,,,
P26646,ACUI_ECOLI,1.0,,,,,,1,,,,
P11415,QOR_CAVPO,1.0,,,,,,1,,,,
Q02I22,Q02I22_PSEAB,1.0,,,,,,1,,,,
O74822,YBJB_SCHPO,1.0,,,,,,1,,,,
O34475,YFKO_BACSU,1.0,1,,,,,,,,,
O34896,UXUB_BACSU,1.0,1,,,,,,,,,
O42909,YBI2_SCHPO,1.0,,,,,,1,,,,
O45496,O45496_CAEEL,1.0,,,,,,1,,,,
O45903,MECR1_CAEEL,1.0,,,,,,1,,,,
O67251,FORD1_AQUAE,1.0,1,,,,,,,,,
O74489,QOR_SCHPO,1.0,,,,,,1,,,,
O87278,STCD_RHIME,1.0,1,,,,,,,,,
P0AG85,YGHA_ECO57,1.0,1,,,,,,,,,
O94564,YGD6_SCHPO,1.0,,,,,,1,,,,
O97764,QOR_BOVIN,1.0,,,,,,1,,,,
P0A2D1,UCPA_SALTY,1.0,1,,,,,,,,,
P0A2D2,UCPA_SALTI,1.0,1,,,,,,,,,
P0AFP4,YBBO_ECOLI,1.0,1,,,,,,,,,
P0AFP5,YBBO_ECOL6,1.0,1,,,,,,,,,
P0AG84,YGHA_ECOLI,1.0,1,,,,,,,,,
P40783,QOR_SALTY,1.0,,,,,,1,,,,
P43561,FET5_YEAST,1.0,1,,,,,,,,,
P43903,QOR_PSEAE,1.0,,,,,,1,,,,
Q01D21,Q01D21_OSTTA,1.0,,,,,,1,,,,
P99173,ZDH1_STAAN,1.0,,,,,,1,,,,
P9WGR4,Y484_MYCTO,1.0,1,,,,,,,,,
P9WGR6,Y945_MYCTO,1.0,1,,,,,,,,,
P9WGS0,Y1543_MYCTO,1.0,1,,,,,,,,,
P9WGS1,Y1543_MYCTU,1.0,1,,,,,,,,,
P9WIW2,Y051_MYCTO,1.0,1,,,,,,,,,
Q015M2,Q015M2_OSTTA,1.0,,,,,,1,,,,
Q01PT2,Q01PT2_SOLUE,1.0,,,,,,1,,,,
P45200,Y1430_HAEIN,1.0,1,,,,,,,,,
Q01SY2,Q01SY2_SOLUE,1.0,,,,,,1,,,,
Q01UW9,Q01UW9_SOLUE,1.0,,,,,,1,,,,
Q01XY3,Q01XY3_SOLUE,1.0,,,,,,1,,,,
Q01YN8,Q01YN8_SOLUE,1.0,,,,,,1,,,,
Q024Z7,Q024Z7_SOLUE,1.0,,,,,,1,,,,
Q02D53,Q02D53_SOLUE,1.0,,,,,,1,,,,
Q02ED0,Q02ED0_PSEAB,1.0,,,,,,1,,,,
P96707,YDGI_BACSU,1.0,1,,,,,,,,,
P95273,P95273_MYCTO,1.0,1,,,,,,,,,
P81102,YODC_BACSU,1.0,1,,,,,,,,,
P74373,DFA3_SYNY3,1.0,1,,,,,,,,,
P46331,YXBG_BACSU,1.0,1,,,,,,,,,
P47199,QOR_MOUSE,1.0,,,,,,1,,,,
P53912,YNN4_YEAST,1.0,,,,,,1,,,,
P54007,YL460_YEAST,1.0,,,,,,1,,,,
P54550,NAMA_BACSU,1.0,1,,,,,,,,,
P63475,ZDH1_STAAM,1.0,,,,,,1,,,,
P64752,Y921_MYCBO,1.0,1,,,,,,,,,
P64762,Y965_MYCBO,1.0,1,,,,,,,,,
P64766,Y968_MYCBO,1.0,1,,,,,,,,,
P64770,Y978_MYCBO,1.0,1,,,,,,,,,
P64832,Y1395_MYCBO,1.0,1,,,,,,,,,
P66778,EPHD_MYCBO,1.0,1,,,,,,,,,
P67756,Y100_MYCBO,1.0,1,,,,,,,,,
P72721,DFA4_SYNY3,1.0,1,,,,,,,,,
P74041,Y816_SYNY3,1.0,1,,,,,,,,,
Q0A971,Q0A971_ALKEH,1.0,1,,,,,,,,,
Q0ACL5,Q0ACL5_ALKEH,1.0,,,,,,1,,,,
Q0AH56,Q0AH56_NITEC,1.0,,,,,,1,,,,
Q0RK80,Q0RK80_FRAAA,1.0,,,,,,1,,,,
Q0RC95,Q0RC95_FRAAA,1.0,,,,,,1,,,,
Q0RD65,Q0RD65_FRAAA,1.0,,,,,,1,,,,
Q0RDD1,Q0RDD1_FRAAA,1.0,,,,,,1,,,,
Q0RG57,Q0RG57_FRAAA,1.0,,,,,,1,,,,
Q0RGA1,Q0RGA1_FRAAA,1.0,,,,,,1,,,,
Q0RJI1,Q0RJI1_FRAAA,1.0,,,,,,1,,,,
Q0RK71,Q0RK71_FRAAA,1.0,,,,,,1,,,,
Q0RMR1,Q0RMR1_FRAAA,1.0,,,,,,1,,,,
Q0MVN8,QOR_PIG,1.0,,,,,,1,,,,
Q0RPC7,Q0RPC7_FRAAA,1.0,,,,,,1,,,,
Q0RQ40,Q0RQ40_FRAAA,1.0,,,,,,1,,,,
Q0RU84,Q0RU84_FRAAA,1.0,,,,,,1,,,,
Q0RUZ2,Q0RUZ2_RHOJR,1.0,,,,,,1,,,,
Q0RXE0,Q0RXE0_RHOJR,1.0,1,,,,,,,,,
Q0RYG5,Q0RYG5_RHOJR,1.0,,,,,,1,,,,
Q0RYZ7,Q0RYZ7_RHOJR,1.0,,,,,,1,,,,
Q0RBG3,Q0RBG3_FRAAA,1.0,,,,,,1,,,,
Q0KFN6,Q0KFN6_CUPNH,1.0,1,,,,,,,,,
Q0AKE3,Q0AKE3_MARMM,1.0,,,,,,1,,,,
Q0K9Z3,Q0K9Z3_CUPNH,1.0,,,,,,1,,,,
Q0K5S1,Q0K5S1_CUPNH,1.0,1,,,,,,,,,
Q0K616,Q0K616_CUPNH,1.0,1,,,,,,,,,
Q0K618,Q0K618_CUPNH,1.0,1,,,,,,,,,
Q0K6H2,Q0K6H2_CUPNH,1.0,,,,,,1,,,,
Q0K8W0,Q0K8W0_CUPNH,1.0,1,,,,,,,,,
Q0K949,Q0K949_CUPNH,1.0,,,,,,1,,,,
Q0K9S2,Q0K9S2_CUPNH,1.0,1,,,,,,,,,
Q0KA80,Q0KA80_CUPNH,1.0,1,,,,,,,,,
Q0KF11,Q0KF11_CUPNH,1.0,1,,,,,,,,,
Q0KAR7,Q0KAR7_CUPNH,1.0,1,,,,,,,,,
Q0KC06,Q0KC06_CUPNH,1.0,1,,,,,,,,,
Q0KC69,Q0KC69_CUPNH,1.0,,,,,,1,,,,
Q0KCG2,Q0KCG2_CUPNH,1.0,1,,,,,,,,,
Q0KCT3,Q0KCT3_CUPNH,1.0,,,,,,1,,,,
Q0KD42,Q0KD42_CUPNH,1.0,,,,,,1,,,,
Q0KE05,Q0KE05_CUPNH,1.0,,,,,,1,,,,
Q0RZ05,Q0RZ05_RHOJR,1.0,,,,,,1,,,,
Q0S043,Q0S043_RHOJR,1.0,,,,,,1,,,,
Q0S0I4,Q0S0I4_RHOJR,1.0,,,,,,1,,,,
Q0T793,Q0T793_SHIF8,1.0,1,,,,,,,,,
Q0SK58,Q0SK58_RHOJR,1.0,1,,,,,,,,,
Q0SXR8,Q0SXR8_SHIF8,1.0,,,,,,1,,,,
Q0T036,Q0T036_SHIF8,1.0,,,,,,1,,,,
Q0T0P5,Q0T0P5_SHIF8,1.0,1,,,,,,,,,
Q0T282,Q0T282_SHIF8,1.0,1,,,,,,,,,
Q0T2U9,Q0T2U9_SHIF8,1.0,1,,,,,,,,,
Q0T5C7,Q0T5C7_SHIF8,1.0,1,,,,,,,,,
Q0TA14,Q0TA14_ECOL5,1.0,,,,,,1,,,,
Q0S971,Q0S971_RHOJR,1.0,,,,,,1,,,,
Q0TC18,Q0TC18_ECOL5,1.0,1,,,,,,,,,
Q0TCL2,Q0TCL2_ECOL5,1.0,,,,,,1,,,,
Q0TD19,Q0TD19_ECOL5,1.0,1,,,,,,,,,
Q0TDA8,Q0TDA8_ECOL5,1.0,1,,,,,,,,,
Q0TF41,Q0TF41_ECOL5,1.0,1,,,,,,,,,
Q0TFR7,Q0TFR7_ECOL5,1.0,1,,,,,,,,,
Q0TFV4,Q0TFV4_ECOL5,1.0,1,,,,,,,,,
Q0SJL6,Q0SJL6_RHOJR,1.0,,,,,,1,,,,
Q0SJC5,Q0SJC5_RHOJR,1.0,,,,,,1,,,,
Q0SJ70,Q0SJ70_RHOJR,1.0,,,,,,1,,,,
Q0SJ18,Q0SJ18_RHOJR,1.0,,,,,,1,,,,
Q0S9J9,Q0S9J9_RHOJR,1.0,,,,,,1,,,,
Q0S9P0,Q0S9P0_RHOJR,1.0,,,,,,1,,,,
Q0SA50,Q0SA50_RHOJR,1.0,,,,,,1,,,,
Q0SC33,Q0SC33_RHOJR,1.0,,,,,,1,,,,
Q0SCI0,Q0SCI0_RHOJR,1.0,,,,,,1,,,,
Q0SCZ8,Q0SCZ8_RHOJR,1.0,,,,,,1,,,,
Q0SE91,Q0SE91_RHOJR,1.0,,,,,,1,,,,
Q0SFC4,Q0SFC4_RHOJR,1.0,,,,,,1,,,,
Q0SFY0,Q0SFY0_RHOJR,1.0,,,,,,1,,,,
Q0SGA5,Q0SGA5_RHOJR,1.0,,,,,,1,,,,
Q0SGG3,Q0SGG3_RHOJR,1.0,,,,,,1,,,,
Q0SGL2,Q0SGL2_RHOJR,1.0,,,,,,1,,,,
Q0SGM4,Q0SGM4_RHOJR,1.0,,,,,,1,,,,
Q0SHV1,Q0SHV1_RHOJR,1.0,,,,,,1,,,,
Q0SIL8,Q0SIL8_RHOJR,1.0,,,,,,1,,,,
Q0K4S2,Q0K4S2_CUPNH,1.0,1,,,,,,,,,
Q0K4H0,Q0K4H0_CUPNH,1.0,,,,,,1,,,,
Q0K4G9,Q0K4G9_CUPNH,1.0,1,,,,,,,,,
Q0BW88,Q0BW88_GRABC,1.0,,,,,,1,,,,
Q0BPK4,Q0BPK4_GRABC,1.0,1,,,,,,,,,
Q0BQH4,Q0BQH4_GRABC,1.0,1,,,,,,,,,
Q0BSF6,Q0BSF6_GRABC,1.0,,,,,,1,,,,
Q0BT97,Q0BT97_GRABC,1.0,,,,,,1,,,,
Q0BW06,Q0BW06_GRABC,1.0,,,,,,1,,,,
Q0BW10,Q0BW10_GRABC,1.0,1,,,,,,,,,
Q0BW31,Q0BW31_GRABC,1.0,1,,,,,,,,,
Q0BWZ7,Q0BWZ7_HYPNA,1.0,,,,,,1,,,,
Q0C698,Q0C698_HYPNA,1.0,,,,,,1,,,,
Q0BXJ9,Q0BXJ9_HYPNA,1.0,,,,,,1,,,,
Q0BXZ1,Q0BXZ1_HYPNA,1.0,,,,,,1,,,,
Q0BYL8,Q0BYL8_HYPNA,1.0,,,,,,1,,,,
Q0BZG5,Q0BZG5_HYPNA,1.0,,,,,,1,,,,
Q0BZV2,Q0BZV2_HYPNA,1.0,,,,,,1,,,,
Q0C1T2,Q0C1T2_HYPNA,1.0,,,,,,1,,,,
Q0C2F5,Q0C2F5_HYPNA,1.0,1,,,,,,,,,
Q0BLZ8,Q0BLZ8_FRATO,1.0,1,,,,,,,,,
Q0BLC2,Q0BLC2_FRATO,1.0,1,,,,,,,,,
Q0BLB7,Q0BLB7_FRATO,1.0,1,,,,,,,,,
Q0BGD1,Q0BGD1_BURCM,1.0,,,,,,1,,,,
Q0ALI2,Q0ALI2_MARMM,1.0,,,,,,1,,,,
Q0ANJ7,Q0ANJ7_MARMM,1.0,,,,,,1,,,,
Q0AP48,Q0AP48_MARMM,1.0,,,,,,1,,,,
Q0B258,Q0B258_BURCM,1.0,,,,,,1,,,,
Q0B314,Q0B314_BURCM,1.0,,,,,,1,,,,
Q0B4I9,Q0B4I9_BURCM,1.0,,,,,,1,,,,
Q0B6C9,Q0B6C9_BURCM,1.0,,,,,,1,,,,
Q0B6E3,Q0B6E3_BURCM,1.0,,,,,,1,,,,
Q0B8B3,Q0B8B3_BURCM,1.0,,,,,,1,,,,
Q0B9E8,Q0B9E8_BURCM,1.0,,,,,,1,,,,
Q0B9F7,Q0B9F7_BURCM,1.0,,,,,,1,,,,
Q0BD89,Q0BD89_BURCM,1.0,,,,,,1,,,,
Q0BDC7,Q0BDC7_BURCM,1.0,,,,,,1,,,,
Q0BF01,Q0BF01_BURCM,1.0,,,,,,1,,,,
Q0BFD0,Q0BFD0_BURCM,1.0,,,,,,1,,,,
Q0C609,Q0C609_HYPNA,1.0,,,,,,1,,,,
Q0DJ93,Q0DJ93_ORYSJ,1.0,,,,,,1,,,,
Q0K4E2,Q0K4E2_CUPNH,1.0,,,,,,1,,,,
Q0K1J4,Q0K1J4_CUPNH,1.0,,,,,,1,,,,
Q0K0C5,Q0K0C5_CUPNH,1.0,1,,,,,,,,,
Q0K0F8,Q0K0F8_CUPNH,1.0,,,,,,1,,,,
Q0K0J0,Q0K0J0_CUPNH,1.0,,,,,,1,,,,
Q0K194,Q0K194_CUPNH,1.0,1,,,,,,,,,
Q0K1B9,Q0K1B9_CUPNH,1.0,1,,,,,,,,,
Q0K1F7,Q0K1F7_CUPNH,1.0,1,,,,,,,,,
Q0K1J1,Q0K1J1_CUPNH,1.0,1,,,,,,,,,
Q0K1K0,Q0K1K0_CUPNH,1.0,1,,,,,,,,,
Q0DW19,Q0DW19_ORYSJ,1.0,,,,,,1,,,,
Q0K1N7,Q0K1N7_CUPNH,1.0,1,,,,,,,,,
Q0K1U4,Q0K1U4_CUPNH,1.0,1,,,,,,,,,
Q0K2B0,Q0K2B0_CUPNH,1.0,,,,,,1,,,,
Q0K2F2,Q0K2F2_CUPNH,1.0,,,,,,1,,,,
Q0K2I0,Q0K2I0_CUPNH,1.0,,,,,,1,,,,
Q0K3W0,Q0K3W0_CUPNH,1.0,,,,,,1,,,,
Q0K414,Q0K414_CUPNH,1.0,,,,,,1,,,,
Q0K096,Q0K096_CUPNH,1.0,,,,,,1,,,,
Q0JZY2,Q0JZY2_CUPNH,1.0,1,,,,,,,,,
Q0JZQ2,Q0JZQ2_CUPNH,1.0,1,,,,,,,,,
Q0JZN8,Q0JZN8_CUPNH,1.0,,,,,,1,,,,
Q0E9G4,Q0E9G4_DROME,1.0,,,,,,1,,,,
Q0HEP0,Q0HEP0_SHESM,1.0,,,,,,1,,,,
Q0HI90,Q0HI90_SHESM,1.0,,,,,,1,,,,
Q0HN80,Q0HN80_SHESM,1.0,,,,,,1,,,,
Q0HQK7,Q0HQK7_SHESR,1.0,,,,,,1,,,,
Q0HUI6,Q0HUI6_SHESR,1.0,,,,,,1,,,,
Q0HZB1,Q0HZB1_SHESR,1.0,,,,,,1,,,,
Q0I616,Q0I616_SYNS3,1.0,1,,,,,,,,,
Q0J0N7,Q0J0N7_ORYSJ,1.0,,,,,,1,,,,
Q0J0N8,Q0J0N8_ORYSJ,1.0,,,,,,1,,,,
Q0JDV3,Q0JDV3_ORYSJ,1.0,,,,,,1,,,,
Q0JY72,Q0JY72_CUPNH,1.0,,,,,,1,,,,
Q0JY83,Q0JY83_CUPNH,1.0,1,,,,,,,,,
Q0JY84,Q0JY84_CUPNH,1.0,1,,,,,,,,,
Q0JYQ3,Q0JYQ3_CUPNH,1.0,1,,,,,,,,,
A0A024R1Z6,A0A024R1Z6_HUMAN,1.0,1,,,,,,,,,
