,,,KOr74,GENETREEr79,OMAr2014,TREEFAMr9,ORTHODBv8,EggNOGv4,HOGENOMr6,HOVERGENr49,COGv2014,HumPhylomeDBv4
,,,K04375,ENSGT00760000118996,MDTAGQA,TF317732,EOG7NPFTD,NOG269367,NA,HBG004344,NA,P19419
ACC,ENTRY_NAME,Db_count,,,,,,,,,,
A4GTP4,A4GTP4_RAT,8.0,1,1,1,1,1,1,,1,,1
P19419,ELK1_HUMAN,8.0,1,1,1,1,1,1,,1,,1
P19419,ELK1_HUMAN,8.0,1,1,1,1,1,1,,1,,1
P41969,ELK1_MOUSE,8.0,1,1,1,1,1,1,,1,,1
A4GTP4,A4GTP4_RAT,8.0,1,1,1,1,1,1,,1,,1
F1PQM8,F1PQM8_CANFA,5.0,1,1,1,1,1,,,,,
P41971,ELK3_MOUSE,4.0,,1,,1,1,,,1,,
P41970,ELK3_HUMAN,4.0,,1,,1,1,,,1,,
G1SZG6,G1SZG6_RABIT,4.0,,1,1,1,1,,,,,
P41158,ELK4_MOUSE,4.0,,1,,1,1,,,1,,
F6TRK1,F6TRK1_HORSE,4.0,,1,1,1,1,,,,,
M3W951,M3W951_FELCA,4.0,1,1,1,,1,,,,,
H0X556,H0X556_OTOGA,4.0,,1,1,1,1,,,,,
A2VDT5,A2VDT5_BOVIN,4.0,,1,,1,1,,,1,,
F6R8J4,F6R8J4_MACMU,4.0,,1,1,1,1,,,,,
P28324,ELK4_HUMAN,4.0,,1,,1,1,,,1,,
G1M2I4,G1M2I4_AILME,4.0,,1,1,1,1,,,,,
H0VDY8,H0VDY8_CAVPO,4.0,,1,1,1,1,,,,,
F7FV61,F7FV61_CALJA,4.0,1,1,1,1,,,,,,
G3N0W5,G3N0W5_BOVIN,4.0,,1,1,1,1,,,,,
E7F086,E7F086_DANRE,4.0,1,1,,1,1,,,,,
G1QT99,G1QT99_NOMLE,4.0,,1,1,1,1,,,,,
G3TFB5,G3TFB5_LOXAF,4.0,,1,1,1,1,,,,,
I3MEI5,I3MEI5_SPETR,4.0,,1,1,1,1,,,,,
G1NWC6,G1NWC6_MYOLU,4.0,,1,1,1,1,,,,,
Q5ZMM7,Q5ZMM7_CHICK,4.0,,1,,1,1,,,1,,
B4F7D4,B4F7D4_RAT,4.0,,1,,1,1,,,1,,
H2N3Z5,H2N3Z5_PONAB,3.0,,1,,1,1,,,,,
F1QFL0,F1QFL0_DANRE,3.0,,1,,1,1,,,,,
H2QYJ3,H2QYJ3_PANTR,3.0,,1,,1,1,,,,,
H2LGE4,H2LGE4_ORYLA,3.0,,1,,1,1,,,,,
H2LZT9,H2LZT9_ORYLA,3.0,,1,,1,1,,,,,
G1PIG8,G1PIG8_MYOLU,3.0,,1,,1,1,,,,,
E2QVW3,E2QVW3_CANFA,3.0,,1,,1,1,,,,,
H2MR29,H2MR29_ORYLA,3.0,,1,,1,1,,,,,
H2Q0Z5,H2Q0Z5_PANTR,3.0,,1,,1,1,,,,,
H2PVH0,H2PVH0_PONAB,3.0,,1,1,,1,,,,,
G1NXS0,G1NXS0_MYOLU,3.0,,1,,1,1,,,,,
Q4H3N0,Q4H3N0_CIOIN,3.0,,1,,1,1,,,,,
H2NIB7,H2NIB7_PONAB,3.0,,1,,1,1,,,,,
F1PA90,F1PA90_CANFA,3.0,,1,,1,1,,,,,
H2Q6N4,H2Q6N4_PANTR,3.0,,1,,1,1,,,,,
F1NRR0,F1NRR0_CHICK,3.0,,1,,1,1,,,,,
G1NG47,G1NG47_MELGA,3.0,,1,,1,1,,,,,
F1QIB0,F1QIB0_DANRE,3.0,,1,,1,1,,,,,
G1MVH0,G1MVH0_MELGA,3.0,,1,,1,1,,,,,
Q0IHT9,Q0IHT9_XENTR,3.0,,1,,,1,,,1,,
G1KP19,G1KP19_ANOCA,3.0,,1,,1,1,,,,,
G1L5G5,G1L5G5_AILME,3.0,,1,,1,1,,,,,
G1L424,G1L424_AILME,3.0,,1,,1,1,,,,,
I3MNK7,I3MNK7_SPETR,3.0,,1,,1,1,,,,,
F6ZC42,F6ZC42_XENTR,3.0,,1,,1,1,,,,,
I3MFM3,I3MFM3_SPETR,3.0,,1,,1,1,,,,,
H2YWC2,H2YWC2_CIOSA,3.0,,1,,1,1,,,,,
I3LQ05,I3LQ05_PIG,3.0,,1,,1,1,,,,,
F7E9Y1,F7E9Y1_MONDO,3.0,,1,,1,1,,,,,
F7A7U0,F7A7U0_HORSE,3.0,,1,,1,1,,,,,
I3L8C1,I3L8C1_PIG,3.0,,1,,1,1,,,,,
H3ACX8,H3ACX8_LATCH,3.0,,1,,1,1,,,,,
H9H5Q4,H9H5Q4_MACMU,3.0,,1,,1,1,,,,,
H3AEL5,H3AEL5_LATCH,3.0,,1,,1,1,,,,,
H9GKU5,H9GKU5_ANOCA,3.0,,1,,1,1,,,,,
H3DF08,H3DF08_TETNG,3.0,,1,,1,1,,,,,
F7BEG4,F7BEG4_ORNAN,3.0,,1,,1,1,,,,,
H3CN68,H3CN68_TETNG,3.0,,1,,1,1,,,,,
H3BA07,H3BA07_LATCH,3.0,,1,,1,1,,,,,
H3BEZ1,H3BEZ1_LATCH,3.0,,1,,1,1,,,,,
G3STX6,G3STX6_LOXAF,3.0,,1,,1,1,,,,,
F7F772,F7F772_MACMU,3.0,,1,,1,1,,,,,
F6XTS0,F6XTS0_MACMU,3.0,,1,,1,1,,,,,
H2TIL3,H2TIL3_TAKRU,3.0,,1,,1,1,,,,,
F1RWV0,F1RWV0_PIG,3.0,,1,1,1,,,,,,
D4A9V6,D4A9V6_RAT,3.0,,1,,1,1,,,,,
G1KD37,G1KD37_ANOCA,3.0,,1,,1,1,,,,,
M3YPP4,M3YPP4_MUSPF,3.0,,1,1,,1,,,,,
F6QK28,F6QK28_MACMU,3.0,,1,,1,1,,,,,
F6R1H0,F6R1H0_ORNAN,3.0,,1,,1,1,,,,,
F6SHC4,F6SHC4_HORSE,3.0,,1,,1,1,,,,,
F6T5N2,F6T5N2_MONDO,3.0,,1,,1,1,,,,,
H2U2L4,H2U2L4_TAKRU,3.0,,1,,1,1,,,,,
K7GQA4,K7GQA4_PIG,3.0,1,1,,,1,,,,,
K7G6H2,K7G6H2_PELSI,3.0,,1,,1,1,,,,,
F6U3X8,F6U3X8_XENTR,3.0,,1,,1,1,,,,,
F6UYY9,F6UYY9_ORNAN,3.0,,1,,1,1,,,,,
F6W6B0,F6W6B0_CALJA,3.0,,1,,1,1,,,,,
F7GB25,F7GB25_CALJA,3.0,,1,,1,1,,,,,
K7ETA0,K7ETA0_PONAB,3.0,1,1,,1,,,,,,
G1R1S5,G1R1S5_NOMLE,3.0,,1,,1,1,,,,,
F7CIT3,F7CIT3_MONDO,3.0,,1,,1,1,,,,,
H1A4I1,H1A4I1_TAEGU,3.0,,1,,1,1,,,,,
G1RWR7,G1RWR7_NOMLE,3.0,,1,,1,1,,,,,
G3N2I0,G3N2I0_BOVIN,3.0,,1,,1,1,,,,,
G3N6X7,G3N6X7_GASAC,3.0,,1,,1,1,,,,,
H0X2R1,H0X2R1_OTOGA,3.0,,1,,1,1,,,,,
H0VI59,H0VI59_CAVPO,3.0,,1,,1,1,,,,,
H0V4K8,H0V4K8_CAVPO,3.0,,1,,1,1,,,,,
G5EDL0,G5EDL0_CAEEL,3.0,1,1,,,1,,,,,
G3WSP7,G3WSP7_SARHA,3.0,,1,,1,1,,,,,
G3WM59,G3WM59_SARHA,3.0,,1,,1,1,,,,,
G3Q609,G3Q609_GASAC,3.0,,1,,1,1,,,,,
G3R1F1,G3R1F1_GORGO,3.0,,1,,1,1,,,,,
H0XNN3,H0XNN3_OTOGA,3.0,,1,,1,1,,,,,
G3RV72,G3RV72_GORGO,3.0,,1,,1,1,,,,,
G3TG81,G3TG81_LOXAF,3.0,,1,,1,1,,,,,
G3SFC3,G3SFC3_GORGO,3.0,,1,1,1,,,,,,
G1T7H1,G1T7H1_RABIT,3.0,,1,,1,1,,,,,
H0ZE70,H0ZE70_TAEGU,3.0,,1,,1,1,,,,,
H3C404,H3C404_TETNG,2.0,,1,,1,,,,,,
O01519,O01519_CAEEL,2.0,,1,,,1,,,,,
H2RJ60,H2RJ60_TAKRU,2.0,,1,,1,,,,,,
H3CA09,H3CA09_TETNG,2.0,,1,,,1,,,,,
M4AQQ3,M4AQQ3_XIPMA,2.0,,1,,,1,,,,,
M4A299,M4A299_XIPMA,2.0,,1,,,1,,,,,
H2V2E8,H2V2E8_TAKRU,2.0,,1,,1,,,,,,
M4A1P5,M4A1P5_XIPMA,2.0,,1,,,1,,,,,
H3CPK3,H3CPK3_TETNG,2.0,,1,,1,,,,,,
G3NKV2,G3NKV2_GASAC,2.0,,1,,1,,,,,,
A0A0A6YYQ8,A0A0A6YYQ8_MOUSE,2.0,,1,,,,,,1,,
M3YKH9,M3YKH9_MUSPF,2.0,,1,,,1,,,,,
G1KCK4,G1KCK4_ANOCA,2.0,,1,,,1,,,,,
F6PHU5,F6PHU5_XENTR,2.0,,1,,1,,,,,,
M3Y6Q9,M3Y6Q9_MUSPF,2.0,,1,,,1,,,,,
G3R042,G3R042_GORGO,2.0,,1,,,1,,,,,
W5PTE7,W5PTE7_SHEEP,2.0,,1,1,,,,,,,
H2Z0K7,H2Z0K7_CIOSA,2.0,,1,,,1,,,,,
F6R9C9,F6R9C9_MACMU,2.0,1,1,,,,,,,,
G3PA90,G3PA90_GASAC,2.0,,1,,1,,,,,,
M3WDV0,M3WDV0_FELCA,2.0,,1,,,1,,,,,
M3W6E1,M3W6E1_FELCA,2.0,,1,,,1,,,,,
I3JPL1,I3JPL1_ORENI,2.0,,,,1,1,,,,,
A2VDQ8,A2VDQ8_BOVIN,2.0,,1,,,,,,1,,
K7G2R4,K7G2R4_PELSI,2.0,,1,,1,,,,,,
K7G2R3,K7G2R3_PELSI,2.0,,1,,,1,,,,,
I3K166,I3K166_ORENI,2.0,,,,1,1,,,,,
I3KB71,I3KB71_ORENI,2.0,,,,1,1,,,,,
F6YCF6,F6YCF6_CIOIN,2.0,,1,,,1,,,,,
F6YG78,F6YG78_CALJA,2.0,,1,,,1,,,,,
H2V2E6,H2V2E6_TAKRU,2.0,,1,,,1,,,,,
Q86SR6,Q86SR6_HUMAN,2.0,1,,,,,,,1,,
A0A024R1A7,A0A024R1A7_HUMAN,2.0,1,,1,,,,,,,
A7RSZ8,A7RSZ8_NEMVE,2.0,,,,,1,1,,,,
H2M9W3,H2M9W3_ORYLA,2.0,,1,,1,,,,,,
F1MT98,F1MT98_BOVIN,2.0,1,1,,,,,,,,
A7RW27,A7RW27_NEMVE,2.0,,,,,1,1,,,,
A7T551,A7T551_NEMVE,2.0,,,,,1,1,,,,
B5AIC3,B5AIC3_XENLA,2.0,1,,,,,,,1,,
A7RSZ6,A7RSZ6_NEMVE,2.0,,,,,1,1,,,,
F7F2E6,F7F2E6_MONDO,1.0,,1,,,,,,,,
G3QI42,G3QI42_GORGO,1.0,,1,,,,,,,,
G1PHH4,G1PHH4_MYOLU,1.0,,1,,,,,,,,
G3QVG3,G3QVG3_GORGO,1.0,,1,,,,,,,,
F7EKJ9,F7EKJ9_MONDO,1.0,,1,,,,,,,,
G3QTJ2,G3QTJ2_GORGO,1.0,,1,,,,,,,,
G1RZ70,G1RZ70_NOMLE,1.0,,1,,,,,,,,
G1PI25,G1PI25_MYOLU,1.0,,,,,1,,,,,
G3R5C2,G3R5C2_GORGO,1.0,,1,,,,,,,,
F7F6B1,F7F6B1_MACMU,1.0,,1,,,,,,,,
G1T6X3,G1T6X3_RABIT,1.0,,1,,,,,,,,
F7ECT1,F7ECT1_CALJA,1.0,,1,,,,,,,,
G1S8D7,G1S8D7_NOMLE,1.0,,1,,,,,,,,
G3QGQ9,G3QGQ9_GORGO,1.0,,1,,,,,,,,
G1PCT7,G1PCT7_MYOLU,1.0,,1,,,,,,,,
G3QDQ3,G3QDQ3_GORGO,1.0,,1,,,,,,,,
G3Q7S2,G3Q7S2_GASAC,1.0,,1,,,,,,,,
F7FVV7,F7FVV7_CALJA,1.0,,1,,,,,,,,
G1NYF7,G1NYF7_MYOLU,1.0,,1,,,,,,,,
G3Q5Y0,G3Q5Y0_GASAC,1.0,,1,,,,,,,,
G3Q5X7,G3Q5X7_GASAC,1.0,,1,,,,,,,,
G1S8D8,G1S8D8_NOMLE,1.0,,1,,,,,,,,
F7GME0,F7GME0_MACMU,1.0,,1,,,,,,,,
F7HVP3,F7HVP3_CALJA,1.0,,1,,,,,,,,
F7HVP5,F7HVP5_CALJA,1.0,,1,,,,,,,,
F7EFE3,F7EFE3_ORNAN,1.0,,1,,,,,,,,
G3RIH0,G3RIH0_GORGO,1.0,,1,,,,,,,,
G3RE61,G3RE61_GORGO,1.0,,1,,,,,,,,
G1Q801,G1Q801_MYOLU,1.0,,1,,,,,,,,
G3SQ40,G3SQ40_LOXAF,1.0,,1,,,,,,,,
G1QTB4,G1QTB4_NOMLE,1.0,,1,,,,,,,,
F7CM21,F7CM21_MACMU,1.0,,1,,,,,,,,
G1RAF2,G1RAF2_NOMLE,1.0,,1,,,,,,,,
G1QKJ7,G1QKJ7_NOMLE,1.0,,1,,,,,,,,
G3SHE4,G3SHE4_GORGO,1.0,,1,,,,,,,,
F7CP53,F7CP53_MACMU,1.0,,1,,,,,,,,
G1QD36,G1QD36_MYOLU,1.0,,1,,,,,,,,
F7CQG4,F7CQG4_HORSE,1.0,,1,,,,,,,,
F7CT48,F7CT48_HORSE,1.0,,1,,,,,,,,
G1RI80,G1RI80_NOMLE,1.0,,1,,,,,,,,
F7DEU3,F7DEU3_ORNAN,1.0,,1,,,,,,,,
F7DH13,F7DH13_MACMU,1.0,,,,,1,,,,,
F7EB68,F7EB68_ORNAN,1.0,,1,,,,,,,,
F7DTC2,F7DTC2_HORSE,1.0,,1,,,,,,,,
G3S8T3,G3S8T3_GORGO,1.0,,1,,,,,,,,
G3S761,G3S761_GORGO,1.0,,,,,1,,,,,
F7DU59,F7DU59_MONDO,1.0,,1,,,,,,,,
G3RZK4,G3RZK4_GORGO,1.0,,1,,,,,,,,
G3RX51,G3RX51_GORGO,1.0,,1,,,,,,,,
G1PLG9,G1PLG9_MYOLU,1.0,,1,,,,,,,,
G1PIU3,G1PIU3_MYOLU,1.0,,1,,,,,,,,
G1RKD8,G1RKD8_NOMLE,1.0,,,,,1,,,,,
G1RUX8,G1RUX8_NOMLE,1.0,,1,,,,,,,,
G3RIQ4,G3RIQ4_GORGO,1.0,,1,,,,,,,,
F7I581,F7I581_CALJA,1.0,,1,,,,,,,,
F7HVP8,F7HVP8_CALJA,1.0,,1,,,,,,,,
G1NWH8,G1NWH8_MYOLU,1.0,,1,,,,,,,,
G3Q3G8,G3Q3G8_GASAC,1.0,,1,,,,,,,,
F8W364,F8W364_DANRE,1.0,,1,,,,,,,,
G1K8Q7,G1K8Q7_ANOCA,1.0,,1,,,,,,,,
G1KA65,G1KA65_ANOCA,1.0,,1,,,,,,,,
G1ST72,G1ST72_RABIT,1.0,,1,,,,,,,,
G1SXZ2,G1SXZ2_RABIT,1.0,,1,,,,,,,,
G1MV21,G1MV21_MELGA,1.0,,1,,,,,,,,
G1KD30,G1KD30_ANOCA,1.0,,1,,,,,,,,
G3NMC6,G3NMC6_GASAC,1.0,,1,,,,,,,,
G1SYY7,G1SYY7_RABIT,1.0,,1,,,,,,,,
G1KRL3,G1KRL3_ANOCA,1.0,,1,,,,,,,,
G1KSS3,G1KSS3_ANOCA,1.0,,1,,,,,,,,
G1L0D7,G1L0D7_AILME,1.0,,1,,,,,,,,
F7CJI2,F7CJI2_ORNAN,1.0,,1,,,,,,,,
G1L129,G1L129_AILME,1.0,,,,,1,,,,,
G3NG59,G3NG59_GASAC,1.0,,1,,,,,,,,
G1L5A8,G1L5A8_AILME,1.0,,1,,,,,,,,
G1L5B8,G1L5B8_AILME,1.0,,1,,,,,,,,
G1MU73,G1MU73_MELGA,1.0,,1,,,,,,,,
G1SZL5,G1SZL5_RABIT,1.0,,1,,,,,,,,
G1M8V7,G1M8V7_AILME,1.0,,1,,,,,,,,
G1LN20,G1LN20_AILME,1.0,,1,,,,,,,,
G1T505,G1T505_RABIT,1.0,,1,,,,,,,,
G3HXI9,G3HXI9_CRIGR,1.0,1,,,,,,,,,
G1LPY0,G1LPY0_AILME,1.0,,1,,,,,,,,
G1TVM5,G1TVM5_RABIT,1.0,,1,,,,,,,,
G1LX19,G1LX19_AILME,1.0,,1,,,,,,,,
G1NCX6,G1NCX6_MELGA,1.0,,1,,,,,,,,
F8VZQ0,F8VZQ0_HUMAN,1.0,,1,,,,,,,,
G3Q3G6,G3Q3G6_GASAC,1.0,,1,,,,,,,,
F8VUJ0,F8VUJ0_HUMAN,1.0,,1,,,,,,,,
G1TCF8,G1TCF8_RABIT,1.0,,1,,,,,,,,
G1S8Y6,G1S8Y6_NOMLE,1.0,,1,,,,,,,,
G3PZN4,G3PZN4_GASAC,1.0,,1,,,,,,,,
F7I587,F7I587_CALJA,1.0,,1,,,,,,,,
F7I8Z4,F7I8Z4_CALJA,1.0,,1,,,,,,,,
G3PHG3,G3PHG3_GASAC,1.0,,1,,,,,,,,
G1S8Y7,G1S8Y7_NOMLE,1.0,,1,,,,,,,,
F7IGV3,F7IGV3_CALJA,1.0,,1,,,,,,,,
G3PCW2,G3PCW2_GASAC,1.0,,1,,,,,,,,
G3PC22,G3PC22_GASAC,1.0,,1,,,,,,,,
F7IHW5,F7IHW5_CALJA,1.0,,1,,,,,,,,
G1NUA6,G1NUA6_MYOLU,1.0,,1,,,,,,,,
G3PC15,G3PC15_GASAC,1.0,,1,,,,,,,,
G1NQ18,G1NQ18_MELGA,1.0,,1,,,,,,,,
G1NM59,G1NM59_MELGA,1.0,,1,,,,,,,,
F7IKB8,F7IKB8_CALJA,1.0,,1,,,,,,,,
F7IP40,F7IP40_CALJA,1.0,,1,,,,,,,,
F7IP43,F7IP43_CALJA,1.0,,1,,,,,,,,
G1SK93,G1SK93_RABIT,1.0,,1,,,,,,,,
F7IP51,F7IP51_CALJA,1.0,,1,,,,,,,,
G1SPS8,G1SPS8_RABIT,1.0,,1,,,,,,,,
G3P5V4,G3P5V4_GASAC,1.0,,1,,,,,,,,
F7IP56,F7IP56_CALJA,1.0,,1,,,,,,,,
F7IP58,F7IP58_CALJA,1.0,,1,,,,,,,,
G1NCY6,G1NCY6_MELGA,1.0,,1,,,,,,,,
F7IP71,F7IP71_CALJA,1.0,,1,,,,,,,,
F6Z061,F6Z061_MACMU,1.0,,1,,,,,,,,
F7CJ22,F7CJ22_HORSE,1.0,,1,,,,,,,,
A2AL22,A2AL22_MOUSE,1.0,,1,,,,,,,,
B2KF87,B2KF87_MOUSE,1.0,,1,,,,,,,,
B1AL80,B1AL80_HUMAN,1.0,,1,,,,,,,,
B0S7M9,B0S7M9_MOUSE,1.0,,1,,,,,,,,
A8XJ60,A8XJ60_CAEBR,1.0,,,,,1,,,,,
A8X7G8,A8X7G8_CAEBR,1.0,,,,,1,,,,,
A8WFJ9,A8WFJ9_CAEEL,1.0,,1,,,,,,,,
A7T5B8,A7T5B8_NEMVE,1.0,,,,,1,,,,,
A7SZ91,A7SZ91_NEMVE,1.0,,,,,1,,,,,
A7RYB8,A7RYB8_NEMVE,1.0,,,,,1,,,,,
A7RSZ9,A7RSZ9_NEMVE,1.0,,,,,1,,,,,
A7RGZ4,A7RGZ4_NEMVE,1.0,,,,,1,,,,,
A5PJQ8,A5PJQ8_BOVIN,1.0,,1,,,,,,,,
A4D2L0,A4D2L0_HUMAN,1.0,,,,,,1,,,,
A2VDR4,A2VDR4_BOVIN,1.0,,1,,,,,,,,
A2T7P6,A2T7P6_PONPY,1.0,,,,,,,,1,,
A2T747,A2T747_PANTR,1.0,,,,,,,,1,,
A2T737,EHF_PANTR,1.0,,1,,,,,,,,
A2BIB7,A2BIB7_MOUSE,1.0,,1,,,,,,,,
A2BIB6,A2BIB6_MOUSE,1.0,,1,,,,,,,,
B2RYD8,B2RYD8_RAT,1.0,,1,,,,,,,,
B2RYE0,B2RYE0_RAT,1.0,,1,,,,,,,,
B5X4A5,B5X4A5_SALSA,1.0,,,,,,,,1,,
D6RHI1,D6RHI1_HUMAN,1.0,,1,,,,,,,,
E2R567,E2R567_CANFA,1.0,,1,,,,,,,,
E2QU99,E2QU99_CANFA,1.0,,1,,,,,,,,
E1C717,E1C717_CHICK,1.0,,1,,,,,,,,
E1C6L3,E1C6L3_CHICK,1.0,,1,,,,,,,,
E1C0T7,E1C0T7_CHICK,1.0,,1,,,,,,,,
E1BA84,E1BA84_BOVIN,1.0,,1,,,,,,,,
E1B7I2,E1B7I2_BOVIN,1.0,,,,,1,,,,,
E0AHC2,E0AHC2_CAEEL,1.0,,1,,,,,,,,
D6RGD9,D6RGD9_HUMAN,1.0,,1,,,,,,,,
B7Q229,B7Q229_IXOSC,1.0,,,,,1,,,,,
D6R9B1,D6R9B1_HUMAN,1.0,,1,,,,,,,,
D5KJI6,D5KJI6_PIG,1.0,,1,,,,,,,,
D4A3N9,D4A3N9_RAT,1.0,,1,,,,,,,,
D3ZWM8,D3ZWM8_RAT,1.0,,1,,,,,,,,
D3ZEY9,D3ZEY9_RAT,1.0,,,,,1,,,,,
D2HF02,D2HF02_AILME,1.0,,1,,,,,,,,
D2GZM6,D2GZM6_AILME,1.0,,1,,,,,,,,
D2GYX9,D2GYX9_AILME,1.0,,1,,,,,,,,
A2BIB5,A2BIB5_MOUSE,1.0,,1,,,,,,,,
A1YG70,A1YG70_PANPA,1.0,,,,,,,,1,,
E2R9T4,E2R9T4_CANFA,1.0,,1,,,,,,,,
A1YF01,A1YF01_9PRIM,1.0,,,,,,,,1,,
A0A096LQK5,A0A096LQK5_POEFO,1.0,,1,,,,,,,,
A0A096LQH1,A0A096LQH1_POEFO,1.0,,1,,,,,,,,
A0A087YCQ8,A0A087YCQ8_POEFO,1.0,,1,,,,,,,,
A0A087YAY3,A0A087YAY3_POEFO,1.0,,1,,,,,,,,
A0A087YAX6,A0A087YAX6_POEFO,1.0,,1,,,,,,,,
A0A087Y7M9,A0A087Y7M9_POEFO,1.0,,1,,,,,,,,
A0A087Y3B3,A0A087Y3B3_POEFO,1.0,,1,,,,,,,,
A0A087XU44,A0A087XU44_POEFO,1.0,,1,,,,,,,,
A0A087XQT6,A0A087XQT6_POEFO,1.0,,1,,,,,,,,
A0A087XQQ4,A0A087XQQ4_POEFO,1.0,,1,,,,,,,,
A0A087XJ95,A0A087XJ95_POEFO,1.0,,1,,,,,,,,
A0A087XG43,A0A087XG43_POEFO,1.0,,1,,,,,,,,
A0A087XEI5,A0A087XEI5_POEFO,1.0,,1,,,,,,,,
A0A087XCU4,A0A087XCU4_POEFO,1.0,,1,,,,,,,,
A0A087X944,A0A087X944_POEFO,1.0,,1,,,,,,,,
A0A087X8M9,A0A087X8M9_POEFO,1.0,,1,,,,,,,,
A0A087X2F7,A0A087X2F7_HUMAN,1.0,,1,,,,,,,,
A0A087X1W9,A0A087X1W9_HUMAN,1.0,,1,,,,,,,,
A0A087WU18,A0A087WU18_HUMAN,1.0,,1,,,,,,,,
A0A096LZC0,A0A096LZC0_POEFO,1.0,,1,,,,,,,,
A0A096M5R8,A0A096M5R8_POEFO,1.0,,1,,,,,,,,
A0A096MAW4,A0A096MAW4_POEFO,1.0,,1,,,,,,,,
A0A096N6I9,A0A096N6I9_PAPAN,1.0,,1,,,,,,,,
A0JN51,ELF1_BOVIN,1.0,,1,,,,,,,,
A0A0B4J1G5,A0A0B4J1G5_MOUSE,1.0,,1,,,,,,,,
A0A0A6YY68,A0A0A6YY68_MOUSE,1.0,,1,,,,,,,,
A0A0A6YWF3,A0A0A6YWF3_MOUSE,1.0,,1,,,,,,,,
A0A096NHS1,A0A096NHS1_PAPAN,1.0,,1,,,,,,,,
A0A096NHL7,A0A096NHL7_PAPAN,1.0,,1,,,,,,,,
A0A096ND19,A0A096ND19_PAPAN,1.0,,1,,,,,,,,
A0A096N9C2,A0A096N9C2_PAPAN,1.0,,1,,,,,,,,
A0A096N503,A0A096N503_PAPAN,1.0,,1,,,,,,,,
A0A096MCU4,A0A096MCU4_POEFO,1.0,,1,,,,,,,,
A0A096N3F0,A0A096N3F0_PAPAN,1.0,,1,,,,,,,,
A0A096N347,A0A096N347_PAPAN,1.0,,1,,,,,,,,
A0A096N1G0,A0A096N1G0_PAPAN,1.0,,1,,,,,,,,
A0A096N0J1,A0A096N0J1_PAPAN,1.0,,1,,,,,,,,
A0A096MT07,A0A096MT07_PAPAN,1.0,,1,,,,,,,,
A0A096MRR9,A0A096MRR9_PAPAN,1.0,,1,,,,,,,,
A0A096MN20,A0A096MN20_PAPAN,1.0,,1,,,,,,,,
A0A096MM75,A0A096MM75_PAPAN,1.0,,1,,,,,,,,
E2R715,E2R715_CANFA,1.0,,1,,,,,,,,
E2RGK1,E2RGK1_CANFA,1.0,,1,,,,,,,,
F7C3K3,F7C3K3_CALJA,1.0,,1,,,,,,,,
F6QIY7,F6QIY7_CIOIN,1.0,,1,,,,,,,,
F6YE27,F6YE27_MACMU,1.0,,,,,1,,,,,
F6XM40,F6XM40_MONDO,1.0,,1,,,,,,,,
F6XHF5,F6XHF5_ORNAN,1.0,,1,,,,,,,,
F6XE94,F6XE94_HORSE,1.0,,1,,,,,,,,
F6X830,F6X830_HORSE,1.0,,1,,,,,,,,
F6W442,F6W442_HORSE,1.0,,1,,,,,,,,
F6VDI0,F6VDI0_XENTR,1.0,,1,,,,,,,,
F6V4E5,F6V4E5_MACMU,1.0,,1,,,,,,,,
F6V4C9,F6V4C9_MACMU,1.0,,1,,,,,,,,
F6UZ99,F6UZ99_HORSE,1.0,,1,,,,,,,,
F6TYX0,F6TYX0_MACMU,1.0,,1,,,,,,,,
F6TSN0,F6TSN0_MACMU,1.0,,1,,,,,,,,
F6TAY4,F6TAY4_CALJA,1.0,,1,,,,,,,,
F6SVC8,F6SVC8_MONDO,1.0,,1,,,,,,,,
F6SNN6,F6SNN6_HORSE,1.0,,1,,,,,,,,
F6SD94,F6SD94_XENTR,1.0,,1,,,,,,,,
F6RT97,F6RT97_CALJA,1.0,,1,,,,,,,,
F6RHY2,F6RHY2_XENTR,1.0,,1,,,,,,,,
F6R8K3,F6R8K3_MACMU,1.0,,1,,,,,,,,
F6YLS4,F6YLS4_XENTR,1.0,,1,,,,,,,,
F6YMD2,F6YMD2_MONDO,1.0,,1,,,,,,,,
F6Z070,F6Z070_MACMU,1.0,,1,,,,,,,,
F7ATY4,F7ATY4_MACMU,1.0,,1,,,,,,,,
F7C2W9,F7C2W9_MONDO,1.0,,1,,,,,,,,
F7C2C3,F7C2C3_ORNAN,1.0,,1,,,,,,,,
F7C2B6,F7C2B6_ORNAN,1.0,,1,,,,,,,,
F7BYM4,F7BYM4_XENTR,1.0,,1,,,,,,,,
F7BN28,F7BN28_CALJA,1.0,,1,,,,,,,,
F7BCH2,F7BCH2_ORNAN,1.0,,1,,,,,,,,
F7B6D9,F7B6D9_MACMU,1.0,,1,,,,,,,,
F7ATZ3,F7ATZ3_MACMU,1.0,,1,,,,,,,,
F7ATX5,F7ATX5_MACMU,1.0,,1,,,,,,,,
F6Z5M2,F6Z5M2_HORSE,1.0,,1,,,,,,,,
F7AJU0,F7AJU0_CIOIN,1.0,,1,,,,,,,,
F6ZTC4,F6ZTC4_ORNAN,1.0,,1,,,,,,,,
F6ZRG3,F6ZRG3_CALJA,1.0,,1,,,,,,,,
F6ZRF5,F6ZRF5_CALJA,1.0,,1,,,,,,,,
F6ZR45,F6ZR45_CALJA,1.0,,1,,,,,,,,
F6ZPZ4,F6ZPZ4_CALJA,1.0,,1,,,,,,,,
F6ZCI1,F6ZCI1_MOUSE,1.0,,1,,,,,,,,
F6Z8E6,F6Z8E6_CALJA,1.0,,1,,,,,,,,
F6QPQ0,F6QPQ0_HORSE,1.0,,1,,,,,,,,
F6Q8U6,F6Q8U6_MONDO,1.0,,1,,,,,,,,
E2RNJ7,E2RNJ7_CANFA,1.0,,1,,,,,,,,
F6Q5G9,F6Q5G9_HORSE,1.0,,,,,1,,,,,
F1PKY0,F1PKY0_CANFA,1.0,,1,,,,,,,,
F1PG48,F1PG48_CANFA,1.0,,1,,,,,,,,
F1NXG3,F1NXG3_CHICK,1.0,,1,,,,,,,,
F1NRC2,F1NRC2_CHICK,1.0,,1,,,,,,,,
F1NNH4,F1NNH4_CHICK,1.0,,1,,,,,,,,
F1NNG6,F1NNG6_CHICK,1.0,,1,,,,,,,,
F1N9W6,F1N9W6_CHICK,1.0,,1,,,,,,,,
F1N599,F1N599_BOVIN,1.0,,1,,,,,,,,
F1MQT2,F1MQT2_BOVIN,1.0,,1,,,,,,,,
E9QAJ7,E9QAJ7_MOUSE,1.0,,1,,,,,,,,
E9Q8J8,E9Q8J8_MOUSE,1.0,,1,,,,,,,,
E9Q8H1,E9Q8H1_MOUSE,1.0,,1,,,,,,,,
E9PQX0,E9PQX0_HUMAN,1.0,,1,,,,,,,,
E9PQR6,E9PQR6_HUMAN,1.0,,1,,,,,,,,
E9PPS9,E9PPS9_HUMAN,1.0,,1,,,,,,,,
E9PN75,E9PN75_HUMAN,1.0,,1,,,,,,,,
E7FB26,E7FB26_DANRE,1.0,,1,,,,,,,,
E7F5K8,E7F5K8_DANRE,1.0,,1,,,,,,,,
E7F1J0,E7F1J0_DANRE,1.0,,1,,,,,,,,
F1PRJ3,F1PRJ3_CANFA,1.0,,1,,,,,,,,
F1PT93,F1PT93_CANFA,1.0,,,,,1,,,,,
F1Q8H4,F1Q8H4_DANRE,1.0,,1,,,,,,,,
F1RY95,F1RY95_PIG,1.0,,1,,,,,,,,
F6PYN8,F6PYN8_XENTR,1.0,,1,,,,,,,,
F6PQA3,F6PQA3_ORNAN,1.0,,1,,,,,,,,
F6PLD5,F6PLD5_MACMU,1.0,,1,,,,,,,,
F6PLC7,F6PLC7_MACMU,1.0,,1,,,,,,,,
F6PG63,F6PG63_MONDO,1.0,,1,,,,,,,,
F1SGT1,F1SGT1_PIG,1.0,,1,,,,,,,,
F1SGT0,F1SGT0_PIG,1.0,,1,,,,,,,,
F1S5B5,F1S5B5_PIG,1.0,,1,,,,,,,,
F1RTH4,F1RTH4_PIG,1.0,,1,,,,,,,,
F1QF97,F1QF97_DANRE,1.0,,1,,,,,,,,
F1RRC8,F1RRC8_PIG,1.0,,1,,,,,,,,
F1RLH8,F1RLH8_PIG,1.0,,,,,1,,,,,
F1RJ83,F1RJ83_PIG,1.0,,1,,,,,,,,
F1RB24,F1RB24_DANRE,1.0,,,,,1,,,,,
F1R2Y8,F1R2Y8_DANRE,1.0,,1,,,,,,,,
F1QU60,F1QU60_DANRE,1.0,,1,,,,,,,,
F1QPC8,F1QPC8_DANRE,1.0,,1,,,,,,,,
F1QN70,F1QN70_DANRE,1.0,,1,,,,,,,,
G3SSN5,G3SSN5_LOXAF,1.0,,1,,,,,,,,
W5QIA5,W5QIA5_SHEEP,1.0,,1,,,,,,,,
G3SWZ0,G3SWZ0_LOXAF,1.0,,1,,,,,,,,
Q3U1U8,Q3U1U8_MOUSE,1.0,,1,,,,,,,,
Q32LN0,EHF_BOVIN,1.0,,1,,,,,,,,
Q2EF90,Q2EF90_CRIGR,1.0,,,,,,,,1,,
Q29R87,Q29R87_DANRE,1.0,,1,,,,,,,,
Q15723,ELF2_HUMAN,1.0,,1,,,,,,,,
Q0V9C6,Q0V9C6_XENTR,1.0,,1,,,,,,,,
Q0IHW0,Q0IHW0_XENTR,1.0,,1,,,,,,,,
Q01842,POK_DROME,1.0,,1,,,,,,,,
P97360,ETV6_MOUSE,1.0,,1,,,,,,,,
P78545,ELF3_HUMAN,1.0,,1,,,,,,,,
P41212,ETV6_HUMAN,1.0,,1,,,,,,,,
P41163,ETV2_MOUSE,1.0,,,,,1,,,,,
P32519,ELF1_HUMAN,1.0,,1,,,,,,,,
P29775,ETS4_DROME,1.0,,1,,,,,,,,
P20105,E74EA_DROME,1.0,,1,,,,,,,,
P11536,E74EB_DROME,1.0,,1,,,,,,,,
O95238,SPDEF_HUMAN,1.0,,1,,,,,,,,
O70273,EHF_MOUSE,1.0,,1,,,,,,,,
O57566,O57566_CARAU,1.0,,,,,,,,1,,
O44138,O44138_CAEEL,1.0,,1,,,,,,,,
Q3KRD1,Q3KRD1_RAT,1.0,,1,,,,,,,,
Q3UPW2,ELF3_MOUSE,1.0,,1,,,,,,,,
O00321,ETV2_HUMAN,1.0,,,,,1,,,,,
Q3UZH4,Q3UZH4_MOUSE,1.0,,,,,,,,1,,
Q6FG56,Q6FG56_HUMAN,1.0,,,,,,,,1,,
Q6DIL8,Q6DIL8_XENTR,1.0,,1,,,,,,,,
Q68EH3,Q68EH3_DANRE,1.0,,1,,,,,,,,
Q60775,ELF1_MOUSE,1.0,,1,,,,,,,,
Q5XIT5,Q5XIT5_RAT,1.0,,1,,,,,,,,
Q5XIS3,Q5XIS3_RAT,1.0,,1,,,,,,,,
Q5T9E7,Q5T9E7_HUMAN,1.0,,1,,,,,,,,
Q5SR36,Q5SR36_HUMAN,1.0,,1,,,,,,,,
Q5RHN6,Q5RHN6_DANRE,1.0,,,,,,,,1,,
Q59GR2,Q59GR2_HUMAN,1.0,,,,,,,,1,,
Q58DT0,ELF5_BOVIN,1.0,,1,,,,,,,,
Q4V933,Q4V933_DANRE,1.0,,,,,,,,1,,
Q4V7E1,ELF3_RAT,1.0,,1,,,,,,,,
Q4TC34,Q4TC34_TETNG,1.0,,,,,,,,1,,
Q4SSU1,Q4SSU1_TETNG,1.0,,,,,,,,1,,
Q4SQX6,Q4SQX6_TETNG,1.0,,,,,,,,1,,
Q4RSD7,Q4RSD7_TETNG,1.0,,,,,,,,1,,
Q4H3L7,Q4H3L7_CIOIN,1.0,,1,,,,,,,,
Q400M2,Q400M2_CAEEL,1.0,,1,,,,,,,,
O01521,O01521_CAEEL,1.0,,1,,,,,,,,
M4AU35,M4AU35_XIPMA,1.0,,1,,,,,,,,
G3T739,G3T739_LOXAF,1.0,,1,,,,,,,,
M3XGR3,M3XGR3_LATCH,1.0,,1,,,,,,,,
M3X1U5,M3X1U5_FELCA,1.0,,1,,,,,,,,
M3X0P4,M3X0P4_FELCA,1.0,,1,,,,,,,,
M3WWK1,M3WWK1_FELCA,1.0,,1,,,,,,,,
M3WV46,M3WV46_FELCA,1.0,,1,,,,,,,,
M3WRN8,M3WRN8_FELCA,1.0,,1,,,,,,,,
M3WMG1,M3WMG1_FELCA,1.0,,1,,,,,,,,
M3W5T5,M3W5T5_FELCA,1.0,,,,,1,,,,,
M3VXR9,M3VXR9_FELCA,1.0,,1,,,,,,,,
M3VVZ1,M3VVZ1_FELCA,1.0,,1,,,,,,,,
M3VUS7,M3VUS7_FELCA,1.0,,1,,,,,,,,
L5LCK4,L5LCK4_MYODS,1.0,1,,,,,,,,,
K7GQ04,K7GQ04_PIG,1.0,,1,,,,,,,,
K7GP01,K7GP01_PIG,1.0,,1,,,,,,,,
K7FVK4,K7FVK4_PELSI,1.0,,1,,,,,,,,
K7FUZ4,K7FUZ4_PELSI,1.0,,1,,,,,,,,
K7FP28,K7FP28_PELSI,1.0,,1,,,,,,,,
K7FNZ4,K7FNZ4_PELSI,1.0,,1,,,,,,,,
K7FMF6,K7FMF6_PELSI,1.0,,1,,,,,,,,
K7FME5,K7FME5_PELSI,1.0,,1,,,,,,,,
M3XBW9,M3XBW9_FELCA,1.0,,1,,,,,,,,
M3XK83,M3XK83_LATCH,1.0,,1,,,,,,,,
M4ATK6,M4ATK6_XIPMA,1.0,,1,,,,,,,,
M3XKE7,M3XKE7_LATCH,1.0,,1,,,,,,,,
M4AH07,M4AH07_XIPMA,1.0,,1,,,,,,,,
M4AG00,M4AG00_XIPMA,1.0,,1,,,,,,,,
M4A9V0,M4A9V0_XIPMA,1.0,,1,,,,,,,,
M4A1B7,M4A1B7_XIPMA,1.0,,1,,,,,,,,
M3ZUI7,M3ZUI7_XIPMA,1.0,,,,,1,,,,,
M3ZK83,M3ZK83_XIPMA,1.0,,1,,,,,,,,
M3ZF18,M3ZF18_XIPMA,1.0,,1,,,,,,,,
M3ZEL5,M3ZEL5_XIPMA,1.0,,1,,,,,,,,
M3Z168,M3Z168_MUSPF,1.0,,1,,,,,,,,
M3YXG8,M3YXG8_MUSPF,1.0,,1,,,,,,,,
M3YK29,M3YK29_MUSPF,1.0,,1,,,,,,,,
M3YJS5,M3YJS5_MUSPF,1.0,,1,,,,,,,,
M3YJR8,M3YJR8_MUSPF,1.0,,1,,,,,,,,
M3YHN8,M3YHN8_MUSPF,1.0,,1,,,,,,,,
M3Y4H7,M3Y4H7_MUSPF,1.0,,,,,1,,,,,
M3XYB4,M3XYB4_MUSPF,1.0,,1,,,,,,,,
M3XVN4,M3XVN4_MUSPF,1.0,,1,,,,,,,,
M3XS16,M3XS16_MUSPF,1.0,,1,,,,,,,,
M3XKS1,M3XKS1_LATCH,1.0,,1,,,,,,,,
Q6GM77,Q6GM77_XENLA,1.0,,,,,,,,1,,
Q6MZZ4,Q6MZZ4_HUMAN,1.0,,1,,,,,,,,
Q7T0T1,Q7T0T1_XENLA,1.0,,,,,,,,1,,
W5MUZ3,W5MUZ3_LEPOC,1.0,,1,,,,,,,,
W5MDJ7,W5MDJ7_LEPOC,1.0,,1,,,,,,,,
W5LZE4,W5LZE4_LEPOC,1.0,,1,,,,,,,,
W5LQ61,W5LQ61_ASTMX,1.0,,1,,,,,,,,
W5LGK9,W5LGK9_ASTMX,1.0,,1,,,,,,,,
W5LE55,W5LE55_ASTMX,1.0,,1,,,,,,,,
W5LDI1,W5LDI1_ASTMX,1.0,,1,,,,,,,,
W5LBN2,W5LBN2_ASTMX,1.0,,1,,,,,,,,
W5L7N3,W5L7N3_ASTMX,1.0,,1,,,,,,,,
W5KP33,W5KP33_ASTMX,1.0,,1,,,,,,,,
W5KND5,W5KND5_ASTMX,1.0,,1,,,,,,,,
W5K8W6,W5K8W6_ASTMX,1.0,,1,,,,,,,,
W5K7F7,W5K7F7_ASTMX,1.0,,1,,,,,,,,
W5K4A9,W5K4A9_ASTMX,1.0,,1,,,,,,,,
W5K460,W5K460_ASTMX,1.0,,1,,,,,,,,
W5JZD4,W5JZD4_ASTMX,1.0,,1,,,,,,,,
V9GXW8,V9GXW8_MOUSE,1.0,,1,,,,,,,,
V9GXK9,V9GXK9_MOUSE,1.0,,1,,,,,,,,
U4PLN0,U4PLN0_CAEEL,1.0,,1,,,,,,,,
U3KDJ6,U3KDJ6_FICAL,1.0,,1,,,,,,,,
W5MDK9,W5MDK9_LEPOC,1.0,,1,,,,,,,,
W5MX12,W5MX12_LEPOC,1.0,,1,,,,,,,,
Q7TMT9,Q7TMT9_MOUSE,1.0,,,,,,,,1,,
W5MX22,W5MX22_LEPOC,1.0,,1,,,,,,,,
W5QBC0,W5QBC0_SHEEP,1.0,,1,,,,,,,,
W5Q188,W5Q188_SHEEP,1.0,,1,,,,,,,,
W5PX78,W5PX78_SHEEP,1.0,,1,,,,,,,,
W5PX77,W5PX77_SHEEP,1.0,,1,,,,,,,,
W5PS13,W5PS13_SHEEP,1.0,,1,,,,,,,,
W5PM57,W5PM57_SHEEP,1.0,,1,,,,,,,,
W5PA85,W5PA85_SHEEP,1.0,,1,,,,,,,,
W5P224,W5P224_SHEEP,1.0,,1,,,,,,,,
W5NQW0,W5NQW0_SHEEP,1.0,,1,,,,,,,,
W5NI57,W5NI57_LEPOC,1.0,,1,,,,,,,,
W5NI56,W5NI56_LEPOC,1.0,,1,,,,,,,,
W5NFF4,W5NFF4_LEPOC,1.0,,1,,,,,,,,
W5NE31,W5NE31_LEPOC,1.0,,1,,,,,,,,
W5NBC2,W5NBC2_LEPOC,1.0,,1,,,,,,,,
W5N3X5,W5N3X5_LEPOC,1.0,,1,,,,,,,,
W5N3W7,W5N3W7_LEPOC,1.0,,1,,,,,,,,
W5N1M0,W5N1M0_LEPOC,1.0,,1,,,,,,,,
W5MX55,W5MX55_LEPOC,1.0,,1,,,,,,,,
W5MX28,W5MX28_LEPOC,1.0,,1,,,,,,,,
U3K8L1,U3K8L1_FICAL,1.0,,1,,,,,,,,
U3K000,U3K000_FICAL,1.0,,1,,,,,,,,
U3JQL8,U3JQL8_FICAL,1.0,,1,,,,,,,,
U3JMC4,U3JMC4_FICAL,1.0,,1,,,,,,,,
Q9Z2U4,ELF4_MOUSE,1.0,,1,,,,,,,,
Q9Y603,ETV7_HUMAN,1.0,,1,,,,,,,,
Q9WTP3,SPDEF_MOUSE,1.0,,1,,,,,,,,
Q9UKW6,ELF5_HUMAN,1.0,,1,,,,,,,,
Q9PU63,Q9PU63_DANRE,1.0,,,,,,,,1,,
Q9NZC4,EHF_HUMAN,1.0,,1,,,,,,,,
Q9JHC9,ELF2_MOUSE,1.0,,1,,,,,,,,
Q99K98,Q99K98_MOUSE,1.0,,,,,,,,1,,
Q99607,ELF4_HUMAN,1.0,,1,,,,,,,,
Q98SI4,Q98SI4_XENLA,1.0,,,,,,,,1,,
Q95XF0,Q95XF0_CAEEL,1.0,,1,,,,,,,,
Q95UJ1,Q95UJ1_STRPU,1.0,,,,,1,,,,,
Q91W17,Q91W17_MOUSE,1.0,,,,,,,,1,,
Q8VDK3,ELF5_MOUSE,1.0,,1,,,,,,,,
Q8IXL1,Q8IXL1_HUMAN,1.0,,,,,,,,1,,
Q8C6Q0,Q8C6Q0_MOUSE,1.0,,,,,,,,1,,
Q80UM8,Q80UM8_MOUSE,1.0,,1,,,,,,,,
Q7TPR9,Q7TPR9_MOUSE,1.0,,,,,,,,1,,
Q7TNT9,Q7TNT9_MOUSE,1.0,,,,,,,,1,,
R4GBC9,R4GBC9_ANOCA,1.0,,1,,,,,,,,
S4RAQ5,S4RAQ5_PETMA,1.0,,1,,,,,,,,
S4RGR3,S4RGR3_PETMA,1.0,,1,,,,,,,,
U3IU95,U3IU95_ANAPL,1.0,,1,,,,,,,,
U3JKL5,U3JKL5_FICAL,1.0,,1,,,,,,,,
U3JJ74,U3JJ74_FICAL,1.0,,1,,,,,,,,
U3JIY0,U3JIY0_FICAL,1.0,,1,,,,,,,,
U3JCX7,U3JCX7_FICAL,1.0,,1,,,,,,,,
U3J4E7,U3J4E7_ANAPL,1.0,,1,,,,,,,,
U3J2V3,U3J2V3_ANAPL,1.0,,1,,,,,,,,
U3IWX4,U3IWX4_ANAPL,1.0,,1,,,,,,,,
U3IV40,U3IV40_ANAPL,1.0,,1,,,,,,,,
U3IKY7,U3IKY7_ANAPL,1.0,,1,,,,,,,,
S4S031,S4S031_PETMA,1.0,,1,,,,,,,,
U3IKN2,U3IKN2_ANAPL,1.0,,1,,,,,,,,
U3ICL2,U3ICL2_ANAPL,1.0,,1,,,,,,,,
U3IAJ4,U3IAJ4_ANAPL,1.0,,1,,,,,,,,
U3IA46,U3IA46_ANAPL,1.0,,1,,,,,,,,
U3I4T4,U3I4T4_ANAPL,1.0,,1,,,,,,,,
S7N3K8,S7N3K8_MYOBR,1.0,1,,,,,,,,,
S4S033,S4S033_PETMA,1.0,,1,,,,,,,,
S4S032,S4S032_PETMA,1.0,,1,,,,,,,,
K7FF89,K7FF89_PELSI,1.0,,1,,,,,,,,
K7FB00,K7FB00_PELSI,1.0,,1,,,,,,,,
K7F3I5,K7F3I5_PELSI,1.0,,1,,,,,,,,
H2LSR8,H2LSR8_ORYLA,1.0,,1,,,,,,,,
H2L9R0,H2L9R0_ORYLA,1.0,,1,,,,,,,,
H2L5N8,H2L5N8_ORYLA,1.0,,1,,,,,,,,
H2KYY1,H2KYY1_CAEEL,1.0,,1,,,,,,,,
H2KYS4,H2KYS4_CAEEL,1.0,,1,,,,,,,,
H0ZQB6,H0ZQB6_TAEGU,1.0,,1,,,,,,,,
H0ZNG2,H0ZNG2_TAEGU,1.0,,1,,,,,,,,
H0ZIF2,H0ZIF2_TAEGU,1.0,,1,,,,,,,,
H0YW60,H0YW60_TAEGU,1.0,,1,,,,,,,,
H0YU66,H0YU66_TAEGU,1.0,,1,,,,,,,,
H0YSH5,H0YSH5_TAEGU,1.0,,1,,,,,,,,
H0YRN1,H0YRN1_TAEGU,1.0,,1,,,,,,,,
H0YIH6,H0YIH6_HUMAN,1.0,,1,,,,,,,,
H0YG25,H0YG25_HUMAN,1.0,,1,,,,,,,,
H0XJJ2,H0XJJ2_OTOGA,1.0,,1,,,,,,,,
H0XGR8,H0XGR8_OTOGA,1.0,,1,,,,,,,,
H0XEB3,H0XEB3_OTOGA,1.0,,1,,,,,,,,
H0X7N7,H0X7N7_OTOGA,1.0,,1,,,,,,,,
H0X4F8,H0X4F8_OTOGA,1.0,,1,,,,,,,,
H0X446,H0X446_OTOGA,1.0,,1,,,,,,,,
H2LB47,H2LB47_ORYLA,1.0,,,,,1,,,,,
H2LWY8,H2LWY8_ORYLA,1.0,,1,,,,,,,,
H2RGW3,H2RGW3_PANTR,1.0,,,,,1,,,,,
H2LZA8,H2LZA8_ORYLA,1.0,,1,,,,,,,,
H2QSV0,H2QSV0_PANTR,1.0,,1,,,,,,,,
H2QQ65,H2QQ65_PANTR,1.0,,1,,,,,,,,
H2Q7G8,H2Q7G8_PANTR,1.0,,1,,,,,,,,
H2Q5G7,H2Q5G7_PANTR,1.0,,1,,,,,,,,
H2Q3E6,H2Q3E6_PANTR,1.0,,1,,,,,,,,
H2Q0W5,H2Q0W5_PANTR,1.0,,1,,,,,,,,
H2PWR5,H2PWR5_PONAB,1.0,,1,,,,,,,,
H2PIV3,H2PIV3_PONAB,1.0,,1,,,,,,,,
H2PIR9,H2PIR9_PONAB,1.0,,1,,,,,,,,
H2PEC0,H2PEC0_PONAB,1.0,,1,,,,,,,,
H2NYH1,H2NYH1_PONAB,1.0,,,,,1,,,,,
H2NJQ4,H2NJQ4_PONAB,1.0,,1,,,,,,,,
H2NGM2,H2NGM2_PONAB,1.0,,1,,,,,,,,
H2NDQ5,H2NDQ5_PONAB,1.0,,1,,,,,,,,
H2NDQ4,H2NDQ4_PONAB,1.0,,1,,,,,,,,
H2N465,H2N465_PONAB,1.0,,1,,,,,,,,
H2MXH4,H2MXH4_ORYLA,1.0,,,,,1,,,,,
H2M9W4,H2M9W4_ORYLA,1.0,,1,,,,,,,,
H2M941,H2M941_ORYLA,1.0,,1,,,,,,,,
H0WYP4,H0WYP4_OTOGA,1.0,,1,,,,,,,,
H0WUU5,H0WUU5_OTOGA,1.0,,1,,,,,,,,
H0WTS4,H0WTS4_OTOGA,1.0,,1,,,,,,,,
H0WQP5,H0WQP5_OTOGA,1.0,,1,,,,,,,,
G3W4I9,G3W4I9_SARHA,1.0,,,,,1,,,,,
G3W132,G3W132_SARHA,1.0,,1,,,,,,,,
G3W131,G3W131_SARHA,1.0,,1,,,,,,,,
G3VR01,G3VR01_SARHA,1.0,,1,,,,,,,,
G3VIM2,G3VIM2_SARHA,1.0,,1,,,,,,,,
G3VD68,G3VD68_SARHA,1.0,,1,,,,,,,,
G3V9V2,G3V9V2_RAT,1.0,,1,,,,,,,,
G3V1Z7,G3V1Z7_HUMAN,1.0,,1,,,,,,,,
G3UVX2,G3UVX2_MOUSE,1.0,,1,,,,,,,,
G3UVW8,G3UVW8_MOUSE,1.0,,1,,,,,,,,
G3UKB3,G3UKB3_LOXAF,1.0,,1,,,,,,,,
G3UJ15,G3UJ15_LOXAF,1.0,,1,,,,,,,,
G3U1K9,G3U1K9_LOXAF,1.0,,1,,,,,,,,
G3U0Q9,G3U0Q9_LOXAF,1.0,,1,,,,,,,,
G3TXH9,G3TXH9_LOXAF,1.0,,,,,1,,,,,
G3TW93,G3TW93_LOXAF,1.0,,1,,,,,,,,
G3TJE3,G3TJE3_LOXAF,1.0,,1,,,,,,,,
G3TIE0,G3TIE0_LOXAF,1.0,,1,,,,,,,,
G3TGE2,G3TGE2_LOXAF,1.0,,1,,,,,,,,
G3W4Q2,G3W4Q2_SARHA,1.0,,1,,,,,,,,
G3W8E1,G3W8E1_SARHA,1.0,,1,,,,,,,,
G3W8E2,G3W8E2_SARHA,1.0,,1,,,,,,,,
H0VGM1,H0VGM1_CAVPO,1.0,,1,,,,,,,,
H0WPA0,H0WPA0_OTOGA,1.0,,,,,1,,,,,
H0WDH7,H0WDH7_CAVPO,1.0,,1,,,,,,,,
H0W9K5,H0W9K5_CAVPO,1.0,,1,,,,,,,,
H0W401,H0W401_CAVPO,1.0,,,,,1,,,,,
H0VZ59,H0VZ59_CAVPO,1.0,,1,,,,,,,,
H0VN76,H0VN76_CAVPO,1.0,,,,,1,,,,,
H0VLS9,H0VLS9_CAVPO,1.0,,1,,,,,,,,
H0VLS6,H0VLS6_CAVPO,1.0,,1,,,,,,,,
H0VEN0,H0VEN0_CAVPO,1.0,,1,,,,,,,,
G3WM60,G3WM60_SARHA,1.0,,1,,,,,,,,
W5QBF4,W5QBF4_SHEEP,1.0,,1,,,,,,,,
G5EC57,G5EC57_CAEEL,1.0,,1,,,,,,,,
G3X090,G3X090_SARHA,1.0,,1,,,,,,,,
G3WSV3,G3WSV3_SARHA,1.0,,1,,,,,,,,
G3WSV2,G3WSV2_SARHA,1.0,,1,,,,,,,,
G3WQ56,G3WQ56_SARHA,1.0,,1,,,,,,,,
G3WQ55,G3WQ55_SARHA,1.0,,1,,,,,,,,
G3WQ54,G3WQ54_SARHA,1.0,,1,,,,,,,,
H2QSW4,H2QSW4_PANTR,1.0,,1,,,,,,,,
H2RH87,H2RH87_PANTR,1.0,,,,,1,,,,,
K7ENR1,K7ENR1_HUMAN,1.0,,1,,,,,,,,
H9H3Q9,H9H3Q9_MACMU,1.0,,1,,,,,,,,
H9GJL3,H9GJL3_ANOCA,1.0,,1,,,,,,,,
H3DLS7,H3DLS7_TETNG,1.0,,1,,,,,,,,
H3DE91,H3DE91_TETNG,1.0,,1,,,,,,,,
H3D9S1,H3D9S1_TETNG,1.0,,1,,,,,,,,
H3D475,H3D475_TETNG,1.0,,1,,,,,,,,
H3D1D2,H3D1D2_TETNG,1.0,,1,,,,,,,,
H3CN78,H3CN78_TETNG,1.0,,1,,,,,,,,
H3CBG9,H3CBG9_TETNG,1.0,,1,,,,,,,,
H3C9N4,H3C9N4_TETNG,1.0,,1,,,,,,,,
H3C2A1,H3C2A1_TETNG,1.0,,1,,,,,,,,
H3C001,H3C001_TETNG,1.0,,1,,,,,,,,
H3BY39,H3BY39_TETNG,1.0,,1,,,,,,,,
H3BW58,H3BW58_TETNG,1.0,,1,,,,,,,,
H3BBT1,H3BBT1_LATCH,1.0,,1,,,,,,,,
H3B5I0,H3B5I0_LATCH,1.0,,1,,,,,,,,
H3B5H9,H3B5H9_LATCH,1.0,,1,,,,,,,,
H3B5H8,H3B5H8_LATCH,1.0,,1,,,,,,,,
H3B3L6,H3B3L6_LATCH,1.0,,1,,,,,,,,
H3AM60,H3AM60_LATCH,1.0,,1,,,,,,,,
H9H0G1,H9H0G1_MELGA,1.0,,1,,,,,,,,
I3J5L1,I3J5L1_ORENI,1.0,,,,1,,,,,,
H2RJ61,H2RJ61_TAKRU,1.0,,1,,,,,,,,
I3LEX2,I3LEX2_PIG,1.0,,1,,,,,,,,
K7E3B5,K7E3B5_MONDO,1.0,,1,,,,,,,,
K7DYL2,K7DYL2_DANRE,1.0,,1,,,,,,,,
K7CJD1,K7CJD1_PANTR,1.0,1,,,,,,,,,
J9P632,J9P632_CANFA,1.0,,1,,,,,,,,
J9P0Z5,J9P0Z5_CANFA,1.0,,1,,,,,,,,
J3KN52,J3KN52_HUMAN,1.0,,1,,,,,,,,
I7G4D3,I7G4D3_MACFA,1.0,1,,,,,,,,,
I3MY20,I3MY20_SPETR,1.0,,1,,,,,,,,
I3MWR6,I3MWR6_SPETR,1.0,,1,,,,,,,,
I3MV57,I3MV57_SPETR,1.0,,1,,,,,,,,
I3MV23,I3MV23_SPETR,1.0,,1,,,,,,,,
I3MT32,I3MT32_SPETR,1.0,,1,,,,,,,,
I3MKA7,I3MKA7_SPETR,1.0,,,,,1,,,,,
I3MBY7,I3MBY7_SPETR,1.0,,1,,,,,,,,
I3MBX9,I3MBX9_SPETR,1.0,,1,,,,,,,,
I3MBG1,I3MBG1_SPETR,1.0,,1,,,,,,,,
I3MA86,I3MA86_SPETR,1.0,,1,,,,,,,,
I3LGJ6,I3LGJ6_PIG,1.0,,1,,,,,,,,
I3LFB9,I3LFB9_PIG,1.0,,1,,,,,,,,
H3AJ88,H3AJ88_LATCH,1.0,,1,,,,,,,,
H3AED3,H3AED3_LATCH,1.0,,1,,,,,,,,
H3AC09,H3AC09_LATCH,1.0,,1,,,,,,,,
H3AB01,H3AB01_LATCH,1.0,,1,,,,,,,,
H2T1G7,H2T1G7_TAKRU,1.0,,1,,,,,,,,
H2T1G6,H2T1G6_TAKRU,1.0,,1,,,,,,,,
H2T1G5,H2T1G5_TAKRU,1.0,,1,,,,,,,,
H2T1G4,H2T1G4_TAKRU,1.0,,1,,,,,,,,
H2SFL3,H2SFL3_TAKRU,1.0,,1,,,,,,,,
H2SFL2,H2SFL2_TAKRU,1.0,,1,,,,,,,,
H2SFL1,H2SFL1_TAKRU,1.0,,1,,,,,,,,
H2SFL0,H2SFL0_TAKRU,1.0,,1,,,,,,,,
H2SFK9,H2SFK9_TAKRU,1.0,,1,,,,,,,,
H2SFK8,H2SFK8_TAKRU,1.0,,1,,,,,,,,
H2RXR0,H2RXR0_TAKRU,1.0,,1,,,,,,,,
H2RXQ9,H2RXQ9_TAKRU,1.0,,1,,,,,,,,
H2RXQ8,H2RXQ8_TAKRU,1.0,,1,,,,,,,,
H2RXQ7,H2RXQ7_TAKRU,1.0,,1,,,,,,,,
H2RT27,H2RT27_TAKRU,1.0,,1,,,,,,,,
H2RJ65,H2RJ65_TAKRU,1.0,,1,,,,,,,,
H2RJ64,H2RJ64_TAKRU,1.0,,1,,,,,,,,
H2RJ63,H2RJ63_TAKRU,1.0,,1,,,,,,,,
H2RJ62,H2RJ62_TAKRU,1.0,,1,,,,,,,,
H2TEE9,H2TEE9_TAKRU,1.0,,1,,,,,,,,
H2TEF0,H2TEF0_TAKRU,1.0,,1,,,,,,,,
H2TEF1,H2TEF1_TAKRU,1.0,,1,,,,,,,,
H2U2L3,H2U2L3_TAKRU,1.0,,1,,,,,,,,
H2ZZ14,H2ZZ14_LATCH,1.0,,1,,,,,,,,
H2ZAP3,H2ZAP3_CIOSA,1.0,,1,,,,,,,,
H2YL51,H2YL51_CIOSA,1.0,,1,,,,,,,,
H2V2E9,H2V2E9_TAKRU,1.0,,1,,,,,,,,
H2V2E7,H2V2E7_TAKRU,1.0,,1,,,,,,,,
H2UMX0,H2UMX0_TAKRU,1.0,,1,,,,,,,,
H2UMW9,H2UMW9_TAKRU,1.0,,1,,,,,,,,
H2U2L5,H2U2L5_TAKRU,1.0,,1,,,,,,,,
H2U2L2,H2U2L2_TAKRU,1.0,,1,,,,,,,,
H2TEF2,H2TEF2_TAKRU,1.0,,1,,,,,,,,
H2TUM6,H2TUM6_TAKRU,1.0,,1,,,,,,,,
H2TUM5,H2TUM5_TAKRU,1.0,,1,,,,,,,,
H2TUM4,H2TUM4_TAKRU,1.0,,1,,,,,,,,
H2TUM3,H2TUM3_TAKRU,1.0,,1,,,,,,,,
H2TUM2,H2TUM2_TAKRU,1.0,,1,,,,,,,,
H2TT88,H2TT88_TAKRU,1.0,,1,,,,,,,,
H2TT81,H2TT81_TAKRU,1.0,,1,,,,,,,,
H2TEF3,H2TEF3_TAKRU,1.0,,1,,,,,,,,
H0V2X8,H0V2X8_CAVPO,1.0,,1,,,,,,,,
