,,,KOr74,GENETREEr79,OMAr2014,TREEFAMr9,ORTHODBv8,EggNOGv4,HOGENOMr6,HOVERGENr49,COGv2014,HumPhylomeDBv4
,,,K02209,ENSGT00550000074928,HVIEVHV,TF105653,EOG7SV0TR,COG1241,HOG000224128,HBG104907,NA,P33992
ACC,ENTRY_NAME,Db_count,,,,,,,,,,
P33992,MCM5_HUMAN,9.0,1,1,1,1,1,1,1,1,,1
Q5ZKL0,Q5ZKL0_CHICK,9.0,1,1,1,1,1,1,1,1,,1
Q561P5,MCM5_XENTR,7.0,1,1,,1,1,1,1,1,,
Q52KC3,Q52KC3_MOUSE,7.0,1,1,1,1,1,,1,1,,
Q9VGW6,MCM5_DROME,6.0,1,1,1,,1,1,,,,1
Q21902,MCM5_CAEEL,6.0,1,1,1,,,1,1,,,1
D2HSS4,D2HSS4_AILME,6.0,1,1,1,1,1,,1,,,
F7D4R9,F7D4R9_HORSE,5.0,1,1,1,1,1,,,,,
H2SYP6,H2SYP6_TAKRU,5.0,1,1,1,1,1,,,,,
Q17H38,Q17H38_AEDAE,5.0,1,,1,,1,1,1,,,
H2M425,H2M425_ORYLA,5.0,1,1,1,1,1,,,,,
A6H7F8,A6H7F8_BOVIN,5.0,,1,1,1,1,,,1,,
P29496,MCM5_YEAST,5.0,1,1,,,,1,1,,,1
H2QLK2,H2QLK2_PANTR,5.0,1,1,1,1,1,,,,,
G1KSW1,G1KSW1_ANOCA,5.0,1,1,1,1,1,,,,,
Q7QA70,Q7QA70_ANOGA,5.0,1,,,,1,1,1,,,1
A7RIT1,A7RIT1_NEMVE,5.0,1,,,,1,1,1,,,1
B0WNG2,B0WNG2_CULQU,5.0,1,,1,,1,1,1,,,
M3WJK6,M3WJK6_FELCA,4.0,1,1,1,,1,,,,,
G1SZQ1,G1SZQ1_RABIT,4.0,1,1,,1,1,,,,,
O80786,MCM5_ARATH,4.0,1,,,,,1,1,,,1
G3NUG2,G3NUG2_GASAC,4.0,,1,1,1,1,,,,,
K7FNU9,K7FNU9_PELSI,4.0,1,1,,1,1,,,,,
G3T1F6,G3T1F6_LOXAF,4.0,,1,1,1,1,,,,,
H2P473,H2P473_PONAB,4.0,,1,1,1,1,,,,,
G1RW24,G1RW24_NOMLE,4.0,,1,1,1,1,,,,,
A8XF77,A8XF77_CAEBR,4.0,,,1,,1,1,1,,,
G3UU00,G3UU00_MELGA,4.0,,1,1,1,1,,,,,
G1NWT6,G1NWT6_MYOLU,4.0,,1,1,1,1,,,,,
H0XDC4,H0XDC4_OTOGA,4.0,,1,1,1,1,,,,,
H0W6I8,H0W6I8_CAVPO,4.0,,1,1,1,1,,,,,
A9V696,A9V696_MONBE,4.0,1,,1,,,1,,,,1
Q6CI63,Q6CI63_YARLI,4.0,1,,1,,,,1,,,1
F7BA18,F7BA18_CIOIN,4.0,,1,1,1,1,,,,,
B3S0P8,B3S0P8_TRIAD,4.0,1,,,,1,1,1,,,
Q54CP4,MCM5_DICDI,4.0,1,,1,,,1,,,,1
B4NJY3,B4NJY3_DROWI,4.0,1,,1,,1,1,,,,
Q4QAP2,Q4QAP2_LEIMA,4.0,1,,1,,,,1,,,1
Q0V8B7,MCM5_BOVIN,4.0,1,,,,,1,1,1,,
B8BRW4,B8BRW4_THAPS,4.0,1,,,,,1,1,,,1
I3MLD4,I3MLD4_SPETR,4.0,,1,1,1,1,,,,,
A2FUI9,A2FUI9_TRIVA,3.0,1,,,,,1,,,,1
H0ZKQ2,H0ZKQ2_TAEGU,3.0,,1,,1,1,,,,,
I3LR86,I3LR86_PIG,3.0,,1,,1,1,,,,,
F7D417,F7D417_MONDO,3.0,,1,,1,1,,,,,
B1AHB1,B1AHB1_HUMAN,3.0,,1,,,,,1,1,,
B4M5I3,B4M5I3_DROVI,3.0,1,,,,1,1,,,,
Q8SRS4,Q8SRS4_ENCCU,3.0,1,,,,,1,1,,,
Q8I5T4,Q8I5T4_PLAF7,3.0,1,,,,,,1,,,1
F6U7M9,F6U7M9_CALJA,3.0,,1,,1,1,,,,,
B9WBS3,B9WBS3_CANDC,3.0,1,,,,,1,1,,,
F7AF52,F7AF52_ORNAN,3.0,,1,,1,1,,,,,
B3M291,B3M291_DROAN,3.0,1,,,,1,1,,,,
F7H1Y3,F7H1Y3_MACMU,3.0,,1,,1,1,,,,,
Q5KLG5,Q5KLG5_CRYNJ,3.0,1,,,,,,1,,,1
C3Z4T9,C3Z4T9_BRAFL,3.0,1,,,,,1,,,,1
Q297H0,Q297H0_DROPS,3.0,1,,1,,1,,,,,
M3ZQS7,M3ZQS7_XIPMA,3.0,1,1,,,1,,,,,
G3X3U1,G3X3U1_SARHA,3.0,,1,,1,1,,,,,
A7EQS0,A7EQS0_SCLS1,3.0,1,,,,,1,,,,1
Q4UHR0,Q4UHR0_THEAN,3.0,1,,,,,1,1,,,
Q385L1,Q385L1_TRYB2,3.0,1,,,,,1,1,,,
B4PLD4,B4PLD4_DROYA,3.0,1,,,,1,1,,,,
C5XUH8,C5XUH8_SORBI,3.0,1,,,,,1,1,,,
B7Q7M7,B7Q7M7_IXOSC,3.0,1,,,,1,1,,,,
G3R2J0,G3R2J0_GORGO,3.0,,1,,1,1,,,,,
B9IMI5,B9IMI5_POPTR,3.0,1,,,,,1,1,,,
Q6NV07,Q6NV07_DANRE,3.0,1,,,,,,1,1,,
F1QK71,F1QK71_DANRE,3.0,,1,,1,1,,,,,
H3CL83,H3CL83_TETNG,3.0,,1,,1,1,,,,,
Q4N7U8,Q4N7U8_THEPA,3.0,1,,,,,1,1,,,
B4KC98,B4KC98_DROMO,3.0,1,,1,,1,,,,,
Q59P49,Q59P49_CANAL,3.0,1,,,,,1,,,,1
A4I0T0,A4I0T0_LEIIN,3.0,1,,1,,,1,,,,
Q59P49,Q59P49_CANAL,3.0,1,,,,,1,,,,1
H9KWV7,H9KWV7_CALJA,3.0,,1,,1,1,,,,,
F1P8U8,F1P8U8_CANFA,3.0,,1,,1,1,,,,,
B1AHB0,B1AHB0_HUMAN,3.0,1,,1,,,,,1,,
C4R243,C4R243_PICPG,3.0,1,,,,,1,1,,,
Q5AUN6,Q5AUN6_EMENI,3.0,1,,,,,1,1,,,
B9HAQ0,B9HAQ0_POPTR,3.0,1,,,,,1,1,,,
A4RVG5,A4RVG5_OSTLU,3.0,1,,1,,,1,,,,
B4JHM4,B4JHM4_DROGR,3.0,1,,,,1,1,,,,
H3A8U4,H3A8U4_LATCH,3.0,,1,,1,1,,,,,
I3JNC0,I3JNC0_ORENI,3.0,,,1,1,1,,,,,
C5DN99,C5DN99_LACTC,3.0,1,,,,,1,1,,,
E9PTS4,E9PTS4_RAT,3.0,1,1,,,1,,,,,
B2GUX3,B2GUX3_RAT,3.0,,,,,,1,1,1,,
C5DWF1,C5DWF1_ZYGRC,3.0,1,,,,,1,1,,,
B8AEH3,MCM5_ORYSI,2.0,,,,,,1,1,,,
Q4SYN4,Q4SYN4_TETNG,2.0,,1,,,1,,,,,
Q5JGW1,Q5JGW1_THEKO,2.0,,,,,,1,,,,1
B1AHB2,B1AHB2_HUMAN,2.0,,1,,,,,1,,,
Q6KAJ4,MCM5_ORYSJ,2.0,1,,,,,1,,,,
A8BN52,A8BN52_GIAIC,2.0,1,,,,,,,,,1
B1L6L9,B1L6L9_KORCO,2.0,,,,,,1,,,,1
Q6FUA8,Q6FUA8_CANGA,2.0,1,,,,,,1,,,
B0R796,B0R796_HALS3,2.0,,,,,,1,,,,1
B0R796,B0R796_HALS3,2.0,,,,,,1,,,,1
P41389,MCM5_SCHPO,2.0,,,,,,1,1,,,
Q4R9Y5,Q4R9Y5_TETNG,2.0,,1,,,1,,,,,
Q4YPF3,Q4YPF3_PLABA,2.0,1,,,,,,1,,,
A8HPZ4,A8HPZ4_CHLRE,2.0,1,,,,,1,,,,
Q6CRG4,Q6CRG4_KLULA,2.0,1,,,,,,1,,,
Q4WEC5,Q4WEC5_ASPFU,2.0,1,,,,,,1,,,
Q6BMW4,Q6BMW4_DEBHA,2.0,1,,,,,,1,,,
H9J6K9,H9J6K9_BOMMO,2.0,,,1,,1,,,,,
Q4XSZ1,Q4XSZ1_PLACH,2.0,1,,,,,,1,,,
A9TX49,A9TX49_PHYPA,2.0,1,,,,,,,,,1
Q5CYC1,Q5CYC1_CRYPI,2.0,1,,,,,,1,,,
L1JDS5,L1JDS5_GUITH,2.0,1,,1,,,,,,,
M0RMU1,M0RMU1_MUSAM,2.0,1,,1,,,,,,,
B8NQ80,B8NQ80_ASPFN,2.0,1,,,,,,1,,,
B3P1K0,B3P1K0_DROER,2.0,1,,,,1,,,,,
A7TPC7,A7TPC7_VANPO,2.0,1,,,,,1,,,,
A4HDE7,A4HDE7_LEIBR,2.0,1,,1,,,,,,,
A5AAD2,A5AAD2_ASPNC,2.0,1,,,,,,1,,,
B4HIQ0,B4HIQ0_DROSE,2.0,1,,,,1,,,,,
Q8X0Y2,Q8X0Y2_NEUCS,2.0,,,,,,1,1,,,
E9BGV6,E9BGV6_LEIDB,2.0,1,,,,,,1,,,
E9AWT2,E9AWT2_LEIMU,2.0,1,,,,,,1,,,
E5S7R1,E5S7R1_TRISP,2.0,1,,1,,,,,,,
B6HJW3,B6HJW3_PENCW,2.0,1,,,,,1,,,,
C4YIU0,C4YIU0_CANAW,2.0,,,1,,,,1,,,
E0VYG5,E0VYG5_PEDHC,2.0,1,,,,1,,,,,
E0S7F5,E0S7F5_ENCIT,2.0,1,,,,,,1,,,
Q9UXG1,MCM_SULSO,2.0,,,,,,1,,,,1
Q9UXG1,MCM_SULSO,2.0,,,,,,1,,,,1
D8R9T1,D8R9T1_SELML,2.0,1,,1,,,,,,,
Q8TSW4,Q8TSW4_METAC,2.0,,,,,,1,,,,1
D6WTS6,D6WTS6_TRICA,2.0,,,1,,1,,,,,
A3LW17,A3LW17_PICST,2.0,1,,,,,,1,,,
B4QUP5,B4QUP5_DROSI,2.0,1,,,,1,,,,,
D0N8B3,D0N8B3_PHYIT,2.0,1,,,,,,1,,,
Q0TYJ9,Q0TYJ9_PHANO,2.0,1,,,,,,,,,1
U3KFG1,U3KFG1_FICAL,2.0,,1,1,,,,,,,
A1D060,A1D060_NEOFI,2.0,1,,,,,,1,,,
A1C585,A1C585_ASPCL,2.0,1,,,,,,1,,,
C5P4H4,C5P4H4_COCP7,2.0,1,,,,,1,,,,
P55862,MCM5A_XENLA,2.0,1,,,,,,,1,,
P49718,MCM5_MOUSE,2.0,,,,,,1,,1,,
W5QB00,W5QB00_SHEEP,2.0,,1,1,,,,,,,
F0ZGS3,F0ZGS3_DICPU,2.0,1,,1,,,,,,,
J9K7N8,J9K7N8_ACYPI,2.0,1,,,,1,,,,,
Q8TSW4,Q8TSW4_METAC,2.0,,,,,,1,,,,1
Q7RFN7,Q7RFN7_PLAYO,2.0,1,,,,,1,,,,
B4GE02,B4GE02_DROPE,2.0,1,,,,1,,,,,
Q2UAJ0,Q2UAJ0_ASPOR,2.0,1,,,,,,1,,,
M3YM09,M3YM09_MUSPF,2.0,,1,,,1,,,,,
Q8BQ03,Q8BQ03_MOUSE,2.0,1,,,,,,,1,,
Q74ZC3,Q74ZC3_ASHGO,2.0,1,,,,,,1,,,
M1V4M8,M1V4M8_CYAME,2.0,1,,1,,,,,,,
Q6PCI7,MCM5B_XENLA,2.0,1,,,,,,,1,,
Q8JH75,Q8JH75_DANRE,2.0,,,,,,,1,1,,
M1AUY4,M1AUY4_SOLTU,2.0,1,,1,,,,,,,
C0HEP3,C0HEP3_MAIZE,2.0,1,,,,,,1,,,
B7FVE5,B7FVE5_PHATC,2.0,1,,,,,,1,,,
A5K0L6,A5K0L6_PLAVS,2.0,1,,,,,,1,,,
C1ED12,C1ED12_MICSR,2.0,1,,,,,,1,,,
A5DWZ2,A5DWZ2_LODEL,2.0,1,,1,,,,,,,
Q1K862,Q1K862_NEUCR,2.0,1,,1,,,,,,,
B8AZ99,MCM3_ORYSI,1.0,,,,,,1,,,,
B4PT27,B4PT27_DROYA,1.0,,,,,,1,,,,
B8B406,MCM9_ORYSI,1.0,,,,,,1,,,,
B4PZR3,B4PZR3_DROYA,1.0,,,,,,1,,,,
B4PYU3,B4PYU3_DROYA,1.0,,,,,,1,,,,
B8A9Q9,B8A9Q9_ORYSI,1.0,,,,,,1,,,,
B8B405,B8B405_ORYSI,1.0,,,,,,1,,,,
B8AZ14,MCM8_ORYSI,1.0,,,,,,1,,,,
B8AZX3,MCM6_ORYSI,1.0,,,,,,1,,,,
B4PFH7,B4PFH7_DROYA,1.0,,,,,,1,,,,
B4PRK4,B4PRK4_DROYA,1.0,,,,,,1,,,,
B7PTW9,B7PTW9_IXOSC,1.0,,,,,,1,,,,
B7PKH2,B7PKH2_IXOSC,1.0,,,,,,1,,,,
B5X105,B5X105_SALSA,1.0,,,,,,,,1,,
B8A9Q8,B8A9Q8_ORYSI,1.0,,,,,,1,,,,
B7QL56,B7QL56_IXOSC,1.0,,,,,,1,,,,
B7E8M3,B7E8M3_ORYSJ,1.0,,,,,,1,,,,
B6YX83,B6YX83_THEON,1.0,,,,,,1,,,,
B8A348,B8A348_MAIZE,1.0,,,,,,,1,,,
B7Q8M0,B7Q8M0_IXOSC,1.0,,,,,,1,,,,
B7QIH9,B7QIH9_IXOSC,1.0,,,,,,1,,,,
B6HQS3,B6HQS3_PENCW,1.0,,,,,,1,,,,
B7P3Z9,B7P3Z9_IXOSC,1.0,,,,,,1,,,,
B6HJD4,B6HJD4_PENCW,1.0,,,,,,1,,,,
B7QHT6,B7QHT6_IXOSC,1.0,,,,,,1,,,,
B7P5A6,B7P5A6_IXOSC,1.0,,,,,,1,,,,
B7QBZ6,B7QBZ6_IXOSC,1.0,,,,,,1,,,,
B7PAS1,B7PAS1_IXOSC,1.0,,,,,,1,,,,
B6H856,B6H856_PENCW,1.0,,,,,,1,,,,
B6H830,B6H830_PENCW,1.0,,,,,,1,,,,
B6H2T4,B6H2T4_PENCW,1.0,,,,,,1,,,,
B7PQN9,B7PQN9_IXOSC,1.0,,,,,,1,,,,
B6YSJ0,B6YSJ0_THEON,1.0,,,,,,1,,,,
B9LTB1,B9LTB1_HALLT,1.0,,,,,,1,,,,
B8BKI8,MCM2_ORYSI,1.0,,,,,,1,,,,
C4QY80,C4QY80_PICPG,1.0,,,,,,1,,,,
C5A713,C5A713_THEGJ,1.0,,,,,,1,,,,
C5A2A7,C5A2A7_THEGJ,1.0,,,,,,1,,,,
C4Y098,C4Y098_CLAL4,1.0,1,,,,,,,,,
C4V8W4,C4V8W4_NOSCE,1.0,1,,,,,,,,,
C4R986,C4R986_PICPG,1.0,,,,,,1,,,,
C4R776,C4R776_PICPG,1.0,,,,,,1,,,,
C4QZT2,C4QZT2_PICPG,1.0,,,,,,1,,,,
C4QXJ7,C4QXJ7_PICPG,1.0,,,,,,1,,,,
B8BT64,B8BT64_THAPS,1.0,,,,,,1,,,,
C4L0M3,C4L0M3_EXISA,1.0,,,,,,1,,,,
C4KHA1,C4KHA1_SULIK,1.0,,,,,,1,,,,
C4JMA0,C4JMA0_UNCRE,1.0,1,,,,,,,,,
C3ZSS5,C3ZSS5_BRAFL,1.0,,,,,,1,,,,
C3ZP69,C3ZP69_BRAFL,1.0,,,,,,1,,,,
C3ZEX5,C3ZEX5_BRAFL,1.0,,,,,,1,,,,
C3ZEX4,C3ZEX4_BRAFL,1.0,,,,,,1,,,,
C5DDS9,C5DDS9_LACTC,1.0,,,,,,1,,,,
C5DIG5,C5DIG5_LACTC,1.0,,,,,,1,,,,
C5DLN3,C5DLN3_LACTC,1.0,,,,,,1,,,,
C5DT75,C5DT75_ZYGRC,1.0,,,,,,1,,,,
C5YPS6,C5YPS6_SORBI,1.0,,,,,,1,,,,
C5Y8S7,C5Y8S7_SORBI,1.0,,,,,,1,,,,
C5XMX5,C5XMX5_SORBI,1.0,,,,,,1,,,,
C5PI42,C5PI42_COCP7,1.0,,,,,,1,,,,
C5PHG8,C5PHG8_COCP7,1.0,,,,,,1,,,,
C5PFK7,C5PFK7_COCP7,1.0,,,,,,1,,,,
C5PBF3,C5PBF3_COCP7,1.0,,,,,,1,,,,
C5P0I8,C5P0I8_COCP7,1.0,,,,,,1,,,,
C5M735,C5M735_CANTT,1.0,1,,,,,,,,,
C5E441,C5E441_ZYGRC,1.0,,,,,,1,,,,
C5E2X9,C5E2X9_LACTC,1.0,,,,,,1,,,,
C5E2V9,C5E2V9_LACTC,1.0,,,,,,1,,,,
C5E018,C5E018_ZYGRC,1.0,,,,,,1,,,,
C5DY05,C5DY05_ZYGRC,1.0,,,,,,1,,,,
C5DXH5,C5DXH5_ZYGRC,1.0,,,,,,1,,,,
C3ZB80,C3ZB80_BRAFL,1.0,,,,,,1,,,,
C3ZB79,C3ZB79_BRAFL,1.0,,,,,,1,,,,
C3YML2,C3YML2_BRAFL,1.0,,,,,,1,,,,
B9IP74,B9IP74_POPTR,1.0,,,,,,1,,,,
B9I9J1,B9I9J1_POPTR,1.0,,,,,,1,,,,
B9HRI2,B9HRI2_POPTR,1.0,,,,,,1,,,,
B9H3Z8,B9H3Z8_POPTR,1.0,,,,,,1,,,,
B9GMZ6,B9GMZ6_POPTR,1.0,,,,,,1,,,,
B9FKR8,B9FKR8_ORYSJ,1.0,,,,,,1,,,,
B9FKM7,MCM8_ORYSJ,1.0,,,,,,1,,,,
B9EXF2,B9EXF2_ORYSJ,1.0,,,,,,1,,,,
B8JKC1,B8JKC1_DANRE,1.0,,,,,,1,,,,
B8GDQ1,B8GDQ1_METPE,1.0,,,,,,1,,,,
B8D4I2,B8D4I2_DESK1,1.0,,,,,,1,,,,
B8CCG3,B8CCG3_THAPS,1.0,,,,,,1,,,,
B8CC29,B8CC29_THAPS,1.0,,,,,,1,,,,
B8C649,B8C649_THAPS,1.0,,,,,,1,,,,
B8C546,B8C546_THAPS,1.0,,,,,,1,,,,
B8C2X2,B8C2X2_THAPS,1.0,,,,,,1,,,,
B9IJ00,B9IJ00_POPTR,1.0,,,,,,1,,,,
B9LUI3,B9LUI3_HALLT,1.0,,,,,,1,,,,
C3YL40,C3YL40_BRAFL,1.0,,,,,,1,,,,
B9SC12,B9SC12_RICCO,1.0,1,,,,,,,,,
C3YIL9,C3YIL9_BRAFL,1.0,,,,,,1,,,,
C3YAI9,C3YAI9_BRAFL,1.0,,,,,,1,,,,
C3Y0U6,C3Y0U6_BRAFL,1.0,,,,,,1,,,,
C3NHG0,C3NHG0_SULIN,1.0,,,,,,1,,,,
C3NE89,C3NE89_SULIY,1.0,,,,,,1,,,,
C3N5M5,C3N5M5_SULIA,1.0,,,,,,1,,,,
C3MVC6,C3MVC6_SULIM,1.0,,,,,,1,,,,
C3MQ07,C3MQ07_SULIL,1.0,,,,,,1,,,,
C1N9Q3,C1N9Q3_MICPC,1.0,1,,,,,,,,,
C1H932,C1H932_PARBA,1.0,1,,,,,,,,,
B9WLI3,B9WLI3_CANDC,1.0,,,,,,1,,,,
B9WL24,B9WL24_CANDC,1.0,,,,,,1,,,,
B9WCH7,B9WCH7_CANDC,1.0,,,,,,1,,,,
B9WC21,B9WC21_CANDC,1.0,,,,,,1,,,,
B9W9P3,B9W9P3_CANDC,1.0,,,,,,1,,,,
B4P1Q4,B4P1Q4_DROYA,1.0,,,,,,1,,,,
W6Z394,W6Z394_COCMI,1.0,1,,,,,,,,,
B4NPR1,B4NPR1_DROWI,1.0,,,,,,1,,,,
A6USR0,A6USR0_METVS,1.0,,,,,,1,,,,
A7E6U7,A7E6U7_SCLS1,1.0,,,,,,1,,,,
A7AS39,A7AS39_BABBO,1.0,1,,,,,,,,,
A6VI18,A6VI18_METM7,1.0,,,,,,1,,,,
A6VFW0,A6VFW0_METM7,1.0,,,,,,1,,,,
A6VFA9,A6VFA9_METM7,1.0,,,,,,1,,,,
A6VF72,A6VF72_METM7,1.0,,,,,,1,,,,
A6UWD0,A6UWD0_META3,1.0,,,,,,1,,,,
A6UW49,A6UW49_META3,1.0,,,,,,1,,,,
A6UUA4,A6UUA4_META3,1.0,,,,,,1,,,,
A6UR08,A6UR08_METVS,1.0,,,,,,1,,,,
A5ALN8,A5ALN8_VITVI,1.0,,,,,,1,,,,
A6UP35,A6UP35_METVS,1.0,,,,,,1,,,,
A6UNV4,A6UNV4_METVS,1.0,,,,,,1,,,,
A6QSR1,A6QSR1_AJECN,1.0,1,,,,,,,,,
A5UKI7,A5UKI7_METS3,1.0,,,,,,1,,,,
A5DG75,A5DG75_PICGU,1.0,1,,,,,,,,,
A5BY30,A5BY30_VITVI,1.0,,,,,,1,,,,
A5BMZ6,A5BMZ6_VITVI,1.0,,,,,,1,,,,
A5BE78,A5BE78_VITVI,1.0,,,,,,1,,,,
A5BE41,A5BE41_VITVI,1.0,,,,,,1,,,,
A7E7K0,A7E7K0_SCLS1,1.0,,,,,,1,,,,
A7F576,A7F576_SCLS1,1.0,,,,,,1,,,,
A7F6V0,A7F6V0_SCLS1,1.0,,,,,,1,,,,
A7F8C3,A7F8C3_SCLS1,1.0,,,,,,1,,,,
A8IDL8,A8IDL8_CHLRE,1.0,,,,,,1,,,,
A8I6G3,A8I6G3_CHLRE,1.0,,,,,,1,,,,
A8I0G3,A8I0G3_CHLRE,1.0,,,,,,1,,,,
A8DUX0,A8DUX0_NEMVE,1.0,,,,,,1,,,,
A8AC21,A8AC21_IGNH4,1.0,,,,,,1,,,,
A7TT93,A7TT93_VANPO,1.0,,,,,,1,,,,
A7TT86,A7TT86_VANPO,1.0,,,,,,1,,,,
A7TRT0,A7TRT0_VANPO,1.0,,,,,,1,,,,
A7TQV0,A7TQV0_VANPO,1.0,,,,,,1,,,,
A7TJF4,A7TJF4_VANPO,1.0,,,,,,1,,,,
A7TAU8,A7TAU8_NEMVE,1.0,,,,,,1,,,,
A7T9E8,A7T9E8_NEMVE,1.0,,,,,,1,,,,
A7T6D7,A7T6D7_NEMVE,1.0,,,,,,1,,,,
A7SQR1,A7SQR1_NEMVE,1.0,,,,,,1,,,,
A7SPE9,A7SPE9_NEMVE,1.0,,,,,,1,,,,
A7SMI2,A7SMI2_NEMVE,1.0,,,,,,1,,,,
A7SEF9,A7SEF9_NEMVE,1.0,,,,,,1,,,,
A7S1E9,A7S1E9_NEMVE,1.0,,,,,,1,,,,
A7I8X9,A7I8X9_METB6,1.0,,,,,,1,,,,
A5AUI5,A5AUI5_VITVI,1.0,,,,,,1,,,,
A4YID1,A4YID1_METS5,1.0,,,,,,1,,,,
B4NPC9,B4NPC9_DROWI,1.0,,,,,,1,,,,
A1RXH4,A1RXH4_THEPD,1.0,,,,,,1,,,,
A3CUX8,A3CUX8_METMJ,1.0,,,,,,1,,,,
A2SRP5,A2SRP5_METLZ,1.0,,,,,,1,,,,
A2F017,A2F017_TRIVA,1.0,,,,,,1,,,,
A2DN04,A2DN04_TRIVA,1.0,,,,,,1,,,,
A2DIB5,A2DIB5_TRIVA,1.0,,,,,,1,,,,
A2DDL4,A2DDL4_TRIVA,1.0,,,,,,1,,,,
A2DCM5,A2DCM5_TRIVA,1.0,,,,,,1,,,,
A2DA94,A2DA94_TRIVA,1.0,,,,,,1,,,,
A2BL91,A2BL91_HYPBU,1.0,,,,,,1,,,,
A1RTP1,A1RTP1_PYRIL,1.0,,,,,,1,,,,
A4WH61,A4WH61_PYRAR,1.0,,,,,,1,,,,
A0BS22,A0BS22_PARTE,1.0,1,,,,,,,,,
A0B5T2,A0B5T2_METTP,1.0,,,,,,1,,,,
A0A0A0LL55,A0A0A0LL55_CUCSA,1.0,1,,,,,,,,,
A0A096R4L0,A0A096R4L0_MAIZE,1.0,1,,,,,,,,,
A0A096NJS2,A0A096NJS2_PAPAN,1.0,,1,,,,,,,,
A0A096M474,A0A096M474_POEFO,1.0,,1,,,,,,,,
A0A088A0G3,A0A088A0G3_APIME,1.0,1,,,,,,,,,
A0A087XLH5,A0A087XLH5_POEFO,1.0,,1,,,,,,,,
A0A087XKK5,A0A087XKK5_POEFO,1.0,,1,,,,,,,,
A3DNW1,A3DNW1_STAMF,1.0,,,,,,1,,,,
A3KMS0,A3KMS0_DANRE,1.0,,,,,,1,,,,
A3MSA7,A3MSA7_PYRCJ,1.0,,,,,,1,,,,
A4FUD9,MCM3_BOVIN,1.0,,,,,,1,,,,
A4SAW6,A4SAW6_OSTLU,1.0,,,,,,1,,,,
A4S5G7,A4S5G7_OSTLU,1.0,,,,,,1,,,,
A4S4I0,A4S4I0_OSTLU,1.0,,,,,,1,,,,
A4RXB5,A4RXB5_OSTLU,1.0,,,,,,1,,,,
A4RT02,A4RT02_OSTLU,1.0,,,,,,1,,,,
A4RSQ3,A4RSQ3_OSTLU,1.0,,,,,,1,,,,
A4RR24,A4RR24_OSTLU,1.0,,,,,,1,,,,
A4IIB8,A4IIB8_XENTR,1.0,,,,,,1,,,,
A4IC27,A4IC27_LEIIN,1.0,,,,,,1,,,,
A4I9B0,A4I9B0_LEIIN,1.0,,,,,,1,,,,
A4I8B8,A4I8B8_LEIIN,1.0,,,,,,1,,,,
A4I3W9,A4I3W9_LEIIN,1.0,,,,,,1,,,,
A4I3G2,A4I3G2_LEIIN,1.0,,,,,,1,,,,
A4HTX2,A4HTX2_LEIIN,1.0,,,,,,1,,,,
A4HSF2,A4HSF2_LEIIN,1.0,,,,,,1,,,,
A4G0G3,A4G0G3_METM5,1.0,,,,,,1,,,,
A4FYY6,A4FYY6_METM5,1.0,,,,,,1,,,,
A4FXM1,A4FXM1_METM5,1.0,,,,,,1,,,,
A4FXF5,A4FXF5_METM5,1.0,,,,,,1,,,,
A8IPH5,A8IPH5_CHLRE,1.0,,,,,,1,,,,
A8JCF0,A8JCF0_CHLRE,1.0,,,,,,1,,,,
A8JF74,A8JF74_CHLRE,1.0,,,,,,1,,,,
B3MGV3,B3MGV3_DROAN,1.0,,,,,,1,,,,
B3S8M6,B3S8M6_TRIAD,1.0,,,,,,1,,,,
B3S586,B3S586_TRIAD,1.0,,,,,,1,,,,
B3S1I2,B3S1I2_TRIAD,1.0,,,,,,1,,,,
C5YZC2,C5YZC2_SORBI,1.0,,,,,,1,,,,
B3RUX5,B3RUX5_TRIAD,1.0,,,,,,1,,,,
B3RM12,B3RM12_TRIAD,1.0,,,,,,1,,,,
B3RJ34,B3RJ34_TRIAD,1.0,,,,,,1,,,,
B3MS81,B3MS81_DROAN,1.0,,,,,,1,,,,
B3MRR5,B3MRR5_DROAN,1.0,,,,,,1,,,,
B3M5X9,B3M5X9_DROAN,1.0,,,,,,1,,,,
A8JHE4,A8JHE4_CHLRE,1.0,,,,,,1,,,,
B3M377,B3M377_DROAN,1.0,,,,,,1,,,,
B3LYX2,B3LYX2_DROAN,1.0,,,,,,1,,,,
B3LBA5,B3LBA5_PLAKH,1.0,1,,,,,,,,,
B3KVF0,B3KVF0_HUMAN,1.0,,,,,,,,1,,
B3GNF2,B3GNF2_CAEBE,1.0,,,,,,1,,,,
B2GUK2,B2GUK2_XENTR,1.0,,,,,,1,,,,
B2B7K9,B2B7K9_PODAN,1.0,1,,,,,,,,,
B1YA88,B1YA88_PYRNV,1.0,,,,,,1,,,,
B1AHA9,B1AHA9_HUMAN,1.0,,1,,,,,,,,
B3S9X3,B3S9X3_TRIAD,1.0,,,,,,1,,,,
B3SE20,B3SE20_TRIAD,1.0,,,,,,1,,,,
B4DQ39,B4DQ39_HUMAN,1.0,,,,,,,,1,,
B4FK88,B4FK88_MAIZE,1.0,1,,,,,,,,,
B4NK69,B4NK69_DROWI,1.0,,,,,,1,,,,
B4NK66,B4NK66_DROWI,1.0,,,,,,1,,,,
B4NAK3,B4NAK3_DROWI,1.0,,,,,,1,,,,
B4MMD1,B4MMD1_DROWI,1.0,,,,,,1,,,,
B4MIN6,B4MIN6_DROWI,1.0,,,,,,1,,,,
B4MEH0,B4MEH0_DROVI,1.0,,,,,,1,,,,
B4M7G8,B4M7G8_DROVI,1.0,,,,,,1,,,,
B4M4C7,B4M4C7_DROVI,1.0,,,,,,1,,,,
B4LVT3,B4LVT3_DROVI,1.0,,,,,,1,,,,
B4LLC4,B4LLC4_DROVI,1.0,,,,,,1,,,,
B4LEP6,B4LEP6_DROVI,1.0,,,,,,1,,,,
B4K2W4,B4K2W4_DROGR,1.0,,,,,,1,,,,
B4JXV8,B4JXV8_DROGR,1.0,,,,,,1,,,,
B4JMY9,B4JMY9_DROGR,1.0,,,,,,1,,,,
B4JMB4,B4JMB4_DROGR,1.0,,,,,,1,,,,
B4JMB2,B4JMB2_DROGR,1.0,,,,,,1,,,,
B4JFD0,B4JFD0_DROGR,1.0,,,,,,1,,,,
B4J9Z6,B4J9Z6_DROGR,1.0,,,,,,1,,,,
B4J3L8,B4J3L8_DROGR,1.0,,,,,,1,,,,
B0Y2D3,B0Y2D3_ASPFC,1.0,,,,,,,1,,,
B0XLA1,B0XLA1_CULQU,1.0,,,,,,1,,,,
B0XJ45,B0XJ45_CULQU,1.0,,,,,,1,,,,
A9UYR3,A9UYR3_MONBE,1.0,,,,,,1,,,,
A9UTF2,A9UTF2_MONBE,1.0,,,,,,1,,,,
A9U496,A9U496_PHYPA,1.0,1,,,,,,,,,
A9ABC4,A9ABC4_METM6,1.0,,,,,,1,,,,
A9AAS4,A9AAS4_METM6,1.0,,,,,,1,,,,
A9A8R1,A9A8R1_METM6,1.0,,,,,,1,,,,
A9A7T5,A9A7T5_METM6,1.0,,,,,,1,,,,
A9A7K8,A9A7K8_METM6,1.0,,,,,,1,,,,
A9A7I4,A9A7I4_METM6,1.0,,,,,,1,,,,
A9A752,A9A752_METM6,1.0,,,,,,1,,,,
A9A6G0,A9A6G0_METM6,1.0,,,,,,1,,,,
A9A310,A9A310_NITMS,1.0,,,,,,1,,,,
A8Y108,A8Y108_CAEBR,1.0,,,,,,1,,,,
A8XDJ5,A8XDJ5_CAEBR,1.0,,,,,,1,,,,
A8WVP0,A8WVP0_CAEBR,1.0,,,,,,1,,,,
A8Q250,A8Q250_MALGO,1.0,1,,,,,,,,,
A8PG01,A8PG01_BRUMA,1.0,1,,,,,,,,,
A8N0G2,A8N0G2_COPC7,1.0,1,,,,,,,,,
A8MBD8,A8MBD8_CALMQ,1.0,,,,,,1,,,,
A8K521,A8K521_HUMAN,1.0,,,,,,,,1,,
A9UTK0,A9UTK0_MONBE,1.0,,,,,,1,,,,
A9UZL0,A9UZL0_MONBE,1.0,,,,,,1,,,,
B0X5K9,B0X5K9_CULQU,1.0,,,,,,1,,,,
A9V184,A9V184_MONBE,1.0,,,,,,1,,,,
B0X3R0,B0X3R0_CULQU,1.0,,,,,,1,,,,
B0WYT0,B0WYT0_CULQU,1.0,,,,,,1,,,,
B0WYM9,B0WYM9_CULQU,1.0,,,,,,1,,,,
B0WX82,B0WX82_CULQU,1.0,,,,,,1,,,,
B0WVG5,B0WVG5_CULQU,1.0,,,,,,1,,,,
B0WTN7,B0WTN7_CULQU,1.0,,,,,,1,,,,
B0WPF1,B0WPF1_CULQU,1.0,,,,,,1,,,,
B0WMC5,B0WMC5_CULQU,1.0,,,,,,1,,,,
B0WDW7,B0WDW7_CULQU,1.0,,,,,,1,,,,
B0WAI3,B0WAI3_CULQU,1.0,,,,,,1,,,,
B0W6X8,B0W6X8_CULQU,1.0,,,,,,1,,,,
B0W690,B0W690_CULQU,1.0,,,,,,1,,,,
B0W481,B0W481_CULQU,1.0,,,,,,1,,,,
B0VZV2,B0VZV2_CULQU,1.0,,,,,,1,,,,
B0VZP1,B0VZP1_CULQU,1.0,,,,,,1,,,,
B0EIV1,B0EIV1_ENTDS,1.0,1,,,,,,,,,
B0CP56,B0CP56_LACBS,1.0,1,,,,,,,,,
A9VAL6,A9VAL6_MONBE,1.0,,,,,,1,,,,
A9V374,A9V374_MONBE,1.0,,,,,,1,,,,
C5YV76,C5YV76_SORBI,1.0,,,,,,1,,,,
F4PS78,F4PS78_DICFS,1.0,1,,,,,,,,,
C5YZR5,C5YZR5_SORBI,1.0,,,,,,1,,,,
C5Z6W4,C5Z6W4_SORBI,1.0,,,,,,1,,,,
Q5ZKB2,Q5ZKB2_CHICK,1.0,,,,,,1,,,,
Q5XI14,MCMD2_RAT,1.0,,,,,,1,,,,
Q5V814,Q5V814_HALMA,1.0,,,,,,1,,,,
Q5V011,Q5V011_HALMA,1.0,,,,,,1,,,,
Q5UYX8,Q5UYX8_HALMA,1.0,,,,,,1,,,,
Q5RIC5,Q5RIC5_DANRE,1.0,,,,,,1,,,,
Q5JEJ0,Q5JEJ0_THEKO,1.0,,,,,,1,,,,
Q5JEC8,Q5JEC8_THEKO,1.0,,,,,,1,,,,
Q5DG64,Q5DG64_SCHJA,1.0,,,,,,1,,,,
Q5DAM4,Q5DAM4_SCHJA,1.0,,,,,,1,,,,
Q5D900,Q5D900_SCHJA,1.0,,,,,,1,,,,
Q5BYG3,Q5BYG3_SCHJA,1.0,,,,,,1,,,,
Q5BTM2,Q5BTM2_SCHJA,1.0,,,,,,1,,,,
Q5BGV2,Q5BGV2_EMENI,1.0,,,,,,1,,,,
Q5B5Y6,Q5B5Y6_EMENI,1.0,,,,,,1,,,,
Q5B0D8,Q5B0D8_EMENI,1.0,,,,,,1,,,,
Q5B060,Q5B060_EMENI,1.0,,,,,,1,,,,
Q5A955,Q5A955_CANAL,1.0,,,,,,1,,,,
Q5A034,Q5A034_CANAL,1.0,,,,,,1,,,,
Q5ZLZ1,Q5ZLZ1_CHICK,1.0,,,,,,1,,,,
Q5ZMN2,MCM3_CHICK,1.0,,,,,,1,,,,
Q60275,Y3513_METJA,1.0,,,,,,1,,,,
Q6M003,Q6M003_METMP,1.0,,,,,,1,,,,
Q7K7J6,Q7K7J6_CAEEL,1.0,,,,,,1,,,,
Q74MT7,Q74MT7_NANEQ,1.0,,,,,,1,,,,
Q6R8Y2,Q6R8Y2_ENTHI,1.0,1,,,,,,,,,
Q6P1V8,MCM6Z_XENTR,1.0,,,,,,1,,,,
Q6NZV2,Q6NZV2_DANRE,1.0,,,,,,1,,,,
Q6NX31,MCM7_XENTR,1.0,,,,,,1,,,,
Q6M963,Q6M963_NEUCS,1.0,,,,,,1,,,,
Q6M187,Q6M187_METMP,1.0,,,,,,1,,,,
Q6LZ81,Q6LZ81_METMP,1.0,,,,,,1,,,,
Q61881,MCM7_MOUSE,1.0,,,,,,1,,,,
Q6LYG7,Q6LYG7_METMP,1.0,,,,,,1,,,,
Q6KZQ0,Q6KZQ0_PICTO,1.0,,,,,,1,,,,
Q6GL41,MCM4_XENTR,1.0,,,,,,1,,,,
Q6F353,MCM6_ORYSJ,1.0,,,,,,1,,,,
Q6DIH3,MCM2_XENTR,1.0,,,,,,1,,,,
Q69QA6,MCM9_ORYSJ,1.0,,,,,,1,,,,
Q62724,MCM6_RAT,1.0,,,,,,1,,,,
Q61J08,MCM6_CAEBR,1.0,,,,,,1,,,,
Q59U50,Q59U50_CANAL,1.0,,,,,,1,,,,
Q59SE3,Q59SE3_CANAL,1.0,,,,,,1,,,,
Q59M26,Q59M26_CANAL,1.0,,,,,,1,,,,
Q4N8G4,Q4N8G4_THEPA,1.0,,,,,,1,,,,
Q4SVP9,Q4SVP9_TETNG,1.0,,,,,,1,,,,
Q4SVP8,Q4SVP8_TETNG,1.0,,,,,,1,,,,
Q4SRE5,Q4SRE5_TETNG,1.0,,,,,,1,,,,
Q4SGA7,Q4SGA7_TETNG,1.0,,,,,,1,,,,
Q4RTH9,Q4RTH9_TETNG,1.0,,,,,,1,,,,
Q4RLI6,Q4RLI6_TETNG,1.0,,,,,,1,,,,
Q4R9Y2,Q4R9Y2_TETNG,1.0,,,,,,1,,,,
Q4P499,Q4P499_USTMA,1.0,,,,,,,,,,1
Q4N804,Q4N804_THEPA,1.0,,,,,,1,,,,
Q4TTM8,Q4TTM8_CAERE,1.0,,,,,,1,,,,
Q4N624,Q4N624_THEPA,1.0,,,,,,1,,,,
Q4N4V8,Q4N4V8_THEPA,1.0,,,,,,1,,,,
Q4JAB7,Q4JAB7_SULAC,1.0,,,,,,1,,,,
Q4DV49,Q4DV49_TRYCC,1.0,1,,,,,,,,,
Q46DJ9,Q46DJ9_METBF,1.0,,,,,,1,,,,
Q46C52,Q46C52_METBF,1.0,,,,,,1,,,,
Q3ZBH9,MCM7_BOVIN,1.0,,,,,,1,,,,
Q3IPB6,Q3IPB6_NATPD,1.0,,,,,,1,,,,
Q4SYN0,Q4SYN0_TETNG,1.0,,,,,,1,,,,
Q4U9G0,Q4U9G0_THEAN,1.0,,,,,,1,,,,
Q59F49,Q59F49_HUMAN,1.0,,,,,,,1,,,
Q54MD0,Q54MD0_DICDI,1.0,,,,,,1,,,,
Q58884,Y1489_METJA,1.0,,,,,,1,,,,
Q586W7,Q586W7_TRYB2,1.0,,,,,,1,,,,
Q58371,Y961_METJA,1.0,,,,,,1,,,,
Q57809,Y363_METJA,1.0,,,,,,1,,,,
Q55YH5,Q55YH5_CRYNB,1.0,1,,,,,,,,,
Q54VI9,Q54VI9_DICDI,1.0,,,,,,1,,,,
Q54RU0,Q54RU0_DICDI,1.0,,,,,,1,,,,
Q54RN8,Q54RN8_DICDI,1.0,,,,,,1,,,,
Q54LI2,Q54LI2_DICDI,1.0,,,,,,1,,,,
Q4UAM8,Q4UAM8_THEAN,1.0,,,,,,1,,,,
Q53FG5,Q53FG5_HUMAN,1.0,,,,,,,,1,,
Q4YE66,Q4YE66_PLABA,1.0,1,,,,,,,,,
Q4Y2J7,Q4Y2J7_PLACH,1.0,1,,,,,,,,,
Q4UHJ8,Q4UHJ8_THEAN,1.0,,,,,,1,,,,
Q4UH54,Q4UH54_THEAN,1.0,,,,,,1,,,,
Q4UEN3,Q4UEN3_THEAN,1.0,,,,,,1,,,,
Q4UDH3,Q4UDH3_THEAN,1.0,,,,,,1,,,,
Q4UCK0,Q4UCK0_THEAN,1.0,,,,,,1,,,,
Q7PPI5,Q7PPI5_ANOGA,1.0,,,,,,1,,,,
Q7PWZ5,Q7PWZ5_ANOGA,1.0,,,,,,1,,,,
Q7Q0Q1,MCM6_ANOGA,1.0,,,,,,1,,,,
Q9V461,MCM6_DROME,1.0,,,,,,1,,,,
R1GEX3,R1GEX3_BOTPV,1.0,1,,,,,,,,,
R1DI08,R1DI08_EMIHU,1.0,1,,,,,,,,,
R0GJ47,R0GJ47_9BRAS,1.0,1,,,,,,,,,
Q9YFR1,Q9YFR1_AERPE,1.0,,,,,,1,,,,
Q9XYU1,MCM3_DROME,1.0,,,,,,1,,,,
Q9XYU0,MCM7_DROME,1.0,,,,,,1,,,,
Q9XVR7,Q9XVR7_CAEEL,1.0,,,,,,1,,,,
Q9VF30,MCMR_DROME,1.0,,,,,,1,,,,
Q9V167,Q9V167_PYRAB,1.0,,,,,,1,,,,
R7SBD3,R7SBD3_TREMS,1.0,1,,,,,,,,,
Q9UYR7,Q9UYR7_PYRAB,1.0,,,,,,1,,,,
Q9UJA3,MCM8_HUMAN,1.0,,,,,,1,,,,
Q9U9L0,Q9U9L0_9TRYP,1.0,,,,,,1,,,,
Q9SF37,MCM8_ARATH,1.0,,,,,,1,,,,
Q9NXL9,MCM9_HUMAN,1.0,,,,,,1,,,,
Q9HNA5,Q9HNA5_HALSA,1.0,,,,,,1,,,,
Q9HK10,Q9HK10_THEAC,1.0,,,,,,1,,,,
Q9GR06,Q9GR06_PLAFA,1.0,,,,,,1,,,,
R7QT75,R7QT75_CHOCR,1.0,1,,,,,,,,,
R8BHD5,R8BHD5_TOGMI,1.0,1,,,,,,,,,
Q9FL33,MCM3_ARATH,1.0,,,,,,1,,,,
V4N196,V4N196_EUTSA,1.0,1,,,,,,,,,
W5LNV5,W5LNV5_ASTMX,1.0,,1,,,,,,,,
W4Y9L8,W4Y9L8_STRPU,1.0,1,,,,,,,,,
W4VU56,W4VU56_ATTCE,1.0,,,1,,,,,,,
W4KR68,W4KR68_9HOMO,1.0,1,,,,,,,,,
W1PSV0,W1PSV0_AMBTC,1.0,1,,,,,,,,,
V7CAC1,V7CAC1_PHAVU,1.0,1,,,,,,,,,
V6RLW4,V6RLW4_GIBZE,1.0,1,,,,,,,,,
V4UL71,V4UL71_9ROSI,1.0,1,,,,,,,,,
V4AFC9,V4AFC9_LOTGI,1.0,1,,,,,,,,,
R9ANN9,R9ANN9_WALI9,1.0,1,,,,,,,,,
V3ZL34,V3ZL34_LOTGI,1.0,1,,,,,,,,,
V2XH17,V2XH17_MONRO,1.0,1,,,,,,,,,
U3IK61,U3IK61_ANAPL,1.0,,1,,,,,,,,
T2MGN3,T2MGN3_HYDVU,1.0,1,,,,,,,,,
T1EFW8,T1EFW8_HELRO,1.0,1,,,,,,,,,
S8F3Y8,S8F3Y8_TOXGO,1.0,1,,,,,,,,,
S7QNA7,S7QNA7_GLOTA,1.0,1,,,,,,,,,
S4RAX6,S4RAX6_PETMA,1.0,,1,,,,,,,,
Q9GR05,Q9GR05_PLAFA,1.0,,,,,,1,,,,
Q9DEI0,Q9DEI0_CHICK,1.0,,,,,,1,,,,
Q7Q6K1,Q7Q6K1_ANOGA,1.0,,,,,,1,,,,
Q7SAN2,Q7SAN2_NEUCR,1.0,,,,,,1,,,,
Q8C2I9,Q8C2I9_MOUSE,1.0,,,,,,,,1,,
Q871F1,Q871F1_NEUCS,1.0,,,,,,1,,,,
Q86IF1,Q86IF1_DICDI,1.0,,,,,,1,,,,
Q86B14,MCM6_DICDI,1.0,,,,,,1,,,,
Q7ZVL6,Q7ZVL6_DANRE,1.0,,,,,,1,,,,
Q7ZUR0,Q7ZUR0_DANRE,1.0,,,,,,1,,,,
Q7ZTS7,Q7ZTS7_DANRE,1.0,,,,,,,,1,,
Q7SHS5,Q7SHS5_NEUCR,1.0,,,,,,1,,,,
Q7RP17,Q7RP17_PLAYO,1.0,,,,,,1,,,,
Q8PVX1,Q8PVX1_METMA,1.0,,,,,,1,,,,
Q7RLV8,Q7RLV8_PLAYO,1.0,,,,,,1,,,,
Q7RKP3,Q7RKP3_PLAYO,1.0,,,,,,1,,,,
Q7RJM3,Q7RJM3_PLAYO,1.0,,,,,,1,,,,
Q7RJ52,Q7RJ52_PLAYO,1.0,,,,,,1,,,,
Q7RI91,Q7RI91_PLAYO,1.0,,,,,,1,,,,
Q7RF23,Q7RF23_PLAYO,1.0,,,,,,1,,,,
Q7QCD9,Q7QCD9_ANOGA,1.0,,,,,,1,,,,
Q7QAZ2,Q7QAZ2_ANOGA,1.0,,,,,,1,,,,
Q8GSB2,Q8GSB2_ARATH,1.0,,,,,,,1,,,
Q8PXY2,Q8PXY2_METMA,1.0,,,,,,1,,,,
Q9CWV1,MCM8_MOUSE,1.0,,,,,,1,,,,
Q8TWR7,Q8TWR7_METKA,1.0,,,,,,1,,,,
Q9BWF4,Q9BWF4_HUMAN,1.0,,,,,,,,1,,
Q99PM4,Q99PM4_RAT,1.0,,,,,,1,,,,
Q979U9,Q979U9_THEVO,1.0,,,,,,1,,,,
Q95XQ8,Q95XQ8_CAEEL,1.0,,,,,,1,,,,
Q8ZY88,Q8ZY88_PYRAE,1.0,,,,,,1,,,,
Q8WSL5,Q8WSL5_PLAFA,1.0,,,,,,1,,,,
Q8U3I4,Q8U3I4_PYRFU,1.0,,,,,,1,,,,
Q8U0H5,Q8U0H5_PYRFU,1.0,,,,,,1,,,,
Q8TWB5,Q8TWB5_METKA,1.0,,,,,,1,,,,
Q8SQL8,Q8SQL8_ENCCU,1.0,,,,,,1,,,,
Q8TJF6,Q8TJF6_METAC,1.0,,,,,,1,,,,
Q8THV8,Q8THV8_METAC,1.0,,,,,,1,,,,
Q8SSE5,Q8SSE5_ENCCU,1.0,,,,,,1,,,,
Q8SS42,Q8SS42_ENCCU,1.0,,,,,,1,,,,
Q8SRX5,Q8SRX5_ENCCU,1.0,,,,,,1,,,,
Q8SRK9,Q8SRK9_ENCCU,1.0,,,,,,1,,,,
Q8SRF0,Q8SRF0_ENCCU,1.0,,,,,,1,,,,
Q8SQX1,Q8SQX1_ENCCU,1.0,,,,,,1,,,,
Q3IML4,Q3IML4_NATPD,1.0,,,,,,1,,,,
Q38E36,Q38E36_TRYB2,1.0,,,,,,1,,,,
Q389T6,Q389T6_TRYB2,1.0,,,,,,1,,,,
G2QUM5,G2QUM5_THITE,1.0,1,,,,,,,,,
G4UER2,G4UER2_NEUT9,1.0,,,1,,,,,,,
G4ML38,G4ML38_MAGO7,1.0,1,,,,,,,,,
G3UP08,G3UP08_MELGA,1.0,,1,,,,,,,,
G3J9F0,G3J9F0_CORMM,1.0,1,,,,,,,,,
G3IAI5,G3IAI5_CRIGR,1.0,1,,,,,,,,,
G3B2A8,G3B2A8_CANTC,1.0,1,,,,,,,,,
G3AL44,G3AL44_SPAPN,1.0,1,,,,,,,,,
G2XEE0,G2XEE0_VERDV,1.0,1,,,,,,,,,
G2Q9I2,G2Q9I2_THIHA,1.0,1,,,,,,,,,
G4ZQ21,G4ZQ21_PHYSP,1.0,1,,,,,,,,,
G1NJC6,G1NJC6_MELGA,1.0,,1,,,,,,,,
G0WG56,G0WG56_NAUDC,1.0,1,,,,,,,,,
G0VE82,G0VE82_NAUCC,1.0,1,,,,,,,,,
G0S7R5,G0S7R5_CHATD,1.0,1,,,,,,,,,
G0RMC9,G0RMC9_HYPJQ,1.0,1,,,,,,,,,
G0MGC1,G0MGC1_CAEBE,1.0,,,1,,,,,,,
F9XIR4,F9XIR4_ZYMTI,1.0,1,,,,,,,,,
F8WFD7,F8WFD7_HUMAN,1.0,,1,,,,,,,,
G4VDE3,G4VDE3_SCHMA,1.0,,,1,,,,,,,
G8BZC0,G8BZC0_TETPH,1.0,1,,,,,,,,,
F8MF55,F8MF55_NEUT8,1.0,1,,,,,,,,,
I1IDH7,I1IDH7_BRADI,1.0,1,,,,,,,,,
I7M6Z4,I7M6Z4_TETTS,1.0,1,,,,,,,,,
I7AEL9,I7AEL9_ENCRO,1.0,1,,,,,,,,,
I6UCW9,I6UCW9_ENCHA,1.0,1,,,,,,,,,
I4YC05,I4YC05_WALSC,1.0,1,,,,,,,,,
I3LGE3,I3LGE3_PIG,1.0,,1,,,,,,,,
I2GXA3,I2GXA3_TETBL,1.0,1,,,,,,,,,
I1MTX9,I1MTX9_SOYBN,1.0,1,,,,,,,,,
I1LZM7,I1LZM7_SOYBN,1.0,1,,,,,,,,,
I1FLC5,I1FLC5_AMPQE,1.0,1,,,,,,,,,
G8JR54,G8JR54_ERECY,1.0,1,,,,,,,,,
I0Z7F9,I0Z7F9_9CHLO,1.0,1,,,,,,,,,
H8WZV9,H8WZV9_CANO9,1.0,1,,,,,,,,,
H3FCP5,H3FCP5_PRIPA,1.0,,,1,,,,,,,
H3DPD5,H3DPD5_TETNG,1.0,,1,,,,,,,,
H2M426,H2M426_ORYLA,1.0,,1,,,,,,,,
H2ANI4,H2ANI4_KAZAF,1.0,1,,,,,,,,,
H1A0G1,H1A0G1_TAEGU,1.0,,1,,,,,,,,
G8ZY01,G8ZY01_TORDC,1.0,1,,,,,,,,,
F8NKS4,F8NKS4_SERL9,1.0,1,,,,,,,,,
F7VTU5,F7VTU5_SORMK,1.0,1,,,,,,,,,
J3K8T0,J3K8T0_COCIM,1.0,1,,,,,,,,,
C7P9Q6,C7P9Q6_METFA,1.0,,,,,,1,,,,
D4DFH7,D4DFH7_TRIVH,1.0,1,,,,,,,,,
D4ARU4,D4ARU4_ARTBC,1.0,1,,,,,,,,,
D2V0B8,D2V0B8_NAEGR,1.0,,,1,,,,,,,
C9S532,C9S532_VERA1,1.0,1,,,,,,,,,
C9RIH8,C9RIH8_METVM,1.0,,,,,,1,,,,
C9RIA1,C9RIA1_METVM,1.0,,,,,,1,,,,
C9RGB9,C9RGB9_METVM,1.0,,,,,,1,,,,
C7YU68,C7YU68_NECH7,1.0,1,,,,,,,,,
C7P8T0,C7P8T0_METFA,1.0,,,,,,1,,,,
D7G5A6,D7G5A6_ECTSI,1.0,,,,,,,1,,,
C7P7Y3,C7P7Y3_METFA,1.0,,,,,,1,,,,
C7P5K4,C7P5K4_METFA,1.0,,,,,,1,,,,
C7P1F9,C7P1F9_HALMD,1.0,,,,,,1,,,,
C7NZ81,C7NZ81_HALMD,1.0,,,,,,1,,,,
C7NUH7,C7NUH7_HALUD,1.0,,,,,,1,,,,
C6JS28,C6JS28_SORBI,1.0,,,,,,1,,,,
C6A4N8,C6A4N8_THESM,1.0,,,,,,1,,,,
C6A4A5,C6A4A5_THESM,1.0,,,,,,1,,,,
D5G3X1,D5G3X1_TUBMM,1.0,1,,,,,,,,,
D7LB22,D7LB22_ARALL,1.0,1,,,,,,,,,
F6UWN6,F6UWN6_XENTR,1.0,,1,,,,,,,,
E9E7Y2,E9E7Y2_METAQ,1.0,1,,,,,,,,,
F6QKN8,F6QKN8_MACMU,1.0,,1,,,,,,,,
F4R7Z3,F4R7Z3_MELLP,1.0,1,,,,,,,,,
W6Y697,W6Y697_COCCA,1.0,1,,,,,,,,,
F4P8T2,F4P8T2_BATDJ,1.0,,,1,,,,,,,
F4INF9,F4INF9_ARATH,1.0,1,,,,,,,,,
F0ZQA5,F0ZQA5_DICPU,1.0,1,,,,,,,,,
E9H6I5,E9H6I5_DAPPU,1.0,,,1,,,,,,,
E9FA70,E9FA70_METRA,1.0,1,,,,,,,,,
E6QYZ7,E6QYZ7_CRYGW,1.0,1,,,,,,,,,
D7T529,D7T529_VITVI,1.0,,,,,,,1,,,
E3S2S8,E3S2S8_PYRTT,1.0,1,,,,,,,,,
E3ML13,E3ML13_CAERE,1.0,,,1,,,,,,,
E3KB23,E3KB23_PUCGT,1.0,1,,,,,,,,,
E1Z644,E1Z644_CHLVA,1.0,1,,,,,,,,,
E1GNQ5,E1GNQ5_LOALO,1.0,1,,,,,,,,,
E1GF75,E1GF75_LOALO,1.0,1,,,,,,,,,
D8UCP6,D8UCP6_VOLCA,1.0,1,,,,,,,,,
D8PRU0,D8PRU0_SCHCM,1.0,1,,,,,,,,,
J3K864,J3K864_COCIM,1.0,1,,,,,,,,,
J3L0E9,J3L0E9_ORYBR,1.0,,,1,,,,,,,
Q384N2,Q384N2_TRYB2,1.0,,,,,,1,,,,
Q0W0D9,Q0W0D9_UNCMA,1.0,,,,,,1,,,,
Q16NY8,Q16NY8_AEDAE,1.0,,,,,,1,,,,
Q16LS4,Q16LS4_AEDAE,1.0,,,,,,1,,,,
Q16G49,Q16G49_AEDAE,1.0,,,,,,1,,,,
Q14566,MCM6_HUMAN,1.0,,,,,,1,,,,
Q12UN9,Q12UN9_METBU,1.0,,,,,,1,,,,
Q12TE3,Q12TE3_METBU,1.0,,,,,,1,,,,
Q0WVF5,MCM4_ARATH,1.0,,,,,,1,,,,
Q0W2N3,Q0W2N3_UNCMA,1.0,,,,,,1,,,,
Q0P5I4,Q0P5I4_BOVIN,1.0,,,,,,1,,,,
Q16ZI3,Q16ZI3_AEDAE,1.0,,,,,,1,,,,
Q0CAR6,Q0CAR6_ASPTN,1.0,,,,,,,1,,,
Q01GI0,Q01GI0_OSTTA,1.0,,,,,,1,,,,
Q01F26,Q01F26_OSTTA,1.0,,,,,,1,,,,
P97311,MCM6_MOUSE,1.0,,,,,,1,,,,
P97310,MCM2_MOUSE,1.0,,,,,,1,,,,
P53091,MCM6_YEAST,1.0,,,,,,1,,,,
P49736,MCM2_HUMAN,1.0,,,,,,1,,,,
P49735,MCM2_DROME,1.0,,,,,,1,,,,
Q16TZ0,Q16TZ0_AEDAE,1.0,,,,,,1,,,,
Q173T8,Q173T8_AEDAE,1.0,,,,,,1,,,,
P49717,MCM4_MOUSE,1.0,,,,,,1,,,,
Q2KHI9,MCM9_MOUSE,1.0,,,,,,1,,,,
Q383B6,Q383B6_TRYB2,1.0,,,,,,1,,,,
Q382V6,Q382V6_TRYB2,1.0,,,,,,1,,,,
Q380P7,Q380P7_ANOGA,1.0,,,,,,1,,,,
Q339J5,Q339J5_ORYSJ,1.0,,,,,,1,,,,
Q2R482,MCM2_ORYSJ,1.0,,,,,,1,,,,
Q2P9Q6,Q2P9Q6_THEKO,1.0,,,,,,1,,,,
Q2NHD8,Q2NHD8_METST,1.0,,,,,,1,,,,
Q2KIZ8,MCM6_BOVIN,1.0,,,,,,1,,,,
Q2FML6,Q2FML6_METHJ,1.0,,,,,,1,,,,
Q17DG5,Q17DG5_AEDAE,1.0,,,,,,1,,,,
Q29JI9,MCM6_DROPS,1.0,,,,,,1,,,,
Q28CM3,MCM6M_XENTR,1.0,,,,,,1,,,,
Q28BS0,MCM3Z_XENTR,1.0,,,,,,1,,,,
Q26454,MCM4_DROME,1.0,,,,,,1,,,,
Q24849,MCM3_ENTHI,1.0,,,,,,1,,,,
Q1PS21,Q1PS21_RAT,1.0,,,,,,1,,,,
Q18E84,Q18E84_HALWD,1.0,,,,,,1,,,,
Q17ML5,Q17ML5_AEDAE,1.0,,,,,,1,,,,
P49731,MCM6_SCHPO,1.0,,,,,,1,,,,
P43299,MCM7_ARATH,1.0,,,,,,1,,,,
J3LI10,J3LI10_ORYBR,1.0,1,,,,,,,,,
K7J409,K7J409_NASVI,1.0,1,,,,,,,,,
M2XST7,M2XST7_GALSU,1.0,1,,,,,,,,,
M2SYH7,M2SYH7_COCSN,1.0,1,,,,,,,,,
M2MBK2,M2MBK2_BAUCO,1.0,1,,,,,,,,,
L8Y6G1,L8Y6G1_TUPCH,1.0,1,,,,,,,,,
L8IDJ3,L8IDJ3_9CETA,1.0,1,,,,,,,,,
K9HZS1,K9HZS1_AGABB,1.0,1,,,,,,,,,
K8F706,K8F706_9CHLO,1.0,1,,,,,,,,,
K7V0A7,K7V0A7_MAIZE,1.0,1,,,,,,,,,
K6UX60,K6UX60_9APIC,1.0,1,,,,,,,,,
M5WGC6,M5WGC6_PRUPE,1.0,1,,,,,,,,,
K5XJD3,K5XJD3_AGABU,1.0,1,,,,,,,,,
K5WNR5,K5WNR5_PHACS,1.0,1,,,,,,,,,
K4CAX4,K4CAX4_SOLLC,1.0,1,,,,,,,,,
K3YQB3,K3YQB3_SETIT,1.0,1,,,,,,,,,
K3W4K9,K3W4K9_DANRE,1.0,,,,,,1,,,,
K3V557,K3V557_FUSPC,1.0,1,,,,,,,,,
K1WBM1,K1WBM1_MARBU,1.0,1,,,,,,,,,
J4CCC7,J4CCC7_THEOR,1.0,1,,,,,,,,,
M2ZS58,M2ZS58_PSEFD,1.0,1,,,,,,,,,
M7SJL9,M7SJL9_EUTLA,1.0,1,,,,,,,,,
P40377,MCM2_SCHPO,1.0,,,,,,1,,,,
P25206,MCM3_MOUSE,1.0,,,,,,1,,,,
P38132,MCM7_YEAST,1.0,,,,,,1,,,,
P34647,MCM6_CAEEL,1.0,,,,,,1,,,,
P33993,MCM7_HUMAN,1.0,,,,,,1,,,,
P33991,MCM4_HUMAN,1.0,,,,,,1,,,,
P30666,MCM3_SCHPO,1.0,,,,,,1,,,,
P30665,MCM4_YEAST,1.0,,,,,,1,,,,
P29469,MCM2_YEAST,1.0,,,,,,1,,,,
P29458,MCM4_SCHPO,1.0,,,,,,1,,,,
P25205,MCM3_HUMAN,1.0,,,,,,1,,,,
M7ZH12,M7ZH12_TRIUA,1.0,,,1,,,,,,,
P24279,MCM3_YEAST,1.0,,,,,,1,,,,
O75001,MCM7_SCHPO,1.0,,,,,,1,,,,
O58310,O58310_PYRHO,1.0,,,,,,1,,,,
O42723,O42723_EMEND,1.0,,,,,,1,,,,
O29733,O29733_ARCFU,1.0,,,,,,1,,,,
O27798,O27798_METTH,1.0,,,,,,1,,,,
O16297,O16297_CAEEL,1.0,,,,,,1,,,,
M8BVI1,M8BVI1_AEGTA,1.0,,,1,,,,,,,
A0A061GJP7,A0A061GJP7_THECC,1.0,1,,,,,,,,,
