,,,KOr74,GENETREEr79,OMAr2014,TREEFAMr9,ORTHODBv8,EggNOGv4,HOGENOMr6,HOVERGENr49,COGv2014,HumPhylomeDBv4
,,,K00311,ENSGT00390000010773,EKDIRVC,TF105687,EOG7WX07W,COG0644,HOG000259450,HBG005615,NA,Q16134
ACC,ENTRY_NAME,Db_count,,,,,,,,,,
Q16134,ETFD_HUMAN,9.0,1,1,1,1,1,1,1,1,,1
Q66I16,Q66I16_DANRE,9.0,1,1,1,1,1,1,1,1,,1
Q16134,ETFD_HUMAN,9.0,1,1,1,1,1,1,1,1,,1
Q921G7,ETFD_MOUSE,9.0,1,1,1,1,1,1,1,1,,1
Q2KIG0,ETFD_BOVIN,8.0,1,1,1,1,1,1,1,1,,
Q11190,ETFD_CAEEL,6.0,1,1,,,1,1,1,,,1
A7RNA5,A7RNA5_NEMVE,6.0,1,,1,,1,1,1,,,1
Q08822,ETFD_YEAST,6.0,1,1,1,,,1,1,,,1
Q66HF3,Q66HF3_RAT,6.0,1,1,1,1,1,,,1,,
O22854,ETFQO_ARATH,5.0,1,,1,,,1,1,,,1
F6PZ77,F6PZ77_HORSE,5.0,1,1,1,1,1,,,,,
F6QB99,F6QB99_CIOIN,5.0,1,1,1,1,1,,,,,
F6TD22,F6TD22_MACMU,5.0,1,1,1,1,1,,,,,
G1L6D0,G1L6D0_AILME,5.0,1,1,1,1,1,,,,,
G1R3L3,G1R3L3_NOMLE,5.0,1,1,1,1,1,,,,,
Q5F3D8,Q5F3D8_CHICK,5.0,1,,,,,1,1,1,,1
P87111,ETFD_SCHPO,5.0,1,,1,,,1,1,,,1
B3RXW8,B3RXW8_TRIAD,5.0,1,,1,,1,1,1,,,
Q7S640,Q7S640_NEUCR,5.0,1,,1,,,1,1,,,1
Q7JWF1,Q7JWF1_DROME,5.0,1,1,,,1,1,,,,1
Q7JWF1,Q7JWF1_DROME,5.0,1,1,,,1,1,,,,1
H2RB83,H2RB83_PANTR,5.0,1,1,1,1,1,,,,,
Q7Q6E7,Q7Q6E7_ANOGA,5.0,1,,,,1,1,1,,,1
A5VPG7,A5VPG7_BRUO2,4.0,1,,1,,,1,1,,,
A5WC46,A5WC46_PSYWF,4.0,1,,1,,,1,1,,,
Q3B624,Q3B624_PELLD,4.0,1,,1,,,1,1,,,
A5W0Z6,A5W0Z6_PSEP1,4.0,1,,1,,,1,1,,,
A8G1N2,A8G1N2_SHESH,4.0,1,,1,,,1,1,,,
Q3BP82,Q3BP82_XANC5,4.0,1,,1,,,1,1,,,
A6U775,A6U775_SINMW,4.0,1,,1,,,1,1,,,
Q3IGU1,Q3IGU1_PSEHT,4.0,1,,1,,,1,1,,,
Q3J5K9,Q3J5K9_RHOS4,4.0,1,,1,,,1,1,,,
Q3K8P9,Q3K8P9_PSEPF,4.0,1,,1,,,1,1,,,
Q3APM4,Q3APM4_CHLCH,4.0,1,,1,,,1,1,,,
A6V3E5,A6V3E5_PSEA7,4.0,1,,1,,,1,1,,,
Q1MJA8,Q1MJA8_RHIL3,4.0,1,,1,,,1,1,,,
Q2J166,Q2J166_RHOP2,4.0,1,,1,,,1,1,,,
A6VXK2,A6VXK2_MARMS,4.0,1,,1,,,1,1,,,
Q2YMW6,Q2YMW6_BRUA2,4.0,1,,1,,,1,1,,,
Q2SFA2,Q2SFA2_HAHCH,4.0,1,,1,,,1,1,,,
A6X2B6,A6X2B6_OCHA4,4.0,1,,1,,,1,1,,,
Q1QIJ4,Q1QIJ4_NITHX,4.0,1,,1,,,1,1,,,
A5IBC9,A5IBC9_LEGPC,4.0,1,,1,,,1,1,,,
A7ENJ4,A7ENJ4_SCLS1,4.0,1,,1,,,1,,,,1
A7HR09,A7HR09_PARL1,4.0,1,,1,,,1,1,,,
A7IHX4,A7IHX4_XANP2,4.0,1,,1,,,1,1,,,
Q21J70,Q21J70_SACD2,4.0,1,,1,,,1,1,,,
Q2KAM3,Q2KAM3_RHIEC,4.0,1,,1,,,1,1,,,
Q88F95,Q88F95_PSEPK,4.0,1,,1,,,1,1,,,
A3Q910,A3Q910_SHELP,4.0,1,,1,,,1,1,,,
Q4FQA4,Q4FQA4_PSYA2,4.0,1,,1,,,1,1,,,
B7V2Y8,B7V2Y8_PSEA8,4.0,1,,1,,,1,1,,,
Q54XM6,ETFD_DICDI,4.0,1,,1,,,1,,,,1
Q6GL88,Q6GL88_XENTR,4.0,1,,,,,1,1,1,,
Q6CBW8,Q6CBW8_YARLI,4.0,1,,1,,,,1,,,1
Q5ZW12,Q5ZW12_LEGPH,4.0,1,,1,,,1,1,,,
Q5X5T1,Q5X5T1_LEGPA,4.0,1,,1,,,1,1,,,
Q5WX59,Q5WX59_LEGPL,4.0,1,,1,,,1,1,,,
C7RCD4,C7RCD4_KANKD,4.0,1,,1,,,1,1,,,
A4SD48,A4SD48_PROVI,4.0,1,,1,,,1,1,,,
A4SM09,A4SM09_AERS4,4.0,1,,1,,,1,1,,,
Q5KP26,Q5KP26_CRYNJ,4.0,1,,1,,,,1,,,1
A4VMQ6,A4VMQ6_PSEU5,4.0,1,,1,,,1,1,,,
Q5B3A3,Q5B3A3_EMENI,4.0,1,,1,,,1,1,,,
A4WVE7,A4WVE7_RHOS5,4.0,1,,1,,,1,1,,,
Q57VN1,Q57VN1_TRYB2,4.0,1,,1,,,1,1,,,
A4XVU7,A4XVU7_PSEMY,4.0,1,,1,,,1,1,,,
A5EEC4,A5EEC4_BRASB,4.0,1,,1,,,1,1,,,
A4Y2D7,A4Y2D7_SHEPC,4.0,1,,1,,,1,1,,,
Q4ZUY5,Q4ZUY5_PSEU2,4.0,1,,1,,,1,1,,,
Q4UQM7,Q4UQM7_XANC8,4.0,1,,1,,,1,1,,,
Q4QIN2,Q4QIN2_LEIMA,4.0,1,,1,,,,1,,,1
B8E476,B8E476_SHEB2,4.0,1,,1,,,1,1,,,
Q4KFP5,Q4KFP5_PSEF5,4.0,1,,1,,,1,1,,,
A4YPQ1,A4YPQ1_BRASO,4.0,1,,1,,,1,1,,,
Q1IM34,Q1IM34_KORVE,4.0,1,,1,,,1,1,,,
B8CVE8,B8CVE8_SHEPW,4.0,1,,1,,,1,1,,,
B8IU43,B8IU43_METNO,4.0,1,,1,,,1,1,,,
B8BXN8,B8BXN8_THAPS,4.0,1,,,,,1,1,,,1
Q48K88,Q48K88_PSE14,4.0,1,,1,,,1,1,,,
Q47XW6,Q47XW6_COLP3,4.0,1,,1,,,1,1,,,
B7KPZ8,B7KPZ8_METC4,4.0,1,,1,,,1,1,,,
A6WI08,A6WI08_SHEB8,4.0,1,,1,,,1,1,,,
Q1I7J4,Q1I7J4_PSEE4,4.0,1,,1,,,1,1,,,
B4SEV3,B4SEV3_PELPB,4.0,1,,1,,,1,1,,,
B4S4K7,B4S4K7_PROA2,4.0,1,,1,,,1,1,,,
B2I943,B2I943_XYLF2,4.0,1,,1,,,1,1,,,
B2I2R5,B2I2R5_ACIBC,4.0,1,,1,,,1,1,,,
G1SRB1,G1SRB1_RABIT,4.0,,1,1,1,1,,,,,
G1PDD7,G1PDD7_MYOLU,4.0,,1,1,1,1,,,,,
B2FHG4,B2FHG4_STRMK,4.0,1,,1,,,1,1,,,
B1ZJU9,B1ZJU9_METPB,4.0,1,,1,,,1,1,,,
B0VLE5,B0VLE5_ACIBS,4.0,1,,1,,,1,1,,,
B4SSI1,B4SSI1_STRM5,4.0,1,,1,,,1,1,,,
F7I4G1,F7I4G1_CALJA,4.0,1,1,1,1,,,,,,
F6V7P2,F6V7P2_CANFA,4.0,1,1,1,1,,,,,,
B1KP12,B1KP12_SHEWM,4.0,1,,1,,,1,1,,,
F6QXS1,F6QXS1_MONDO,4.0,,1,1,1,1,,,,,
B1JAX1,B1JAX1_PSEPW,4.0,1,,1,,,1,1,,,
B4R9A1,B4R9A1_PHEZH,4.0,1,,1,,,1,1,,,
I3M531,I3M531_SPETR,4.0,,1,1,1,1,,,,,
B2SAA6,B2SAA6_BRUA1,4.0,1,,1,,,1,1,,,
B2SPH8,B2SPH8_XANOP,4.0,1,,1,,,1,1,,,
H2YR04,H2YR04_CIOSA,4.0,,1,1,1,1,,,,,
H2UWL6,H2UWL6_TAKRU,4.0,,1,1,1,1,,,,,
H2PEM5,H2PEM5_PONAB,4.0,,1,1,1,1,,,,,
H2N101,H2N101_ORYLA,4.0,1,1,1,1,,,,,,
G3TD93,G3TD93_LOXAF,4.0,,1,1,1,1,,,,,
B3EG79,B3EG79_CHLL2,4.0,1,,1,,,1,1,,,
G3WJD4,G3WJD4_SARHA,4.0,,1,1,1,1,,,,,
H0Z5G3,H0Z5G3_TAEGU,4.0,,1,1,1,1,,,,,
H0WMI9,H0WMI9_OTOGA,4.0,,1,1,1,1,,,,,
H0V3F8,H0V3F8_CAVPO,4.0,,1,1,1,1,,,,,
B3EN10,B3EN10_CHLPB,4.0,1,,1,,,1,1,,,
B3PLI8,B3PLI8_CELJU,4.0,1,,1,,,1,1,,,
B3QHL1,B3QHL1_RHOPT,4.0,1,,1,,,1,1,,,
B0VZ76,B0VZ76_CULQU,4.0,1,,,,1,1,1,,,
B0VEB0,B0VEB0_ACIBY,4.0,1,,1,,,1,1,,,
Q1H3E4,Q1H3E4_METFK,4.0,1,,1,,,1,1,,,
B7H0X5,B7H0X5_ACIB3,4.0,1,,1,,,1,1,,,
A9KX70,A9KX70_SHEB9,4.0,1,,1,,,1,1,,,
A9KE62,A9KE62_COXBN,4.0,1,,1,,,1,1,,,
A9CJL8,A9CJL8_AGRT5,4.0,1,,1,,,1,1,,,
Q0VQK0,Q0VQK0_ALCBS,4.0,1,,1,,,1,1,,,
Q11JW7,Q11JW7_CHESB,4.0,1,,1,,,1,1,,,
Q12T29,Q12T29_SHEDO,4.0,1,,1,,,1,1,,,
A8XW61,A8XW61_CAEBR,4.0,1,,,,1,1,1,,,
B0U665,B0U665_XYLFM,4.0,1,,1,,,1,1,,,
B7I4A4,B7I4A4_ACIB5,4.0,1,,1,,,1,1,,,
Q13BU0,Q13BU0_RHOPS,4.0,1,,1,,,1,1,,,
Q15TX3,Q15TX3_PSEA6,4.0,1,,1,,,1,1,,,
B9JC17,B9JC17_AGRRK,4.0,1,,1,,,1,1,,,
Q171U3,Q171U3_AEDAE,4.0,1,,,,1,1,1,,,
Q1GKV4,Q1GKV4_RUEST,4.0,1,,1,,,1,1,,,
B6JF00,B6JF00_OLICO,4.0,1,,1,,,1,1,,,
A9M9P8,A9M9P8_BRUC2,4.0,1,,1,,,1,1,,,
B6IZZ0,B6IZZ0_COXB2,4.0,1,,1,,,1,1,,,
A9NDK1,A9NDK1_COXBR,4.0,1,,1,,,1,1,,,
Q0HQ76,Q0HQ76_SHESR,4.0,1,,1,,,1,1,,,
Q0HNL5,Q0HNL5_SHESM,4.0,1,,1,,,1,1,,,
Q0C0Y3,Q0C0Y3_HYPNA,4.0,1,,1,,,1,1,,,
A9UTN1,A9UTN1_MONBE,4.0,1,,1,,,1,,,,1
A9VY62,A9VY62_METEP,4.0,1,,1,,,1,1,,,
Q0AMK7,Q0AMK7_MARMM,4.0,1,,1,,,1,1,,,
Q089X1,Q089X1_SHEFN,4.0,1,,1,,,1,1,,,
Q02PB6,Q02PB6_PSEAB,4.0,1,,1,,,1,1,,,
P94132,ETFD_ACIAD,4.0,1,,1,,,1,1,,,
F1RW89,F1RW89_PIG,4.0,,1,1,1,1,,,,,
B0CKV0,B0CKV0_BRUSI,4.0,1,,1,,,1,1,,,
B6H405,B6H405_PENCW,4.0,1,,1,,,1,1,,,
B0KNY6,B0KNY6_PSEPG,4.0,1,,1,,,1,1,,,
A3PGS4,A3PGS4_RHOS1,4.0,1,,1,,,1,1,,,
B3QUN7,B3QUN7_CHLT3,4.0,1,,1,,,1,1,,,
A1REJ8,A1REJ8_SHESW,4.0,1,,1,,,1,1,,,
C1DRJ3,C1DRJ3_AZOVD,4.0,1,,1,,,1,1,,,
B9JU64,B9JU64_AGRVS,4.0,1,,1,,,1,1,,,
C6WYT4,C6WYT4_METML,4.0,1,,1,,,1,1,,,
B9KLF7,B9KLF7_RHOSK,4.0,1,,1,,,1,1,,,
A1UTL1,A1UTL1_BARBK,4.0,1,,1,,,1,1,,,
C7CLL5,C7CLL5_METED,4.0,1,,1,,,1,1,,,
C6XGJ4,C6XGJ4_LIBAP,4.0,1,,1,,,1,1,,,
Q9HZP5,ETFD_PSEAE,4.0,1,,1,,,1,1,,,
A3CZA3,A3CZA3_SHEB5,4.0,1,,1,,,1,1,,,
C0RHW7,C0RHW7_BRUMB,4.0,1,,1,,,1,1,,,
C6ADG6,C6ADG6_BARGA,4.0,1,,1,,,1,1,,,
A0LDX9,A0LDX9_MAGSM,4.0,1,,1,,,1,1,,,
C5WVE6,C5WVE6_SORBI,4.0,1,,1,,,1,1,,,
C0QAX2,C0QAX2_DESAH,4.0,1,,1,,,1,1,,,
A1U0N8,A1U0N8_MARHV,4.0,1,,1,,,1,1,,,
C5AQZ8,C5AQZ8_METEA,4.0,1,,1,,,1,1,,,
C7LAT4,C7LAT4_BRUMC,4.0,1,,1,,,1,1,,,
A1SBG9,A1SBG9_SHEAM,4.0,1,,1,,,1,1,,,
C5BJC8,C5BJC8_TERTT,4.0,1,,1,,,1,1,,,
C6XRD4,C6XRD4_HIRBI,4.0,1,,1,,,1,1,,,
Q8YG42,Q8YG42_BRUME,4.0,1,,1,,,1,1,,,
A0KJQ5,A0KJQ5_AERHH,4.0,1,,1,,,1,1,,,
A0KRU7,A0KRU7_SHESA,4.0,1,,1,,,1,1,,,
C6S5K1,C6S5K1_NEIML,3.0,1,,,,,1,1,,,
A1K9W9,A1K9W9_AZOSB,3.0,1,,,,,1,1,,,
D5AMY9,D5AMY9_RHOCB,3.0,1,,1,,,,1,,,
C5DFZ6,C5DFZ6_LACTC,3.0,1,,,,,1,1,,,
B6IW72,B6IW72_RHOCS,3.0,1,,,,,1,1,,,
D4ZF55,D4ZF55_SHEVD,3.0,1,,1,,,,1,,,
Q8PCT2,Q8PCT2_XANCP,3.0,1,,1,,,,1,,,
Q0B3F4,Q0B3F4_BURCM,3.0,1,,,,,1,1,,,
C5DV95,C5DV95_ZYGRC,3.0,1,,,,,1,1,,,
D5V9V9,D5V9V9_MORCR,3.0,1,,1,,,,1,,,
D5VJ27,D5VJ27_CAUST,3.0,1,,1,,,,1,,,
Q39H64,Q39H64_BURL3,3.0,1,,,,,1,1,,,
A1WX47,A1WX47_HALHL,3.0,1,,,,,1,1,,,
Q2VYT4,Q2VYT4_MAGSA,3.0,1,,,,,1,1,,,
Q2UL53,Q2UL53_ASPOR,3.0,1,,1,,,,1,,,
Q0BG19,Q0BG19_BURCM,3.0,1,,,,,1,1,,,
Q2SVC1,Q2SVC1_BURTA,3.0,1,,,,,1,1,,,
A1WPY1,A1WPY1_VEREI,3.0,1,,,,,1,1,,,
A1W7A5,A1W7A5_ACISJ,3.0,1,,,,,1,1,,,
Q2RXS5,Q2RXS5_RHORT,3.0,1,,,,,1,1,,,
A1K7G3,A1K7G3_AZOSB,3.0,1,,,,,1,1,,,
D3HRH4,D3HRH4_LEGLN,3.0,1,,1,,,,1,,,
Q39NP7,Q39NP7_BURL3,3.0,1,,,,,1,1,,,
Q07I89,Q07I89_RHOP5,3.0,1,,,,,1,1,,,
B5QXW2,B5QXW2_SALEP,3.0,,,1,,,1,1,,,
M3X3F8,M3X3F8_FELCA,3.0,,1,1,,1,,,,,
M3Z333,M3Z333_MUSPF,3.0,,1,1,,1,,,,,
M3ZIZ0,M3ZIZ0_XIPMA,3.0,1,1,,,1,,,,,
B5R846,B5R846_SALG2,3.0,,,1,,,1,1,,,
A5FXE1,A5FXE1_ACICJ,3.0,1,,,,,1,1,,,
B0U821,B0U821_METS4,3.0,1,,,,,1,1,,,
B0TTY4,B0TTY4_SHEHH,3.0,1,,,,,1,1,,,
D0IWX0,D0IWX0_COMT2,3.0,1,,,,,1,1,,,
B7PRC8,B7PRC8_IXOSC,3.0,1,,,,1,1,,,,
B0T7V7,B0T7V7_CAUSK,3.0,1,,,,,1,1,,,
Q3SPE3,Q3SPE3_NITWN,3.0,1,,,,,1,1,,,
B0RVK1,B0RVK1_XANCB,3.0,1,,1,,,1,,,,
B5ZVH7,B5ZVH7_RHILW,3.0,1,,,,,1,1,,,
D0M927,D0M927_VIBSE,3.0,1,,1,,,,1,,,
A1AZ45,A1AZ45_PARDP,3.0,1,,,,,1,1,,,
Q3JT33,Q3JT33_BURP1,3.0,1,,,,,1,1,,,
D0MVG3,D0MVG3_PHYIT,3.0,1,,1,,,,1,,,
C5CRV6,C5CRV6_VARPS,3.0,1,,,,,1,1,,,
P55931,ETFD_PIG,3.0,,,,,,1,1,1,,
A5VDS7,A5VDS7_SPHWW,3.0,1,,,,,1,1,,,
F1NY29,F1NY29_CHICK,3.0,,1,,1,1,,,,,
Q985E7,Q985E7_RHILO,3.0,1,,1,,,,1,,,
A1CKB3,A1CKB3_ASPCL,3.0,1,,1,,,,1,,,
D3F956,D3F956_CONWI,3.0,1,,1,,,,1,,,
A1D757,A1D757_NEOFI,3.0,1,,1,,,,1,,,
A6SY21,A6SY21_JANMA,3.0,1,,,,,1,1,,,
A1VSF3,A1VSF3_POLNA,3.0,1,,,,,1,1,,,
Q2P7J3,Q2P7J3_XANOM,3.0,1,,1,,,1,,,,
Q2RUS7,Q2RUS7_RHORT,3.0,1,,,,,1,1,,,
Q0BUR4,Q0BUR4_GRABC,3.0,1,,,,,1,1,,,
Q21QU7,Q21QU7_RHOFT,3.0,1,,,,,1,1,,,
A1V3T1,A1V3T1_BURMS,3.0,1,,,,,1,1,,,
E1V4J0,E1V4J0_HALED,3.0,1,,1,,,,1,,,
Q20YA5,Q20YA5_RHOPB,3.0,1,,,,,1,1,,,
E6WW66,E6WW66_PSEUU,3.0,1,,1,,,,1,,,
A8H4K5,A8H4K5_SHEPA,3.0,1,,,,,1,1,,,
A8HA44,A8HA44_SHEPA,3.0,1,,,,,1,1,,,
Q1QX43,Q1QX43_CHRSD,3.0,1,,,,,1,1,,,
Q11ZY8,Q11ZY8_POLSJ,3.0,1,,,,,1,1,,,
A8IEI3,A8IEI3_AZOC5,3.0,1,,,,,1,1,,,
Q12CB4,Q12CB4_POLSJ,3.0,1,,,,,1,1,,,
Q1Q8H5,Q1Q8H5_PSYCK,3.0,1,,,,,1,1,,,
C6ATB0,C6ATB0_RHILS,3.0,1,,,,,1,1,,,
Q1LP94,Q1LP94_RALME,3.0,1,,,,,1,1,,,
E3F1B3,E3F1B3_KETVY,3.0,1,,1,,,,1,,,
C6BJ16,C6BJ16_RALP1,3.0,1,,,,,1,1,,,
E3I8E5,E3I8E5_RHOVT,3.0,1,,1,,,,1,,,
C1D4S9,C1D4S9_LARHH,3.0,1,,,,,1,1,,,
A8LL59,A8LL59_DINSH,3.0,1,,,,,1,1,,,
A1TRW5,A1TRW5_ACIAC,3.0,1,,,,,1,1,,,
Q1GTX1,Q1GTX1_SPHAL,3.0,1,,1,,,,1,,,
Q13K21,Q13K21_BURXL,3.0,1,,,,,1,1,,,
Q13RL0,Q13RL0_BURXL,3.0,1,,,,,1,1,,,
Q1BWW7,Q1BWW7_BURCA,3.0,1,,,,,1,1,,,
Q1BV96,Q1BV96_BURCA,3.0,1,,,,,1,1,,,
C1DSJ8,C1DSJ8_AZOVD,3.0,1,,,,,1,1,,,
E4QJZ4,E4QJZ4_METS6,3.0,1,,1,,,,1,,,
E4T096,E4T096_PALPW,3.0,1,,1,,,,1,,,
Q163E7,Q163E7_ROSDO,3.0,1,,,,,1,1,,,
Q21U24,Q21U24_RHOFT,3.0,1,,,,,1,1,,,
Q21W62,Q21W62_RHOFT,3.0,1,,,,,1,1,,,
E1SQE2,E1SQE2_FERBD,3.0,1,,1,,,,1,,,
C3M8P1,C3M8P1_RHISN,3.0,1,,,,,1,1,,,
A1KSJ0,A1KSJ0_NEIMF,3.0,1,,,,,1,1,,,
Q472Q0,Q472Q0_CUPPJ,3.0,1,,,,,1,1,,,
D6Z626,D6Z626_DESAT,3.0,1,,1,,,,1,,,
A1VQQ3,A1VQQ3_POLNA,3.0,1,,,,,1,1,,,
D7A4Q7,D7A4Q7_STAND,3.0,1,,1,,,,1,,,
C3MEE0,C3MEE0_RHISN,3.0,1,,,,,1,1,,,
B6J7F0,B6J7F0_COXB1,3.0,1,,,,,1,1,,,
Q2NA13,Q2NA13_ERYLH,3.0,1,,,,,1,1,,,
Q2KY29,Q2KY29_BORA1,3.0,1,,,,,1,1,,,
A9MSP8,A9MSP8_SALPB,3.0,,,1,,,1,1,,,
Q0KC07,Q0KC07_CUPNH,3.0,1,,,,,1,1,,,
A7K3C5,A7K3C5_VIBSE,3.0,1,,,,,1,1,,,
A9MMV3,A9MMV3_SALAR,3.0,,,1,,,1,1,,,
A7N490,A7N490_VIBCB,3.0,1,,,,,1,1,,,
A8DWJ2,A8DWJ2_NEMVE,3.0,,,,,1,1,1,,,
D8JUN7,D8JUN7_HYPDA,3.0,1,,1,,,,1,,,
A9M2C2,A9M2C2_NEIM0,3.0,1,,,,,1,1,,,
A9IXC4,A9IXC4_BART1,3.0,1,,1,,,1,,,,
A9IIM7,A9IIM7_BORPD,3.0,1,,,,,1,1,,,
A9HEE4,A9HEE4_GLUDA,3.0,1,,,,,1,1,,,
C3K0K7,C3K0K7_PSEFS,3.0,1,,1,,,1,,,,
A9BWV6,A9BWV6_DELAS,3.0,1,,,,,1,1,,,
E8TMM2,E8TMM2_MESCW,3.0,1,,1,,,,1,,,
Q2G7F2,Q2G7F2_NOVAD,3.0,1,,,,,1,1,,,
Q28Z03,Q28Z03_DROPS,3.0,1,,1,,1,,,,,
Q28V61,Q28V61_JANSC,3.0,1,,,,,1,1,,,
E0VBI1,E0VBI1_PEDHC,3.0,1,,1,,1,,,,,
A9ABG8,A9ABG8_BURM1,3.0,1,,,,,1,1,,,
B9WHC3,B9WHC3_CANDC,3.0,1,,,,,1,1,,,
B0TMA4,B0TMA4_SHEHH,3.0,1,,,,,1,1,,,
B4T0C0,B4T0C0_SALNS,3.0,,,1,,,1,1,,,
C4QXB5,C4QXB5_PICPG,3.0,1,,,,,1,1,,,
A3LZC1,A3LZC1_PICST,3.0,1,,1,,,,1,,,
B2JK26,B2JK26_BURP8,3.0,1,,,,,1,1,,,
A4G628,A4G628_HERAR,3.0,1,,,,,1,1,,,
I3IY84,I3IY84_ORENI,3.0,,,1,1,1,,,,,
B4RND3,B4RND3_NEIG2,3.0,1,,,,,1,1,,,
C7RVF4,C7RVF4_ACCPU,3.0,1,,,,,1,1,,,
B2ID63,B2ID63_BEII9,3.0,1,,,,,1,1,,,
Q5QW36,Q5QW36_IDILO,3.0,1,,1,,,,1,,,
B2ICV6,B2ICV6_BEII9,3.0,1,,,,,1,1,,,
C7JG90,C7JG90_ACEP3,3.0,1,,,,,1,1,,,
Q5NZ74,Q5NZ74_AROAE,3.0,1,,,,,1,1,,,
Q5NNA2,Q5NNA2_ZYMMO,3.0,1,,1,,,,1,,,
A4SX28,A4SX28_POLSQ,3.0,1,,,,,1,1,,,
C3XW60,C3XW60_BRAFL,3.0,1,,,,,1,,,,1
C4ZJM9,C4ZJM9_THASP,3.0,1,,,,,1,1,,,
G1MST4,G1MST4_MELGA,3.0,,1,,1,1,,,,,
G1KSQ8,G1KSQ8_ANOCA,3.0,,1,,1,1,,,,,
A3N8R1,A3N8R1_BURP6,3.0,1,,,,,1,1,,,
Q5F6Z3,Q5F6Z3_NEIG1,3.0,1,,,,,1,1,,,
B3MF34,B3MF34_DROAN,3.0,1,,,,1,1,,,,
B1Z5C9,B1Z5C9_BURA4,3.0,1,,,,,1,1,,,
B2UGK7,B2UGK7_RALPJ,3.0,1,,,,,1,1,,,
B1YP00,B1YP00_BURA4,3.0,1,,,,,1,1,,,
C4KWI4,C4KWI4_BURPE,3.0,1,,,,,1,1,,,
B4NX17,B4NX17_DROYA,3.0,1,,,,1,1,,,,
B4TCV7,B4TCV7_SALHS,3.0,,,1,,,1,1,,,
A0KCU4,A0KCU4_BURCH,3.0,1,,,,,1,1,,,
Q758Z0,Q758Z0_ASHGO,3.0,1,,1,,,,1,,,
Q6UPE1,ETFD_RAT,3.0,,,,,,1,1,1,,
A4HT84,A4HT84_LEIIN,3.0,1,,1,,,1,,,,
Q6PF96,Q6PF96_MOUSE,3.0,,1,,,,,1,1,,
Q6NAZ3,Q6NAZ3_RHOPA,3.0,1,,1,,,,1,,,
B4KLR2,B4KLR2_DROMO,3.0,1,,1,,1,,,,,
B4LP44,B4LP44_DROVI,3.0,1,,,,1,1,,,,
Q7MDL0,Q7MDL0_VIBVY,3.0,1,,,,,1,1,,,
B8H508,B8H508_CAUCN,3.0,1,,,,,1,1,,,
A4JDT1,A4JDT1_BURVG,3.0,1,,,,,1,1,,,
B4J5N0,B4J5N0_DROGR,3.0,1,,,,1,1,,,,
G3S2H8,G3S2H8_GORGO,3.0,1,1,,,1,,,,,
A4JMN7,A4JMN7_BURVG,3.0,1,,,,,1,1,,,
A0K6T6,A0K6T6_BURCH,3.0,1,,,,,1,1,,,
Q6G2H5,Q6G2H5_BARHE,3.0,1,,1,,,,1,,,
Q6FZ24,Q6FZ24_BARQU,3.0,1,,1,,,,1,,,
B4MRI8,B4MRI8_DROWI,3.0,1,,,,1,1,,,,
B2SZH1,B2SZH1_BURPP,3.0,1,,,,,1,1,,,
G3S6S0,G3S6S0_GORGO,3.0,,1,1,1,,,,,,
Q6F7M6,Q6F7M6_ACIAD,3.0,1,,,,,1,1,,,
Q6CTG0,Q6CTG0_KLULA,3.0,1,,1,,,,1,,,
A3MJR8,A3MJR8_BURM7,3.0,1,,,,,1,1,,,
Q6BPP6,Q6BPP6_DEBHA,3.0,1,,1,,,,1,,,
B8N1X1,B8N1X1_ASPFN,3.0,1,,1,,,,1,,,
G3PWD3,G3PWD3_GASAC,3.0,,1,,1,1,,,,,
B4E7H3,B4E7H3_BURCJ,3.0,1,,,,,1,1,,,
A2SFR6,A2SFR6_METPP,3.0,1,,,,,1,1,,,
C5A8B9,C5A8B9_BURGB,3.0,1,,,,,1,1,,,
B3PU80,B3PU80_RHIE6,3.0,1,,,,,1,1,,,
B1M0D4,B1M0D4_METRJ,3.0,1,,,,,1,1,,,
A3NUG5,A3NUG5_BURP0,3.0,1,,,,,1,1,,,
F6RD81,F6RD81_XENTR,3.0,,1,1,1,,,,,,
B4TR03,B4TR03_SALSV,3.0,,,1,,,1,1,,,
Q8E940,Q8E940_SHEON,3.0,1,,1,,,,1,,,
W5P1M1,W5P1M1_SHEEP,3.0,1,1,1,,,,,,,
Q4FL84,Q4FL84_PELUB,3.0,1,,1,,,,1,,,
Q87H10,Q87H10_VIBPA,3.0,1,,1,,,,1,,,
B9MJ70,B9MJ70_ACIET,3.0,1,,,,,1,1,,,
B5FPC6,B5FPC6_SALDC,3.0,,,1,,,1,1,,,
A2S2Q2,A2S2Q2_BURM9,3.0,1,,,,,1,1,,,
Q8PGP1,Q8PGP1_XANAC,3.0,1,,1,,,,1,,,
B3R4H6,B3R4H6_CUPTR,3.0,1,,,,,1,1,,,
C8WFL3,C8WFL3_ZYMMN,3.0,1,,,,,1,1,,,
B9MY62,B9MY62_POPTR,3.0,1,,1,,,,1,,,
F7BWU7,F7BWU7_ORNAN,3.0,,1,1,1,,,,,,
K7G585,K7G585_PELSI,3.0,,1,1,1,,,,,,
Q92R77,Q92R77_RHIME,3.0,1,,1,,,,1,,,
Q8G1T3,Q8G1T3_BRUSU,3.0,1,,1,,,,1,,,
B1K078,B1K078_BURCC,3.0,1,,,,,1,1,,,
Q83CJ5,Q83CJ5_COXBU,3.0,1,,1,,,,1,,,
Q57EB9,Q57EB9_BRUAB,3.0,1,,1,,,,1,,,
B4EP03,B4EP03_BURCJ,3.0,1,,,,,1,1,,,
B1Y237,B1Y237_LEPCP,3.0,1,,,,,1,1,,,
C6X730,C6X730_METGS,3.0,1,,1,,,1,,,,
B1XV19,B1XV19_POLNS,3.0,1,,,,,1,1,,,
Q47JJ4,Q47JJ4_DECAR,3.0,1,,,,,1,1,,,
Q8ZQL6,Q8ZQL6_SALTY,3.0,1,,1,,,,1,,,
B3PNX4,B3PNX4_RHIE6,3.0,,,1,,,1,1,,,
Q47EP9,Q47EP9_DECAR,3.0,1,,,,,1,1,,,
B1Y6V5,B1Y6V5_LEPCP,3.0,1,,,,,1,1,,,
Q87DY0,Q87DY0_XYLFT,3.0,1,,1,,,1,,,,
Q59YK5,Q59YK5_CANAL,3.0,1,,,,,1,,,,1
B1KCD3,B1KCD3_BURCC,3.0,1,,,,,1,1,,,
B8EJL4,B8EJL4_METSB,3.0,1,,,,,1,1,,,
B1Y4M2,B1Y4M2_LEPCP,3.0,1,,,,,1,1,,,
H3D678,H3D678_TETNG,2.0,,1,,,1,,,,,
C1DSA3,C1DSA3_AZOVD,2.0,,,,,,1,1,,,
H3C3N5,H3C3N5_TETNG,2.0,,1,,1,,,,,,
R1DQC5,R1DQC5_EMIHU,2.0,1,,1,,,,,,,
B7G8C3,B7G8C3_PHATC,2.0,1,,,,,,1,,,
R7SUK3,R7SUK3_DICSQ,2.0,1,,1,,,,,,,
B3N6T6,B3N6T6_DROER,2.0,1,,,,1,,,,,
Q13WE8,Q13WE8_BURXL,2.0,1,,,,,,1,,,
E4ZER9,E4ZER9_NEIL0,2.0,1,,,,,,1,,,
W5MN83,W5MN83_LEPOC,2.0,,1,1,,,,,,,
B4DEQ0,B4DEQ0_HUMAN,2.0,1,,,,,,,1,,
H2N0Z8,H2N0Z8_ORYLA,2.0,,1,,,1,,,,,
R7SD19,R7SD19_CONPW,2.0,1,,1,,,,,,,
E5AQ54,E5AQ54_BURRH,2.0,1,,,,,,1,,,
E6VE96,E6VE96_RHOPX,2.0,1,,,,,,1,,,
G8PSM6,G8PSM6_PSEUV,2.0,1,,1,,,,,,,
E5T1L7,E5T1L7_TRISP,2.0,1,,1,,,,,,,
H2FUW7,H2FUW7_OCESG,2.0,1,,1,,,,,,,
E6UWZ6,E6UWZ6_VARPE,2.0,1,,,,,,1,,,
B4GIF7,B4GIF7_DROPE,2.0,1,,,,1,,,,,
B4HMA2,B4HMA2_DROSE,2.0,1,,,,1,,,,,
E6RK03,E6RK03_PSEU9,2.0,1,,,,,,1,,,
U3JK69,U3JK69_FICAL,2.0,,1,1,,,,,,,
B4QHT9,B4QHT9_DROSI,2.0,1,,,,1,,,,,
A9ATI5,A9ATI5_BURM1,2.0,1,,,,,,1,,,
T1EFC2,T1EFC2_HELRO,2.0,1,,1,,,,,,,
F0ZHG0,F0ZHG0_DICPU,2.0,1,,1,,,,,,,
K4DDN6,K4DDN6_SOLLC,2.0,1,,1,,,,,,,
P77337,YDIS_ECOLI,2.0,,,,,,1,,,,1
P77337,YDIS_ECOLI,2.0,,,,,,1,,,,1
K7G544,K7G544_PELSI,2.0,,1,,,1,,,,,
P68644,FIXC_ECOLI,2.0,,,,,,1,,,,1
P68644,FIXC_ECOLI,2.0,,,,,,1,,,,1
F8DUD2,F8DUD2_ZYMMA,2.0,1,,1,,,,,,,
F2IZ48,F2IZ48_POLGS,2.0,1,,1,,,,,,,
F2JTK9,F2JTK9_MARM1,2.0,1,,1,,,,,,,
B6A5I5,B6A5I5_RHILW,2.0,,,,,,1,1,,,
A1IQI4,A1IQI4_NEIMA,2.0,1,,,,,,1,,,
F7IEZ3,F7IEZ3_CALJA,2.0,,1,,,1,,,,,
F4DD03,F4DD03_AERVB,2.0,1,,1,,,,,,,
F4DPI3,F4DPI3_PSEMN,2.0,1,,1,,,,,,,
L1JFR6,L1JFR6_GUITH,2.0,1,,1,,,,,,,
B0R533,B0R533_HALS3,2.0,1,,,,,1,,,,
F7BWV5,F7BWV5_ORNAN,2.0,,1,,,1,,,,,
F6RM56,F6RM56_XENTR,2.0,,1,,,1,,,,,
F6AH55,F6AH55_PSEF1,2.0,1,,1,,,,,,,
U3KM78,U3KM78_RABIT,2.0,1,1,,,,,,,,
M1VI01,M1VI01_CYAME,2.0,1,,1,,,,,,,
Q02CV7,Q02CV7_SOLUE,2.0,1,,,,,1,,,,
F0L8N5,F0L8N5_AGRSH,2.0,1,,1,,,,,,,
E6YGG9,E6YGG9_BARC7,2.0,,,1,,,,1,,,
C4XQM8,C4XQM8_DESMR,2.0,1,,,,,1,,,,
Q0UIG6,Q0UIG6_PHANO,2.0,1,,,,,,,,,1
E8RTE0,E8RTE0_ASTEC,2.0,1,,,,,,1,,,
E8TVY8,E8TVY8_ALIDB,2.0,1,,,,,,1,,,
H8L0A8,H8L0A8_FRAAD,2.0,1,,1,,,,,,,
E8UCC2,E8UCC2_TAYEM,2.0,1,,,,,,1,,,
H9JIR9,H9JIR9_BOMMO,2.0,1,,,,1,,,,,
E9AL72,E9AL72_LEIMU,2.0,1,,,,,,1,,,
I0DW74,I0DW74_PROSM,2.0,1,,1,,,,,,,
G3ANH8,G3ANH8_SPAPN,2.0,1,,1,,,,,,,
E9B959,E9B959_LEIDB,2.0,1,,,,,,1,,,
B4QHT8,B4QHT8_DROSI,2.0,1,,,,1,,,,,
F0KLF6,F0KLF6_ACICP,2.0,1,,1,,,,,,,
U3J3V1,U3J3V1_ANAPL,2.0,,1,1,,,,,,,
B2JS14,B2JS14_BURP8,2.0,,,,,,1,1,,,
C5P9W4,C5P9W4_COCP7,2.0,1,,,,,1,,,,
Q0CP43,Q0CP43_ASPTN,2.0,,,1,,,,1,,,
A9RFP2,A9RFP2_PHYPA,2.0,1,,,,,,,,,1
V4CDQ3,V4CDQ3_LOTGI,2.0,1,,1,,,,,,,
C4YR82,C4YR82_CANAW,2.0,,,1,,,,1,,,
B1ZZ89,B1ZZ89_OPITP,2.0,1,,,,,1,,,,
J9JTH9,J9JTH9_ACYPI,2.0,1,,,,1,,,,,
K0CYL0,K0CYL0_ALTMS,2.0,1,,1,,,,,,,
E4UDC8,E4UDC8_LIBSC,2.0,1,,,,,,1,,,
E3HTG8,E3HTG8_ACHXA,2.0,1,,,,,,1,,,
Q18FP2,Q18FP2_HALWD,2.0,1,,,,,1,,,,
Q3INX7,Q3INX7_NATPD,2.0,1,,,,,1,,,,
Q4WXN2,Q4WXN2_ASPFU,2.0,1,,,,,,1,,,
Q4S3Z0,Q4S3Z0_TETNG,2.0,,,,,,1,,1,,
B8BHV8,B8BHV8_ORYSI,2.0,,,,,,1,1,,,
Q18G84,Q18G84_HALWD,2.0,1,,,,,1,,,,
A5E276,A5E276_LODEL,2.0,1,,1,,,,,,,
C0P4G8,C0P4G8_MAIZE,2.0,1,,,,,,1,,,
Q46904,YGCN_ECOLI,2.0,,,,,,1,,,,1
Q46904,YGCN_ECOLI,2.0,,,,,,1,,,,1
C9X0Y9,C9X0Y9_NEIM8,2.0,1,,,,,,1,,,
C0PX47,C0PX47_SALPC,2.0,,,,,,1,1,,,
Q97V59,Q97V59_SULSO,2.0,,,,,,1,,,,1
Q3IQJ2,Q3IQJ2_NATPD,2.0,1,,,,,1,,,,
Q3IND0,Q3IND0_NATPD,2.0,1,,,,,1,,,,
A7HEF2,A7HEF2_ANADF,2.0,1,,,,,1,,,,
Q97V59,Q97V59_SULSO,2.0,,,,,,1,,,,1
C6UMY5,C6UMY5_HODCD,2.0,1,,,,,1,,,,
Q9A8L9,Q9A8L9_CAUCR,2.0,1,,,,,,1,,,
D2UFK4,D2UFK4_XANAP,2.0,1,,,,,,1,,,
D3P7D1,D3P7D1_AZOS1,2.0,1,,,,,,1,,,
Q337B8,ETFQO_ORYSJ,2.0,1,,1,,,,,,,
D4Z1T5,D4Z1T5_SPHJU,2.0,1,,,,,,1,,,
D5BUF8,D5BUF8_PUNMI,2.0,1,,,,,,1,,,
D5GC49,D5GC49_TUBMM,2.0,1,,1,,,,,,,
D5TCM7,D5TCM7_LEGP2,2.0,1,,,,,,1,,,
D5W9L5,D5W9L5_BURSC,2.0,1,,,,,,1,,,
D5WYH5,D5WYH5_THIK1,2.0,1,,,,,,1,,,
B9LPD5,B9LPD5_HALLT,2.0,1,,,,,1,,,,
Q59YZ3,Q59YZ3_CANAL,2.0,1,,,,,,,,,1
Q5FSK4,Q5FSK4_GLUOX,2.0,1,,,,,,1,,,
Q5H4R5,Q5H4R5_XANOR,2.0,1,,1,,,,,,,
Q8D6Q2,Q8D6Q2_VIBVU,2.0,1,,,,,,1,,,
Q89S81,Q89S81_BRADU,2.0,1,,,,,,1,,,
C7NYX5,C7NYX5_HALMD,2.0,1,,,,,1,,,,
Q87IG3,Q87IG3_VIBPA,2.0,1,,,,,,1,,,
C7NTW9,C7NTW9_HALUD,2.0,1,,,,,1,,,,
Q7WD59,Q7WD59_BORBR,2.0,1,,,,,,1,,,
Q7W5M3,Q7W5M3_BORPA,2.0,1,,,,,,1,,,
Q7VW64,Q7VW64_BORPE,2.0,1,,,,,,1,,,
Q7NR68,Q7NR68_CHRVO,2.0,1,,,,,,1,,,
Q7NG12,Q7NG12_GLOVI,2.0,1,,,,,,,,,1
Q7NG12,Q7NG12_GLOVI,2.0,1,,,,,,,,,1
A4H510,A4H510_LEIBR,2.0,1,,1,,,,,,,
Q6W211,Q6W211_RHISN,2.0,1,,,,,,1,,,
Q6MPB3,Q6MPB3_BDEBA,2.0,1,,,,,,1,,,
Q6LIA9,Q6LIA9_PHOPR,2.0,1,,,,,,1,,,
A4JQM8,A4JQM8_BURVG,2.0,1,,,,,,1,,,
Q6FT04,Q6FT04_CANGA,2.0,1,,,,,,1,,,
A3M1P3,A3M1P3_ACIBT,2.0,1,,,,,1,,,,
Q641E0,Q641E0_XENLA,2.0,1,,,,,,,1,,
Q63TK7,Q63TK7_BURPS,2.0,1,,,,,,1,,,
Q62KG5,Q62KG5_BURMA,2.0,1,,,,,,1,,,
Q5V4Z7,Q5V4Z7_HALMA,2.0,1,,,,,1,,,,
Q5RDD3,ETFD_PONAB,2.0,1,,,,,,,1,,
Q5P6A8,Q5P6A8_AROAE,2.0,,,,,,1,1,,,
Q5LXA0,Q5LXA0_RUEPO,2.0,1,,,,,,1,,,
D6CL83,D6CL83_THIA3,2.0,1,,,,,,1,,,
B8A3K4,B8A3K4_MAIZE,2.0,1,,,,,,1,,,
D2A0Q9,D2A0Q9_TRICA,2.0,1,,,,1,,,,,
Q2JTX9,Q2JTX9_SYNJA,2.0,1,,,,,1,,,,
E1T4A8,E1T4A8_BURSG,2.0,1,,,,,,1,,,
D8NII4,D8NII4_RALSL,2.0,1,,,,,,1,,,
A7UNU5,A7UNU5_HUMAN,2.0,,,,,,,1,1,,
E1TIN6,E1TIN6_BURSG,2.0,1,,,,,,1,,,
A7TKE6,A7TKE6_VANPO,2.0,1,,,,,1,,,,
Q9PDT1,Q9PDT1_XYLFA,2.0,1,,1,,,,,,,
D9QFS2,D9QFS2_BRESC,2.0,1,,,,,,1,,,
Q2JK56,Q2JK56_SYNJB,2.0,1,,,,,1,,,,
E1VQ37,E1VQ37_9GAMM,2.0,1,,,,,,1,,,
E0TBI6,E0TBI6_PARBH,2.0,1,,,,,,1,,,
D8JHJ7,D8JHJ7_ACISD,2.0,1,,,,,,1,,,
D8S1Y0,D8S1Y0_SELML,2.0,1,,1,,,,,,,
D8IRH1,D8IRH1_HERSS,2.0,1,,,,,,1,,,
A8I9M8,A8I9M8_CHLRE,2.0,1,,,,,1,,,,
E0TIY4,E0TIY4_ZINIC,2.0,1,,,,,,1,,,
Q9K0L3,Q9K0L3_NEIMB,2.0,1,,,,,,1,,,
Q18K04,Q18K04_HALWD,2.0,1,,,,,1,,,,
E4PMN2,E4PMN2_MARAH,2.0,1,,1,,,,,,,
Q18JZ2,Q18JZ2_HALWD,2.0,1,,,,,1,,,,
B4SAL7,B4SAL7_PELPB,1.0,,,,,,1,,,,
B9LHS7,B9LHS7_CHLSY,1.0,,,,,,1,,,,
B8G0W1,B8G0W1_DESHD,1.0,,,,,,1,,,,
B9LMD6,B9LMD6_HALLT,1.0,,,,,,1,,,,
B7GFC9,B7GFC9_ANOFW,1.0,,,,,,1,,,,
B8G4M6,B8G4M6_CHLAD,1.0,,,,,,1,,,,
B8GGQ9,GGR_METPE,1.0,,,,,,1,,,,
B4S957,B4S957_PROA2,1.0,,,,,,1,,,,
B8GFT3,B8GFT3_METPE,1.0,,,,,,1,,,,
C3N2E2,C3N2E2_SULIA,1.0,,,,,,1,,,,
B7L6H2,B7L6H2_ECO55,1.0,,,,,,1,,,,
B4S8P1,B4S8P1_PROA2,1.0,,,,,,1,,,,
C3N0L4,C3N0L4_SULIA,1.0,,,,,,1,,,,
C3N2U1,C3N2U1_SULIA,1.0,,,,,,1,,,,
B4RQ84,B4RQ84_NEIG2,1.0,,,,,,1,,,,
C3N0M0,C3N0M0_SULIA,1.0,,,,,,1,,,,
B4SQQ5,B4SQQ5_STRM5,1.0,,,,,,1,,,,
B7L829,B7L829_ECO55,1.0,,,,,,1,,,,
B9LNR3,B9LNR3_HALLT,1.0,,,,,,1,,,,
B8EPZ9,B8EPZ9_METSB,1.0,,,,,,1,,,,
B8F929,B8F929_DESAA,1.0,,,,,,1,,,,
B8FIZ7,B8FIZ7_DESAA,1.0,,,,,,1,,,,
B8FLS3,B8FLS3_DESAA,1.0,,,,,,1,,,,
B4TIH8,B4TIH8_SALHS,1.0,,,,,,1,,,,
B4TGI9,B4TGI9_SALHS,1.0,,,,,,1,,,,
B8FUH4,B8FUH4_DESHD,1.0,,,,,,1,,,,
B4T6K4,B4T6K4_SALNS,1.0,,,,,,1,,,,
B4T4P7,B4T4P7_SALNS,1.0,,,,,,1,,,,
B8FVU0,B8FVU0_DESHD,1.0,,,,,,1,,,,
B4SDU6,B4SDU6_PELPB,1.0,,,,,,1,,,,
B8FX79,B8FX79_DESHD,1.0,,,,,,1,,,,
B8FXK4,B8FXK4_DESHD,1.0,,,,,,1,,,,
C3MU08,C3MU08_SULIM,1.0,,,,,,1,,,,
C3MV82,C3MV82_SULIM,1.0,,,,,,1,,,,
B9LNF2,B9LNF2_HALLT,1.0,,,,,,1,,,,
B8FZL3,B8FZL3_DESHD,1.0,,,,,,1,,,,
B7L4G6,B7L4G6_ECO55,1.0,,,,,,1,,,,
B4SN03,B4SN03_STRM5,1.0,,,,,,1,,,,
C3MW74,C3MW74_SULIM,1.0,,,,,,1,,,,
B9L6H5,B9L6H5_NAUPA,1.0,,,,,,1,,,,
C1AMD4,C1AMD4_MYCBT,1.0,,,,,,1,,,,
B7KWH4,B7KWH4_METC4,1.0,,,,,,1,,,,
B7J778,B7J778_ACIF2,1.0,,,,,,1,,,,
C3N8K8,C3N8K8_SULIY,1.0,,,,,,1,,,,
B8I9F8,B8I9F8_CLOCE,1.0,,,,,,1,,,,
C3NB54,C3NB54_SULIY,1.0,,,,,,1,,,,
C3NBP8,C3NBP8_SULIY,1.0,,,,,,1,,,,
C3NE45,C3NE45_SULIY,1.0,,,,,,1,,,,
C3NES4,C3NES4_SULIY,1.0,,,,,,1,,,,
B8ITI1,B8ITI1_METNO,1.0,,,,,,1,,,,
B8JAW5,B8JAW5_ANAD2,1.0,,,,,,1,,,,
B7K6U6,B7K6U6_CYAP7,1.0,,,,,,1,,,,
B7K4X4,B7K4X4_CYAP8,1.0,,,,,,1,,,,
C1AKP1,C1AKP1_MYCBT,1.0,,,,,,1,,,,
B4EY19,B4EY19_PROMH,1.0,,,,,,1,,,,
B7K1X5,B7K1X5_CYAP8,1.0,,,,,,1,,,,
C3NGX0,C3NGX0_SULIN,1.0,,,,,,1,,,,
B8ZSY6,B8ZSY6_MYCLB,1.0,,,,,,1,,,,
B7JA55,B7JA55_ACIF2,1.0,,,,,,1,,,,
B9E1R8,B9E1R8_CLOK1,1.0,,,,,,1,,,,
B9G6M0,B9G6M0_ORYSJ,1.0,,,,,,1,,,,
B3RD40,B3RD40_CUPTR,1.0,,,,,,1,,,,
B9HQE7,B9HQE7_POPTR,1.0,,,,,,1,,,,
C3N8K2,C3N8K2_SULIY,1.0,,,,,,1,,,,
B8I9F7,B8I9F7_CLOCE,1.0,,,,,,1,,,,
C3N6B6,C3N6B6_SULIA,1.0,,,,,,1,,,,
C3N5I1,C3N5I1_SULIA,1.0,,,,,,1,,,,
B9L262,B9L262_THERP,1.0,,,,,,1,,,,
B8GGY5,B8GGY5_METPE,1.0,,,,,,1,,,,
B8GUG5,B8GUG5_THISH,1.0,,,,,,1,,,,
C1AYY5,C1AYY5_RHOOB,1.0,,,,,,1,,,,
B8H0F6,B8H0F6_CAUCN,1.0,,,,,,1,,,,
C1FQE9,C1FQE9_CLOBJ,1.0,,,,,,1,,,,
B8HDS3,B8HDS3_ARTCA,1.0,,,,,,1,,,,
B8HM17,B8HM17_CYAP4,1.0,,,,,,1,,,,
B9I2Y8,B9I2Y8_POPTR,1.0,,,,,,1,,,,
C1F323,C1F323_ACIC5,1.0,,,,,,1,,,,
B8HQP3,B8HQP3_CYAP4,1.0,,,,,,1,,,,
B9KK16,B9KK16_RHOSK,1.0,,,,,,1,,,,
B9K8K8,B9K8K8_THENN,1.0,,,,,,1,,,,
B7KDE6,B7KDE6_CYAP7,1.0,,,,,,1,,,,
B7J6K4,B7J6K4_ACIF2,1.0,,,,,,1,,,,
C1DNR9,C1DNR9_AZOVD,1.0,,,,,,1,,,,
B7KBS0,B7KBS0_CYAP7,1.0,,,,,,1,,,,
B9K0L8,B9K0L8_AGRVS,1.0,,,,,,1,,,,
B8HW79,B8HW79_CYAP4,1.0,,,,,,1,,,,
B4TUG9,B4TUG9_SALSV,1.0,,,,,,1,,,,
B6IXM2,B6IXM2_RHOCS,1.0,,,,,,1,,,,
B4TWS2,B4TWS2_SALSV,1.0,,,,,,1,,,,
C1GTQ7,C1GTQ7_PARBA,1.0,1,,,,,,,,,
B7N700,B7N700_ECOLU,1.0,,,,,,1,,,,
B7N7R8,B7N7R8_ECOLU,1.0,,,,,,1,,,,
B6EI55,B6EI55_ALISL,1.0,,,,,,1,,,,
B6YTB4,B6YTB4_THEON,1.0,,,,,,1,,,,
B6A0Y2,B6A0Y2_RHILW,1.0,,,,,,1,,,,
B7NF07,B7NF07_ECOLU,1.0,,,,,,1,,,,
C3MLW6,C3MLW6_SULIL,1.0,,,,,,1,,,,
C0Q4M0,C0Q4M0_SALPC,1.0,,,,,,1,,,,
B7NHE7,B7NHE7_ECO7I,1.0,,,,,,1,,,,
B7NQZ0,B7NQZ0_ECO7I,1.0,,,,,,1,,,,
B7M0E0,B7M0E0_ECO8A,1.0,,,,,,1,,,,
B5ZJD2,B5ZJD2_GLUDA,1.0,,,,,,1,,,,
B7NTA3,B7NTA3_ECO7I,1.0,,,,,,1,,,,
B5Z3D0,B5Z3D0_ECO5E,1.0,,,,,,1,,,,
B7NTT6,B7NTT6_ECO7I,1.0,,,,,,1,,,,
B5YYD7,B5YYD7_ECO5E,1.0,,,,,,1,,,,
B7UHH8,B7UHH8_ECO27,1.0,,,,,,1,,,,
B5YX97,B5YX97_ECO5E,1.0,,,,,,1,,,,
B5YPY7,B5YPY7_ECO5E,1.0,,,,,,1,,,,
B7LXH9,B7LXH9_ECO8A,1.0,,,,,,1,,,,
B5YGK5,B5YGK5_THEYD,1.0,,,,,,1,,,,
B6HYZ4,B6HYZ4_ECOSE,1.0,,,,,,1,,,,
B6I3S3,B6I3S3_ECOSE,1.0,,,,,,1,,,,
C3MK39,C3MK39_SULIL,1.0,,,,,,1,,,,
B7MNQ0,B7MNQ0_ECO81,1.0,,,,,,1,,,,
B7ML85,B7ML85_ECO45,1.0,,,,,,1,,,,
B7MAR0,B7MAR0_ECO45,1.0,,,,,,1,,,,
B7MAG6,B7MAG6_ECO45,1.0,,,,,,1,,,,
B3QZ41,B3QZ41_CHLT3,1.0,,,,,,1,,,,
C3MK33,C3MK33_SULIL,1.0,,,,,,1,,,,
C0ZV21,C0ZV21_RHOE4,1.0,,,,,,1,,,,
B7M4H9,B7M4H9_ECO8A,1.0,,,,,,1,,,,
C0ZTQ4,C0ZTQ4_RHOE4,1.0,,,,,,1,,,,
B6ITT4,B6ITT4_RHOCS,1.0,,,,,,1,,,,
B7MVH8,B7MVH8_ECO81,1.0,,,,,,1,,,,
C3KBI3,C3KBI3_PSEFS,1.0,,,,,,1,,,,
C0ZA99,C0ZA99_BREBN,1.0,,,,,,1,,,,
B7MZ59,B7MZ59_ECO81,1.0,,,,,,1,,,,
B6I8M7,B6I8M7_ECOSE,1.0,,,,,,1,,,,
B6I6G0,B6I6G0_ECOSE,1.0,,,,,,1,,,,
B7N1Z4,B7N1Z4_ECO81,1.0,,,,,,1,,,,
B7M0Q6,B7M0Q6_ECO8A,1.0,,,,,,1,,,,
B7N536,B7N536_ECOLU,1.0,,,,,,1,,,,
C0QF41,C0QF41_DESAH,1.0,,,,,,1,,,,
C3KYD3,C3KYD3_CLOB6,1.0,,,,,,1,,,,
C3MM07,C3MM07_SULIL,1.0,,,,,,1,,,,
B7UI89,B7UI89_ECO27,1.0,,,,,,1,,,,
B5YDH3,B5YDH3_DICT6,1.0,,,,,,1,,,,
B5F7E3,B5F7E3_SALA4,1.0,,,,,,1,,,,
B8D2U1,B8D2U1_DESK1,1.0,,,,,,1,,,,
B8D360,B8D360_DESK1,1.0,,,,,,1,,,,
C3MU02,C3MU02_SULIM,1.0,,,,,,1,,,,
B8E062,B8E062_DICTD,1.0,,,,,,1,,,,
B8E4D4,B8E4D4_SHEB2,1.0,,,,,,1,,,,
B5FJ89,B5FJ89_SALDC,1.0,,,,,,1,,,,
B5FI24,B5FI24_SALDC,1.0,,,,,,1,,,,
B9M019,B9M019_GEODF,1.0,,,,,,1,,,,
B5FC44,B5FC44_VIBFM,1.0,,,,,,1,,,,
B5F758,B5F758_SALA4,1.0,,,,,,1,,,,
B8CV83,B8CV83_SHEPW,1.0,,,,,,1,,,,
B5EQT2,B5EQT2_ACIF5,1.0,,,,,,1,,,,
B5EPI5,B5EPI5_ACIF5,1.0,,,,,,1,,,,
B6YUJ4,B6YUJ4_THEON,1.0,,,,,,1,,,,
B5EMN7,B5EMN7_ACIF5,1.0,,,,,,1,,,,
B5BL15,B5BL15_SALPK,1.0,,,,,,1,,,,
B7MGB1,B7MGB1_ECO45,1.0,,,,,,1,,,,
B4UA54,B4UA54_HYDS0,1.0,,,,,,1,,,,
B4U8N3,B4U8N3_HYDS0,1.0,,,,,,1,,,,
B8EJ07,B8EJ07_METSB,1.0,,,,,,1,,,,
B8CZP7,B8CZP7_HALOH,1.0,,,,,,1,,,,
B5QVU9,B5QVU9_SALEP,1.0,,,,,,1,,,,
B7LWN4,B7LWN4_ESCF3,1.0,,,,,,1,,,,
B7V331,B7V331_PSEA8,1.0,,,,,,1,,,,
B5Y9L9,B5Y9L9_COPPD,1.0,,,,,,1,,,,
C3MPV5,C3MPV5_SULIL,1.0,,,,,,1,,,,
C3MQJ6,C3MQJ6_SULIL,1.0,,,,,,1,,,,
C1AA31,C1AA31_GEMAT,1.0,,,,,,1,,,,
B5X4B2,B5X4B2_SALSA,1.0,,,,,,,,1,,
B5RGB0,B5RGB0_SALG2,1.0,,,,,,1,,,,
B7UMF7,B7UMF7_ECO27,1.0,,,,,,1,,,,
B5R1R6,B5R1R6_SALEP,1.0,,,,,,1,,,,
B7US38,B7US38_ECO27,1.0,,,,,,1,,,,
B7VKK9,B7VKK9_VIBTL,1.0,,,,,,1,,,,
B8CIJ0,B8CIJ0_SHEPW,1.0,,,,,,1,,,,
B7LK32,B7LK32_ESCF3,1.0,,,,,,1,,,,
B7LEI5,B7LEI5_ECO55,1.0,,,,,,1,,,,
B9VA82,B9VA82_CATAD,1.0,,,,,,1,,,,
B9VA80,B9VA80_CATAD,1.0,,,,,,1,,,,
B9SU11,B9SU11_RICCO,1.0,1,,,,,,,,,
C3MSR0,C3MSR0_SULIM,1.0,,,,,,1,,,,
B8CDB3,B8CDB3_THAPS,1.0,,,,,,1,,,,
C3MSW3,C3MSW3_SULIM,1.0,,,,,,1,,,,
B8CHK5,B8CHK5_SHEPW,1.0,,,,,,1,,,,
B4UB12,B4UB12_ANASK,1.0,,,,,,1,,,,
B0CDF3,B0CDF3_ACAM1,1.0,,,,,,1,,,,
B3QWR4,B3QWR4_CHLT3,1.0,,,,,,1,,,,
A4WJ30,A4WJ30_PYRAR,1.0,,,,,,1,,,,
A4JRJ4,A4JRJ4_BURVG,1.0,,,,,,1,,,,
A4JRK4,A4JRK4_BURVG,1.0,,,,,,1,,,,
A4QBE6,A4QBE6_CORGB,1.0,,,,,,1,,,,
A4RT21,A4RT21_OSTLU,1.0,,,,,,1,,,,
A4SC40,A4SC40_PROVI,1.0,,,,,,1,,,,
A4T192,A4T192_MYCGI,1.0,,,,,,1,,,,
A4T1J9,A4T1J9_MYCGI,1.0,,,,,,1,,,,
A4TDV3,A4TDV3_MYCGI,1.0,,,,,,1,,,,
A4WIK8,A4WIK8_PYRAR,1.0,,,,,,1,,,,
A4WKK1,A4WKK1_PYRAR,1.0,,,,,,1,,,,
A3MUI4,A3MUI4_PYRCJ,1.0,,,,,,1,,,,
A4WN68,A4WN68_PYRAR,1.0,,,,,,1,,,,
A4WNE5,A4WNE5_PYRAR,1.0,,,,,,1,,,,
A4WRA5,A4WRA5_RHOS5,1.0,,,,,,1,,,,
A4X5N9,A4X5N9_SALTO,1.0,,,,,,1,,,,
A4X7I8,A4X7I8_SALTO,1.0,,,,,,1,,,,
A4XC39,A4XC39_SALTO,1.0,,,,,,1,,,,
A4Y2I5,A4Y2I5_SHEPC,1.0,,,,,,1,,,,
A4YDK8,A4YDK8_METS5,1.0,,,,,,1,,,,
A4YEK4,A4YEK4_METS5,1.0,,,,,,1,,,,
A4JL31,A4JL31_BURVG,1.0,,,,,,1,,,,
A4J7L4,A4J7L4_DESRM,1.0,,,,,,1,,,,
A4J4R5,A4J4R5_DESRM,1.0,,,,,,1,,,,
A4J3X6,A4J3X6_DESRM,1.0,,,,,,1,,,,
A3MV77,A3MV77_PYRCJ,1.0,,,,,,1,,,,
A3MXW1,A3MXW1_PYRCJ,1.0,,,,,,1,,,,
A3MY33,A3MY33_PYRCJ,1.0,,,,,,1,,,,
A3N9R2,A3N9R2_BURP6,1.0,,,,,,1,,,,
A3NVJ7,A3NVJ7_BURP0,1.0,,,,,,1,,,,
A3PBP4,A3PBP4_PROM0,1.0,,,,,,1,,,,
A3PCG8,A3PCG8_PROM0,1.0,,,,,,1,,,,
A3PL08,A3PL08_RHOS1,1.0,,,,,,1,,,,
A3PUJ8,A3PUJ8_MYCSJ,1.0,,,,,,1,,,,
A3PVG8,A3PVG8_MYCSJ,1.0,,,,,,1,,,,
A3PXG8,A3PXG8_MYCSJ,1.0,,,,,,1,,,,
A3QGE7,A3QGE7_SHELP,1.0,,,,,,1,,,,
A3QIT9,A3QIT9_SHELP,1.0,,,,,,1,,,,
A4FPU2,A4FPU2_SACEN,1.0,,,,,,1,,,,
A4FWV2,A4FWV2_METM5,1.0,,,,,,1,,,,
A4FZB4,GGR_METM5,1.0,,,,,,1,,,,
A4G8Z8,A4G8Z8_HERAR,1.0,,,,,,1,,,,
A4G905,A4G905_HERAR,1.0,,,,,,1,,,,
A4J213,A4J213_DESRM,1.0,,,,,,1,,,,
A4YEL0,A4YEL0_METS5,1.0,,,,,,1,,,,
A4YFP7,A4YFP7_METS5,1.0,,,,,,1,,,,
A4YG57,A4YG57_METS5,1.0,,,,,,1,,,,
A5I3R3,A5I3R3_CLOBH,1.0,,,,,,1,,,,
A5N8A9,A5N8A9_CLOK5,1.0,,,,,,1,,,,
A5TZU1,A5TZU1_MYCTA,1.0,,,,,,1,,,,
A5U1I6,A5U1I6_MYCTA,1.0,,,,,,1,,,,
A5UNX8,GGR_METS3,1.0,,,,,,1,,,,
A5URW4,A5URW4_ROSS1,1.0,,,,,,1,,,,
A5UYC3,A5UYC3_ROSS1,1.0,,,,,,1,,,,
A5WJS5,A5WJS5_MYCTF,1.0,,,,,,1,,,,
A5WLG5,A5WLG5_MYCTF,1.0,,,,,,1,,,,
A5YN39,A5YN39_RHOPT,1.0,,,,,,1,,,,
A6H1X0,A6H1X0_FLAPJ,1.0,,,,,,1,,,,
A6QA88,A6QA88_SULNB,1.0,,,,,,1,,,,
A6QRS9,A6QRS9_AJECN,1.0,1,,,,,,,,,
A6TLS9,A6TLS9_ALKMQ,1.0,,,,,,1,,,,
A6UMF3,A6UMF3_SINMW,1.0,,,,,,1,,,,
A6UPM4,A6UPM4_METVS,1.0,,,,,,1,,,,
A6US00,GGR_METVS,1.0,,,,,,1,,,,
A6UWL1,GGR_META3,1.0,,,,,,1,,,,
A6UWQ3,A6UWQ3_META3,1.0,,,,,,1,,,,
A6VGG5,A6VGG5_METM7,1.0,,,,,,1,,,,
A5IM51,A5IM51_THEP1,1.0,,,,,,1,,,,
A5GTT3,A5GTT3_SYNR3,1.0,,,,,,1,,,,
A4YHD5,A4YHD5_METS5,1.0,,,,,,1,,,,
A5GTG1,A5GTG1_SYNR3,1.0,,,,,,1,,,,
A4YI23,A4YI23_METS5,1.0,,,,,,1,,,,
A4YYT7,A4YYT7_BRASO,1.0,,,,,,1,,,,
A5B6E9,A5B6E9_VITVI,1.0,,,,,,1,,,,
A5CZH7,A5CZH7_PELTS,1.0,,,,,,1,,,,
A5D1D5,A5D1D5_PELTS,1.0,,,,,,1,,,,
A5D4S0,A5D4S0_PELTS,1.0,,,,,,1,,,,
A5D4V1,A5D4V1_PELTS,1.0,,,,,,1,,,,
A5D5E0,A5D5E0_PELTS,1.0,,,,,,1,,,,
A5D6E0,A5D6E0_PELTS,1.0,,,,,,1,,,,
A5DJC7,A5DJC7_PICGU,1.0,1,,,,,,,,,
A5ENR9,A5ENR9_BRASB,1.0,,,,,,1,,,,
A5EQ90,A5EQ90_BRASB,1.0,,,,,,1,,,,
A5FDA0,A5FDA0_FLAJ1,1.0,,,,,,1,,,,
A5FKY4,A5FKY4_FLAJ1,1.0,,,,,,1,,,,
A5FR90,A5FR90_DEHMB,1.0,,,,,,1,,,,
A5G7E3,A5G7E3_GEOUR,1.0,,,,,,1,,,,
A5GJE8,A5GJE8_SYNPW,1.0,,,,,,1,,,,
A5GLC8,A5GLC8_SYNPW,1.0,,,,,,1,,,,
A5GSA5,A5GSA5_SYNR3,1.0,,,,,,1,,,,
A3MV31,A3MV31_PYRCJ,1.0,,,,,,1,,,,
A3M229,A3M229_ACIBT,1.0,,,,,,1,,,,
A6W037,A6W037_MARMS,1.0,,,,,,1,,,,
A1BFC7,A1BFC7_CHLPD,1.0,,,,,,1,,,,
A0QQM6,A0QQM6_MYCS2,1.0,,,,,,1,,,,
A0QR89,A0QR89_MYCS2,1.0,,,,,,1,,,,
A0QRI8,A0QRI8_MYCS2,1.0,,,,,,1,,,,
A0R738,A0R738_MYCS2,1.0,,,,,,1,,,,
A1A793,A1A793_ECOK1,1.0,,,,,,1,,,,
A1ABN6,A1ABN6_ECOK1,1.0,,,,,,1,,,,
A1AEV2,A1AEV2_ECOK1,1.0,,,,,,1,,,,
A1AHM5,CBRA_ECOK1,1.0,,,,,,1,,,,
A1BCI7,A1BCI7_CHLPD,1.0,,,,,,1,,,,
A1BFD0,A1BFD0_CHLPD,1.0,,,,,,1,,,,
A3DPJ1,A3DPJ1_STAMF,1.0,,,,,,1,,,,
A1KCI1,A1KCI1_AZOSB,1.0,,,,,,1,,,,
A1KG38,A1KG38_MYCBP,1.0,,,,,,1,,,,
A1KHT0,A1KHT0_MYCBP,1.0,,,,,,1,,,,
A1R989,A1R989_ARTAT,1.0,,,,,,1,,,,
A1REP6,A1REP6_SHESW,1.0,,,,,,1,,,,
A1RRI4,A1RRI4_PYRIL,1.0,,,,,,1,,,,
A1RS94,A1RS94_PYRIL,1.0,,,,,,1,,,,
A1RSH8,A1RSH8_PYRIL,1.0,,,,,,1,,,,
A1RT32,A1RT32_PYRIL,1.0,,,,,,1,,,,
A0QLC3,A0QLC3_MYCA1,1.0,,,,,,1,,,,
A0QC85,A0QC85_MYCA1,1.0,,,,,,1,,,,
A0PMM5,A0PMM5_MYCUA,1.0,,,,,,1,,,,
A0PLV8,A0PLV8_MYCUA,1.0,,,,,,1,,,,
A0A061EIZ8,A0A061EIZ8_THECC,1.0,1,,,,,,,,,
A0A061H9T3,A0A061H9T3_9BASI,1.0,1,,,,,,,,,
A0A087YLE9,A0A087YLE9_POEFO,1.0,,1,,,,,,,,
A0A096NDL8,A0A096NDL8_PAPAN,1.0,,1,,,,,,,,
A0A0A0L9D2,A0A0A0L9D2_CUCSA,1.0,1,,,,,,,,,
A0B573,GGR_METTP,1.0,,,,,,1,,,,
A0B5F9,A0B5F9_METTP,1.0,,,,,,1,,,,
A0B6I0,A0B6I0_METTP,1.0,,,,,,1,,,,
A0B6Y7,A0B6Y7_METTP,1.0,,,,,,1,,,,
A0B730,A0B730_METTP,1.0,,,,,,1,,,,
A0BPE8,A0BPE8_PARTE,1.0,1,,,,,,,,,
A0JZN9,A0JZN9_ARTS2,1.0,,,,,,1,,,,
A0KJQ4,A0KJQ4_AERHH,1.0,,,,,,1,,,,
A0KS05,A0KS05_SHESA,1.0,,,,,,1,,,,
A0L4C5,A0L4C5_MAGSM,1.0,,,,,,1,,,,
A0LQ94,A0LQ94_SYNFM,1.0,,,,,,1,,,,
A0LRI0,A0LRI0_ACIC1,1.0,,,,,,1,,,,
A0M1U0,A0M1U0_GRAFK,1.0,,,,,,1,,,,
A0M1Z7,A0M1Z7_GRAFK,1.0,,,,,,1,,,,
A1RUW8,A1RUW8_PYRIL,1.0,,,,,,1,,,,
A1RWE4,A1RWE4_THEPD,1.0,,,,,,1,,,,
A1RY40,A1RY40_THEPD,1.0,,,,,,1,,,,
A2C0X9,A2C0X9_PROM1,1.0,,,,,,1,,,,
A2C7Q1,A2C7Q1_PROM3,1.0,,,,,,1,,,,
A2C9X0,A2C9X0_PROM3,1.0,,,,,,1,,,,
A2CAA7,A2CAA7_PROM3,1.0,,,,,,1,,,,
A2R7L0,A2R7L0_ASPNC,1.0,,,,,,,1,,,
A2SC37,A2SC37_METPP,1.0,,,,,,1,,,,
A2SFF5,A2SFF5_METPP,1.0,,,,,,1,,,,
A2SJJ4,A2SJJ4_METPP,1.0,,,,,,1,,,,
A2SQK1,GGR_METLZ,1.0,,,,,,1,,,,
A2STA2,A2STA2_METLZ,1.0,,,,,,1,,,,
A2WN64,A2WN64_ORYSI,1.0,,,,,,1,,,,
A2X9K1,A2X9K1_ORYSI,1.0,,,,,,1,,,,
A3CSH0,A3CSH0_METMJ,1.0,,,,,,1,,,,
A3CST9,GGR_METMJ,1.0,,,,,,1,,,,
A3CVD0,A3CVD0_METMJ,1.0,,,,,,1,,,,
A3CW88,A3CW88_METMJ,1.0,,,,,,1,,,,
A3CZF2,A3CZF2_SHEB5,1.0,,,,,,1,,,,
A3DBT1,A3DBT1_CLOTH,1.0,,,,,,1,,,,
A3DBT5,A3DBT5_CLOTH,1.0,,,,,,1,,,,
A3DPI3,A3DPI3_STAMF,1.0,,,,,,1,,,,
A2C1J4,A2C1J4_PROM1,1.0,,,,,,1,,,,
A2BW71,A2BW71_PROM5,1.0,,,,,,1,,,,
A1RYA5,A1RYA5_THEPD,1.0,,,,,,1,,,,
A2BVI2,A2BVI2_PROM5,1.0,,,,,,1,,,,
A1RZ06,A1RZ06_THEPD,1.0,,,,,,1,,,,
A1RZG7,A1RZG7_THEPD,1.0,,,,,,1,,,,
A1SB35,A1SB35_SHEAM,1.0,,,,,,1,,,,
A1SEK4,A1SEK4_NOCSJ,1.0,,,,,,1,,,,
A1T3S9,A1T3S9_MYCVP,1.0,,,,,,1,,,,
A1T4C9,A1T4C9_MYCVP,1.0,,,,,,1,,,,
A1T6S2,A1T6S2_MYCVP,1.0,,,,,,1,,,,
A1U6D3,A1U6D3_MARHV,1.0,,,,,,1,,,,
A1UAZ2,A1UAZ2_MYCSK,1.0,,,,,,1,,,,
A1UBT3,A1UBT3_MYCSK,1.0,,,,,,1,,,,
A1UE15,A1UE15_MYCSK,1.0,,,,,,1,,,,
A1VLY0,A1VLY0_POLNA,1.0,,,,,,1,,,,
A1VPP5,A1VPP5_POLNA,1.0,,,,,,1,,,,
A1WXF4,A1WXF4_HALHL,1.0,,,,,,1,,,,
A2BIT8,A2BIT8_HYPBU,1.0,,,,,,1,,,,
A2BM50,A2BM50_HYPBU,1.0,,,,,,1,,,,
A2BM78,A2BM78_HYPBU,1.0,,,,,,1,,,,
A2BQ01,A2BQ01_PROMS,1.0,,,,,,1,,,,
A2BQP5,A2BQP5_PROMS,1.0,,,,,,1,,,,
A6VJ23,GGR_METM7,1.0,,,,,,1,,,,
A6W1P2,A6W1P2_MARMS,1.0,,,,,,1,,,,
B3QRE5,B3QRE5_CHLP8,1.0,,,,,,1,,,,
B1VEN5,B1VEN5_CORU7,1.0,,,,,,1,,,,
B1L7J1,B1L7J1_KORCO,1.0,,,,,,1,,,,
B1LB41,B1LB41_THESQ,1.0,,,,,,1,,,,
B1LE36,B1LE36_ECOSM,1.0,,,,,,1,,,,
B1LFX7,B1LFX7_ECOSM,1.0,,,,,,1,,,,
B1LL15,B1LL15_ECOSM,1.0,,,,,,1,,,,
B1LQ90,B1LQ90_ECOSM,1.0,,,,,,1,,,,
B1LSG8,B1LSG8_METRJ,1.0,,,,,,1,,,,
B1ME13,B1ME13_MYCA9,1.0,,,,,,1,,,,
B1MHC2,B1MHC2_MYCA9,1.0,,,,,,1,,,,
B1VLC4,B1VLC4_STRGG,1.0,,,,,,1,,,,
B0KDA2,B0KDA2_THEP3,1.0,,,,,,1,,,,
B1VLH2,B1VLH2_STRGG,1.0,,,,,,1,,,,
B1VQJ8,B1VQJ8_STRGG,1.0,,,,,,1,,,,
B1W523,B1W523_STRGG,1.0,,,,,,1,,,,
B1WXF3,B1WXF3_CYAA5,1.0,,,,,,1,,,,
B1XC44,B1XC44_ECODH,1.0,,,,,,1,,,,
B1XDH8,B1XDH8_ECODH,1.0,,,,,,1,,,,
B1XG06,B1XG06_ECODH,1.0,,,,,,1,,,,
B1XKH9,B1XKH9_SYNP2,1.0,,,,,,1,,,,
B1XX19,B1XX19_LEPCP,1.0,,,,,,1,,,,
B1L6M6,B1L6M6_KORCO,1.0,,,,,,1,,,,
B1L612,B1L612_KORCO,1.0,,,,,,1,,,,
B1L3D7,B1L3D7_KORCO,1.0,,,,,,1,,,,
B1KVE3,B1KVE3_CLOBM,1.0,,,,,,1,,,,
B0R3F4,B0R3F4_HALS3,1.0,,,,,,1,,,,
B0R8B1,B0R8B1_HALS3,1.0,,,,,,1,,,,
B0RYN9,B0RYN9_XANCB,1.0,,,,,,1,,,,
B0TAR4,B0TAR4_HELMI,1.0,,,,,,1,,,,
B0TN81,B0TN81_SHEHH,1.0,,,,,,1,,,,
B0TPS5,B0TPS5_SHEHH,1.0,,,,,,1,,,,
B0TX60,B0TX60_FRAP2,1.0,,,,,,1,,,,
B0UAP1,B0UAP1_METS4,1.0,,,,,,1,,,,
B0UDJ9,B0UDJ9_METS4,1.0,,,,,,1,,,,
B0UWU1,B0UWU1_HISS2,1.0,,,,,,1,,,,
B0XXZ1,B0XXZ1_ASPFC,1.0,,,,,,,1,,,
B1IG56,B1IG56_CLOBK,1.0,,,,,,1,,,,
B1IQ57,B1IQ57_ECOLC,1.0,,,,,,1,,,,
B1IRD3,B1IRD3_ECOLC,1.0,,,,,,1,,,,
B1IU75,B1IU75_ECOLC,1.0,,,,,,1,,,,
B1IYQ4,B1IYQ4_ECOLC,1.0,,,,,,1,,,,
B1KCS5,B1KCS5_BURCC,1.0,,,,,,,1,,,
B1KIP8,B1KIP8_SHEWM,1.0,,,,,,1,,,,
B1KLX6,B1KLX6_SHEWM,1.0,,,,,,1,,,,
B1Y711,B1Y711_LEPCP,1.0,,,,,,1,,,,
B1Y944,B1Y944_PYRNV,1.0,,,,,,1,,,,
B1YAK8,B1YAK8_PYRNV,1.0,,,,,,1,,,,
B2JYB5,B2JYB5_BURP8,1.0,,,,,,1,,,,
B2SJD1,B2SJD1_XANOP,1.0,,,,,,1,,,,
B2T674,B2T674_BURPP,1.0,,,,,,1,,,,
B2TJF1,B2TJF1_CLOBB,1.0,,,,,,1,,,,
B2TJF2,B2TJF2_CLOBB,1.0,,,,,,1,,,,
B2TZG7,B2TZG7_SHIB3,1.0,,,,,,1,,,,
B2U2K3,B2U2K3_SHIB3,1.0,,,,,,1,,,,
B2UJW2,B2UJW2_RALPJ,1.0,,,,,,1,,,,
B3DZB6,B3DZB6_METI4,1.0,,,,,,1,,,,
B3ECC8,B3ECC8_CHLL2,1.0,,,,,,1,,,,
B3EDQ0,B3EDQ0_CHLL2,1.0,,,,,,1,,,,
B3EJK1,B3EJK1_CHLPB,1.0,,,,,,1,,,,
B3PCT8,B3PCT8_CELJU,1.0,,,,,,1,,,,
B3PGH1,B3PGH1_CELJU,1.0,,,,,,1,,,,
B3PIM4,B3PIM4_CELJU,1.0,,,,,,1,,,,
B3PIP5,B3PIP5_CELJU,1.0,,,,,,1,,,,
B3Q2S2,B3Q2S2_RHIE6,1.0,,,,,,1,,,,
B3QB30,B3QB30_RHOPT,1.0,,,,,,1,,,,
B3QH70,B3QH70_RHOPT,1.0,,,,,,1,,,,
B3QNV5,B3QNV5_CHLP8,1.0,,,,,,1,,,,
B2KBT9,B2KBT9_ELUMP,1.0,,,,,,1,,,,
B2JEW8,B2JEW8_BURP8,1.0,,,,,,1,,,,
B1YBP6,B1YBP6_PYRNV,1.0,,,,,,1,,,,
B2J4Q2,B2J4Q2_NOSP7,1.0,,,,,,1,,,,
B1YC60,B1YC60_PYRNV,1.0,,,,,,1,,,,
B1YCQ3,B1YCQ3_PYRNV,1.0,,,,,,1,,,,
B1Z2X6,B1Z2X6_BURA4,1.0,,,,,,1,,,,
B1ZBQ1,B1ZBQ1_METPB,1.0,,,,,,1,,,,
B2A3V3,B2A3V3_NATTJ,1.0,,,,,,1,,,,
B2A5J1,B2A5J1_NATTJ,1.0,,,,,,1,,,,
B2A787,B2A787_NATTJ,1.0,,,,,,1,,,,
B2AGK9,B2AGK9_CUPTR,1.0,,,,,,1,,,,
B2AIY4,B2AIY4_CUPTR,1.0,,,,,,1,,,,
B2AR82,B2AR82_PODAN,1.0,1,,,,,,,,,
B2FK28,B2FK28_STRMK,1.0,,,,,,1,,,,
B2FNA5,B2FNA5_STRMK,1.0,,,,,,1,,,,
B2GI35,B2GI35_KOCRD,1.0,,,,,,1,,,,
B2HRQ5,B2HRQ5_MYCMM,1.0,,,,,,1,,,,
B2HT00,B2HT00_MYCMM,1.0,,,,,,1,,,,
B2HTA4,B2HTA4_ACIBC,1.0,,,,,,1,,,,
B2IEV1,B2IEV1_BEII9,1.0,,,,,,1,,,,
B2IIY4,B2IIY4_BEII9,1.0,,,,,,1,,,,
B2J343,B2J343_NOSP7,1.0,,,,,,1,,,,
B0R3D1,B0R3D1_HALS3,1.0,,,,,,1,,,,
B0KDA1,B0KDA1_THEP3,1.0,,,,,,1,,,,
A6W252,A6W252_MARMS,1.0,,,,,,1,,,,
A8H9W4,A8H9W4_SHEPA,1.0,,,,,,1,,,,
A8ABI3,A8ABI3_IGNH4,1.0,,,,,,1,,,,
A8ALQ9,A8ALQ9_CITK8,1.0,,,,,,1,,,,
A8ANX4,A8ANX4_CITK8,1.0,,,,,,1,,,,
A8DWJ5,A8DWJ5_NEMVE,1.0,,,,,,1,,,,
A8FQ05,A8FQ05_SHESH,1.0,,,,,,1,,,,
A8FYB3,A8FYB3_SHESH,1.0,,,,,,1,,,,
A8G3N5,A8G3N5_PROM2,1.0,,,,,,1,,,,
A8G4D8,A8G4D8_PROM2,1.0,,,,,,1,,,,
A8H9H1,A8H9H1_SHEPA,1.0,,,,,,1,,,,
A8HNE8,A8HNE8_CHLRE,1.0,,,,,,1,,,,
B0K229,B0K229_THEPX,1.0,,,,,,1,,,,
A8JAG1,A8JAG1_CHLRE,1.0,,,,,,1,,,,
A8LAV2,A8LAV2_FRASN,1.0,,,,,,1,,,,
A8LCA2,A8LCA2_FRASN,1.0,,,,,,1,,,,
A8LCJ0,A8LCJ0_FRASN,1.0,,,,,,1,,,,
A8LQ21,A8LQ21_DINSH,1.0,,,,,,1,,,,
A8LUX4,A8LUX4_SALAI,1.0,,,,,,1,,,,
A8LV00,A8LV00_SALAI,1.0,,,,,,1,,,,
A8LZN8,A8LZN8_SALAI,1.0,,,,,,1,,,,
A8M0H4,A8M0H4_SALAI,1.0,,,,,,1,,,,
A8AAD5,A8AAD5_IGNH4,1.0,,,,,,1,,,,
A8AA13,A8AA13_IGNH4,1.0,,,,,,1,,,,
A8A6F0,CBRA_ECOHS,1.0,,,,,,1,,,,
A8A3P7,A8A3P7_ECOHS,1.0,,,,,,1,,,,
A6W5P8,A6W5P8_KINRD,1.0,,,,,,1,,,,
A6WI61,A6WI61_SHEB8,1.0,,,,,,1,,,,
A7FVI2,A7FVI2_CLOB1,1.0,,,,,,1,,,,
A7GF78,A7GF78_CLOBL,1.0,,,,,,1,,,,
A7GPR1,A7GPR1_BACCN,1.0,,,,,,1,,,,
A7HI14,A7HI14_ANADF,1.0,,,,,,1,,,,
A7HT83,A7HT83_PARL1,1.0,,,,,,1,,,,
A7I7H3,A7I7H3_METB6,1.0,,,,,,1,,,,
A7I9P9,GGR_METB6,1.0,,,,,,1,,,,
A7IBK6,A7IBK6_XANP2,1.0,,,,,,1,,,,
A7JYD5,A7JYD5_VIBSE,1.0,,,,,,1,,,,
A7K4S0,A7K4S0_VIBSE,1.0,,,,,,1,,,,
A7NQ01,A7NQ01_ROSCS,1.0,,,,,,1,,,,
A7NQE5,A7NQE5_ROSCS,1.0,,,,,,1,,,,
A7ZHD6,A7ZHD6_ECO24,1.0,,,,,,1,,,,
A7ZMG5,A7ZMG5_ECO24,1.0,,,,,,1,,,,
A7ZQK9,A7ZQK9_ECO24,1.0,,,,,,1,,,,
A7ZTP5,CBRA_ECO24,1.0,,,,,,1,,,,
A7ZVZ5,A7ZVZ5_ECOHS,1.0,,,,,,1,,,,
A8M2V9,A8M2V9_SALAI,1.0,,,,,,1,,,,
A8M3W4,A8M3W4_SALAI,1.0,,,,,,1,,,,
A8M623,A8M623_SALAI,1.0,,,,,,1,,,,
A9KXV3,A9KXV3_SHEB9,1.0,,,,,,1,,,,
A9MQH1,A9MQH1_SALAR,1.0,,,,,,1,,,,
A9MYK5,A9MYK5_SALPB,1.0,,,,,,1,,,,
A9N166,A9N166_SALPB,1.0,,,,,,1,,,,
A9PH25,A9PH25_POPTR,1.0,,,,,,1,,,,
A9W9F1,A9W9F1_METEP,1.0,,,,,,1,,,,
A9WEY4,A9WEY4_CHLAA,1.0,,,,,,1,,,,
A9WRS9,A9WRS9_RENSM,1.0,,,,,,1,,,,
A9WRT0,A9WRT0_RENSM,1.0,,,,,,1,,,,
B0BYP5,B0BYP5_ACAM1,1.0,,,,,,1,,,,
B0C3S8,B0C3S8_ACAM1,1.0,,,,,,1,,,,
B0C5X8,B0C5X8_ACAM1,1.0,,,,,,1,,,,
C3NJX0,C3NJX0_SULIN,1.0,,,,,,1,,,,
B0CDY8,B0CDY8_ACAM1,1.0,,,,,,1,,,,
B0CG22,B0CG22_ACAM1,1.0,,,,,,1,,,,
B0D0J4,B0D0J4_LACBS,1.0,1,,,,,,,,,
B0JID7,B0JID7_MICAN,1.0,,,,,,1,,,,
B0JL09,B0JL09_MICAN,1.0,,,,,,1,,,,
B0JWT7,B0JWT7_MICAN,1.0,,,,,,1,,,,
B0K228,B0K228_THEPX,1.0,,,,,,1,,,,
A9M0D8,A9M0D8_NEIM0,1.0,,,,,,1,,,,
A9ID99,A9ID99_BORPD,1.0,,,,,,1,,,,
A8MAE2,A8MAE2_CALMQ,1.0,,,,,,1,,,,
A9EXP8,A9EXP8_SORC5,1.0,,,,,,1,,,,
A8MBY1,A8MBY1_CALMQ,1.0,,,,,,1,,,,
A8MD19,A8MD19_CALMQ,1.0,,,,,,1,,,,
A8MD71,A8MD71_CALMQ,1.0,,,,,,1,,,,
A8ME14,A8ME14_CALMQ,1.0,,,,,,1,,,,
A8MG92,A8MG92_ALKOO,1.0,,,,,,1,,,,
A8PH18,A8PH18_COPC7,1.0,1,,,,,,,,,
A8PX33,A8PX33_MALGO,1.0,1,,,,,,,,,
A8ZT45,A8ZT45_DESOH,1.0,,,,,,1,,,,
A9A398,A9A398_NITMS,1.0,,,,,,1,,,,
A9A471,A9A471_NITMS,1.0,,,,,,1,,,,
A9A4V6,A9A4V6_NITMS,1.0,,,,,,1,,,,
A9A5W1,A9A5W1_NITMS,1.0,,,,,,1,,,,
A9A6R1,GGR_METM6,1.0,,,,,,1,,,,
A9AA87,A9AA87_METM6,1.0,,,,,,1,,,,
A9AXR2,A9AXR2_HERA2,1.0,,,,,,1,,,,
A9BAC2,A9BAC2_PROM4,1.0,,,,,,1,,,,
A9BAS2,A9BAS2_PROM4,1.0,,,,,,1,,,,
A9BEE3,A9BEE3_PROM4,1.0,,,,,,1,,,,
A9BWE5,A9BWE5_DELAS,1.0,,,,,,1,,,,
C3NHL8,C3NHL8_SULIN,1.0,,,,,,1,,,,
W6ZC33,W6ZC33_COCMI,1.0,1,,,,,,,,,
C3NKH1,C3NKH1_SULIN,1.0,,,,,,1,,,,
Q2RWR2,Q2RWR2_RHORT,1.0,,,,,,1,,,,
Q2NFF7,GGR2_METST,1.0,,,,,,1,,,,
Q2NFZ1,GGR1_METST,1.0,,,,,,1,,,,
Q2NGA2,Q2NGA2_METST,1.0,,,,,,1,,,,
Q2NY01,Q2NY01_XANOM,1.0,,,,,,1,,,,
Q2P7C1,Q2P7C1_XANOM,1.0,,,,,,,1,,,
Q2RKB3,Q2RKB3_MOOTA,1.0,,,,,,1,,,,
Q2RLB4,Q2RLB4_MOOTA,1.0,,,,,,1,,,,
Q2RME0,Q2RME0_MOOTA,1.0,,,,,,1,,,,
Q2RS30,Q2RS30_RHORT,1.0,,,,,,1,,,,
Q2S264,Q2S264_SALRD,1.0,,,,,,1,,,,
Q2NEQ6,Q2NEQ6_METST,1.0,,,,,,1,,,,
Q2SHH1,Q2SHH1_HAHCH,1.0,,,,,,1,,,,
Q2SW45,Q2SW45_BURTA,1.0,,,,,,1,,,,
Q30ZB0,Q30ZB0_DESAG,1.0,,,,,,1,,,,
Q31BB7,Q31BB7_PROM9,1.0,,,,,,1,,,,
Q31C14,Q31C14_PROM9,1.0,,,,,,1,,,,
Q31QX9,Q31QX9_SYNE7,1.0,,,,,,1,,,,
Q31RA2,Q31RA2_SYNE7,1.0,,,,,,1,,,,
Q31XM1,Q31XM1_SHIBS,1.0,,,,,,1,,,,
Q321F4,Q321F4_SHIBS,1.0,,,,,,1,,,,
Q2NER9,GGR3_METST,1.0,,,,,,1,,,,
Q2JY15,Q2JY15_SYNJA,1.0,,,,,,1,,,,
Q32CG1,Q32CG1_SHIDS,1.0,,,,,,1,,,,
Q2J1G4,Q2J1G4_RHOP2,1.0,,,,,,1,,,,
Q24SY5,Q24SY5_DESHY,1.0,,,,,,1,,,,
Q24X26,Q24X26_DESHY,1.0,,,,,,1,,,,
Q24Z09,Q24Z09_DESHY,1.0,,,,,,1,,,,
Q24ZQ2,Q24ZQ2_DESHY,1.0,,,,,,1,,,,
Q28W28,Q28W28_JANSC,1.0,,,,,,1,,,,
Q2FLI3,Q2FLI3_METHJ,1.0,,,,,,1,,,,
Q2FUA4,GGR_METHJ,1.0,,,,,,1,,,,
Q2IMY0,Q2IMY0_ANADE,1.0,,,,,,1,,,,
Q2ISX7,Q2ISX7_RHOP2,1.0,,,,,,1,,,,
Q2J4N4,Q2J4N4_FRASC,1.0,,,,,,1,,,,
Q2JQH1,Q2JQH1_SYNJA,1.0,,,,,,1,,,,
Q2J9C6,Q2J9C6_FRASC,1.0,,,,,,1,,,,
Q2JA60,Q2JA60_FRASC,1.0,,,,,,1,,,,
Q2JAI5,Q2JAI5_FRASC,1.0,,,,,,1,,,,
Q2JBA4,Q2JBA4_FRASC,1.0,,,,,,1,,,,
Q2JF98,Q2JF98_FRASC,1.0,,,,,,1,,,,
Q2JFM1,Q2JFM1_FRASC,1.0,,,,,,1,,,,
Q2JG94,Q2JG94_FRASC,1.0,,,,,,1,,,,
Q2JJB5,Q2JJB5_SYNJB,1.0,,,,,,1,,,,
Q2JKR3,Q2JKR3_SYNJB,1.0,,,,,,1,,,,
Q329C3,CBRA_SHIDS,1.0,,,,,,1,,,,
Q32FK2,Q32FK2_SHIDS,1.0,,,,,,1,,,,
Q4JA28,Q4JA28_SULAC,1.0,,,,,,1,,,,
Q46DI4,Q46DI4_METBF,1.0,,,,,,1,,,,
Q3YWC2,CBRA_SHISS,1.0,,,,,,1,,,,
Q3YY92,Q3YY92_SHISS,1.0,,,,,,1,,,,
Q3Z5W5,Q3Z5W5_SHISS,1.0,,,,,,1,,,,
Q3Z8E6,Q3Z8E6_DEHM1,1.0,,,,,,1,,,,
Q3ZXE5,Q3ZXE5_DEHMC,1.0,,,,,,1,,,,
Q465Z7,GGR_METBF,1.0,,,,,,1,,,,
Q467V5,Q467V5_METBF,1.0,,,,,,1,,,,
Q46C42,Q46C42_METBF,1.0,,,,,,1,,,,
Q46C43,Q46C43_METBF,1.0,,,,,,1,,,,
Q46G35,Q46G35_METBF,1.0,,,,,,1,,,,
Q3MFI2,Q3MFI2_ANAVT,1.0,,,,,,1,,,,
Q46GQ6,Q46GQ6_PROMT,1.0,,,,,,1,,,,
Q46LH2,Q46LH2_PROMT,1.0,,,,,,1,,,,
Q46PG8,Q46PG8_CUPPJ,1.0,,,,,,1,,,,
Q477Q8,Q477Q8_DECAR,1.0,,,,,,1,,,,
Q47LE3,Q47LE3_THEFY,1.0,,,,,,1,,,,
Q48PE8,Q48PE8_PSE14,1.0,,,,,,1,,,,
Q4DSI7,Q4DSI7_TRYCC,1.0,1,,,,,,,,,
Q4E3S1,Q4E3S1_TRYCC,1.0,1,,,,,,,,,
Q4J8K1,Q4J8K1_SULAC,1.0,,,,,,1,,,,
Q3SF98,Q3SF98_THIDA,1.0,,,,,,1,,,,
Q3MD16,Q3MD16_ANAVT,1.0,,,,,,1,,,,
Q32K54,Q32K54_SHIDS,1.0,,,,,,1,,,,
Q3AV96,Q3AV96_SYNS9,1.0,,,,,,1,,,,
Q3A1Y0,Q3A1Y0_PELCD,1.0,,,,,,1,,,,
Q3A4T4,Q3A4T4_PELCD,1.0,,,,,,1,,,,
Q3A9B4,Q3A9B4_CARHZ,1.0,,,,,,1,,,,
Q3AC99,Q3AC99_CARHZ,1.0,,,,,,1,,,,
Q3ACA0,Q3ACA0_CARHZ,1.0,,,,,,1,,,,
Q3AJP9,Q3AJP9_SYNSC,1.0,,,,,,1,,,,
Q3AK87,Q3AK87_SYNSC,1.0,,,,,,1,,,,
Q3ALP9,Q3ALP9_SYNSC,1.0,,,,,,1,,,,
Q3ANT0,Q3ANT0_CHLCH,1.0,,,,,,1,,,,
Q3AXJ7,Q3AXJ7_SYNS9,1.0,,,,,,1,,,,
Q3KJ84,Q3KJ84_PSEPF,1.0,,,,,,1,,,,
Q3AXZ3,Q3AXZ3_SYNS9,1.0,,,,,,1,,,,
Q3B6X3,Q3B6X3_PELLD,1.0,,,,,,1,,,,
Q3BMU2,Q3BMU2_XANC5,1.0,,,,,,1,,,,
Q3IC62,Q3IC62_PSEHT,1.0,,,,,,1,,,,
Q3IU36,Q3IU36_NATPD,1.0,,,,,,1,,,,
Q3J184,Q3J184_RHOS4,1.0,,,,,,1,,,,
Q3JCF5,Q3JCF5_NITOC,1.0,,,,,,1,,,,
Q3JS18,Q3JS18_BURP1,1.0,,,,,,1,,,,
Q3KEI0,Q3KEI0_PSEPF,1.0,,,,,,1,,,,
Q24QW7,Q24QW7_DESHY,1.0,,,,,,1,,,,
Q24QV7,Q24QV7_DESHY,1.0,,,,,,1,,,,
Q24PF7,Q24PF7_DESHY,1.0,,,,,,1,,,,
Q0RB47,Q0RB47_FRAAA,1.0,,,,,,1,,,,
Q0B9K3,Q0B9K3_BURCM,1.0,,,,,,1,,,,
Q0BPD7,Q0BPD7_GRABC,1.0,,,,,,1,,,,
Q0HNE7,Q0HNE7_SHESM,1.0,,,,,,1,,,,
Q0HQD9,Q0HQD9_SHESR,1.0,,,,,,1,,,,
Q0I567,Q0I567_HISS1,1.0,,,,,,1,,,,
Q0I8L3,Q0I8L3_SYNS3,1.0,,,,,,1,,,,
Q0IAN2,Q0IAN2_SYNS3,1.0,,,,,,1,,,,
Q0JY83,Q0JY83_CUPNH,1.0,,,,,,1,,,,
Q0KEX4,Q0KEX4_CUPNH,1.0,,,,,,1,,,,
Q0RGW0,Q0RGW0_FRAAA,1.0,,,,,,1,,,,
Q0AV38,Q0AV38_SYNWW,1.0,,,,,,1,,,,
Q0RKX0,Q0RKX0_FRAAA,1.0,,,,,,1,,,,
Q0RMQ6,Q0RMQ6_FRAAA,1.0,,,,,,1,,,,
Q0RRI8,Q0RRI8_FRAAA,1.0,,,,,,1,,,,
Q0RRW9,Q0RRW9_FRAAA,1.0,,,,,,1,,,,
Q0SF87,Q0SF87_RHOJR,1.0,,,,,,1,,,,
Q0SYN3,CBRA_SHIF8,1.0,,,,,,1,,,,
Q0T1J0,Q0T1J0_SHIF8,1.0,,,,,,1,,,,
Q0T4Q8,Q0T4Q8_SHIF8,1.0,,,,,,1,,,,
Q0T8F2,Q0T8F2_SHIF8,1.0,,,,,,1,,,,
Q0B300,Q0B300_BURCM,1.0,,,,,,1,,,,
Q088W0,Q088W0_SHEFN,1.0,,,,,,1,,,,
Q21NZ7,Q21NZ7_SACD2,1.0,,,,,,1,,,,
O57920,GGR_PYRHO,1.0,,,,,,1,,,,
N0BAF6,N0BAF6_9RHIZ,1.0,1,,,,,,,,,
N1QBZ2,N1QBZ2_PSEFD,1.0,1,,,,,,,,,
O26377,GGR1_METTH,1.0,,,,,,1,,,,
O26821,O26821_METTH,1.0,,,,,,1,,,,
O27753,GGR2_METTH,1.0,,,,,,1,,,,
O28636,O28636_ARCFU,1.0,,,,,,1,,,,
O29239,O29239_ARCFU,1.0,,,,,,1,,,,
O29609,O29609_ARCFU,1.0,,,,,,1,,,,
O29786,GGR_ARCFU,1.0,,,,,,1,,,,
O58094,O58094_PYRHO,1.0,,,,,,1,,,,
Q07RZ4,Q07RZ4_RHOP5,1.0,,,,,,1,,,,
P09820,FIXC_RHIME,1.0,,,,,,1,,,,
P10331,FIXC_BRADU,1.0,,,,,,1,,,,
P26484,FIXC_AZOC5,1.0,,,,,,1,,,,
P31456,CBRA_ECOLI,1.0,,,,,,1,,,,
P73829,P73829_SYNY3,1.0,,,,,,1,,,,
P96800,Y1602_METBF,1.0,,,,,,1,,,,
Q01YQ3,Q01YQ3_SOLUE,1.0,,,,,,1,,,,
Q029E3,Q029E3_SOLUE,1.0,,,,,,1,,,,
Q07HZ8,Q07HZ8_RHOP5,1.0,,,,,,1,,,,
Q0TB17,CBRA_ECOL5,1.0,,,,,,1,,,,
Q0TEA0,Q0TEA0_ECOL5,1.0,,,,,,1,,,,
Q0THD0,Q0THD0_ECOL5,1.0,,,,,,1,,,,
Q1LMU0,Q1LMU0_RALME,1.0,,,,,,1,,,,
Q1BD59,Q1BD59_MYCSS,1.0,,,,,,1,,,,
Q1BDZ4,Q1BDZ4_MYCSS,1.0,,,,,,1,,,,
Q1CXX1,Q1CXX1_MYXXD,1.0,,,,,,1,,,,
Q1DCT1,Q1DCT1_MYXXD,1.0,,,,,,1,,,,
Q1DDL6,Q1DDL6_MYXXD,1.0,,,,,,1,,,,
Q1IG91,Q1IG91_PSEE4,1.0,,,,,,1,,,,
Q1ILZ5,Q1ILZ5_KORVE,1.0,,,,,,1,,,,
Q1IMS5,Q1IMS5_KORVE,1.0,,,,,,1,,,,
Q1LF24,Q1LF24_RALME,1.0,,,,,,1,,,,
Q1M7V6,Q1M7V6_RHIL3,1.0,,,,,,1,,,,
Q0TLU6,Q0TLU6_ECOL5,1.0,,,,,,1,,,,
Q1QK25,Q1QK25_NITHX,1.0,,,,,,1,,,,
Q1QPH8,Q1QPH8_NITHX,1.0,,,,,,1,,,,
Q1QTV5,Q1QTV5_CHRSD,1.0,,,,,,1,,,,
Q1R4P6,CBRA_ECOUT,1.0,,,,,,1,,,,
Q1R7T2,Q1R7T2_ECOUT,1.0,,,,,,1,,,,
Q1RB96,Q1RB96_ECOUT,1.0,,,,,,1,,,,
Q1RGF5,Q1RGF5_ECOUT,1.0,,,,,,1,,,,
Q20Y17,Q20Y17_RHOPB,1.0,,,,,,1,,,,
Q219S0,Q219S0_RHOPB,1.0,,,,,,1,,,,
Q1BAZ9,Q1BAZ9_MYCSS,1.0,,,,,,1,,,,
Q1AWH0,Q1AWH0_RUBXD,1.0,,,,,,1,,,,
Q1ARX4,Q1ARX4_RUBXD,1.0,,,,,,1,,,,
Q16DR3,Q16DR3_ROSDO,1.0,,,,,,1,,,,
Q0TU62,Q0TU62_CLOP1,1.0,,,,,,1,,,,
Q0VQ51,Q0VQ51_ALCBS,1.0,,,,,,1,,,,
Q0W1J4,Q0W1J4_UNCMA,1.0,,,,,,1,,,,
Q0W349,GGR_UNCMA,1.0,,,,,,1,,,,
Q10Y50,Q10Y50_TRIEI,1.0,,,,,,1,,,,
Q114J4,Q114J4_TRIEI,1.0,,,,,,1,,,,
Q117P3,Q117P3_TRIEI,1.0,,,,,,1,,,,
Q11R94,Q11R94_CYTH3,1.0,,,,,,1,,,,
Q11W52,Q11W52_CYTH3,1.0,,,,,,1,,,,
Q127S0,Q127S0_POLSJ,1.0,,,,,,1,,,,
Q12WF0,GGR2_METBU,1.0,,,,,,1,,,,
Q12X19,Q12X19_METBU,1.0,,,,,,1,,,,
Q12XE5,Q12XE5_METBU,1.0,,,,,,1,,,,
Q12YW2,GGR1_METBU,1.0,,,,,,1,,,,
Q12Z21,Q12Z21_METBU,1.0,,,,,,1,,,,
Q132M3,Q132M3_RHOPS,1.0,,,,,,1,,,,
Q13C61,Q13C61_RHOPS,1.0,,,,,,1,,,,
Q13N09,Q13N09_BURXL,1.0,,,,,,1,,,,
Q13V88,Q13V88_BURXL,1.0,,,,,,1,,,,
Q4J8X0,Q4J8X0_SULAC,1.0,,,,,,1,,,,
Q4JA33,Q4JA33_SULAC,1.0,,,,,,1,,,,
C3NM70,C3NM70_SULIN,1.0,,,,,,1,,,,
R8BWK1,R8BWK1_TOGMI,1.0,1,,,,,,,,,
R0HXH4,R0HXH4_9BRAS,1.0,1,,,,,,,,,
R1D152,R1D152_EMIHU,1.0,1,,,,,,,,,
R1GF15,R1GF15_BOTPV,1.0,1,,,,,,,,,
R4VF84,R4VF84_9GAMM,1.0,1,,,,,,,,,
R4W4I2,R4W4I2_9EURY,1.0,1,,,,,,,,,
R4WGG6,R4WGG6_9BURK,1.0,1,,,,,,,,,
R4X0A5,R4X0A5_9BURK,1.0,1,,,,,,,,,
R4XIV1,R4XIV1_ALCXX,1.0,1,,,,,,,,,
R7QAX7,R7QAX7_CHOCR,1.0,1,,,,,,,,,
R9AI35,R9AI35_WALI9,1.0,1,,,,,,,,,
Q9YE11,Q9YE11_AERPE,1.0,,,,,,1,,,,
R9V4S4,R9V4S4_PSEPU,1.0,1,,,,,,,,,
S4RU64,S4RU64_PETMA,1.0,,1,,,,,,,,
S5ANE2,S5ANE2_ALTMA,1.0,1,,,,,,,,,
S5CA50,S5CA50_ALTMA,1.0,1,,,,,,,,,
S5CAI4,S5CAI4_ALTMA,1.0,1,,,,,,,,,
S5ISY6,S5ISY6_VIBPH,1.0,1,,,,,,,,,
S5J098,S5J098_VIBPH,1.0,1,,,,,,,,,
S5J6H5,S5J6H5_VIBPH,1.0,1,,,,,,,,,
S5JLJ2,S5JLJ2_VIBPH,1.0,1,,,,,,,,,
Q9YFP8,Q9YFP8_AERPE,1.0,,,,,,1,,,,
Q9YBH6,Q9YBH6_AERPE,1.0,,,,,,1,,,,
S5SDV1,S5SDV1_RHIET,1.0,1,,,,,,,,,
Q9HKS9,GGR_THEAC,1.0,,,,,,1,,,,
Q979Y7,GGR_THEVO,1.0,,,,,,1,,,,
Q97V18,Q97V18_SULSO,1.0,,,,,,1,,,,
Q97W83,Q97W83_SULSO,1.0,,,,,,1,,,,
Q97W89,Q97W89_SULSO,1.0,,,,,,1,,,,
Q97ZK8,Q97ZK8_SULSO,1.0,,,,,,1,,,,
Q9CA67,CHLP_ARATH,1.0,,,,,,1,,,,
Q9HF58,Q9HF58_EREGO,1.0,,,,,,1,,,,
Q9HI52,Q9HI52_THEAC,1.0,,,,,,1,,,,
Q9HJI5,Q9HJI5_THEAC,1.0,,,,,,1,,,,
Q9HLA3,Q9HLA3_THEAC,1.0,,,,,,1,,,,
Q9YAI8,Q9YAI8_AERPE,1.0,,,,,,1,,,,
Q9HMA0,Q9HMA0_HALSA,1.0,,,,,,1,,,,
Q9HQE5,Q9HQE5_HALSA,1.0,,,,,,1,,,,
Q9HS01,Q9HS01_HALSA,1.0,,,,,,1,,,,
Q9HS24,Q9HS24_HALSA,1.0,,,,,,1,,,,
Q9R6S6,Q9R6S6_SYNP6,1.0,,,,,,1,,,,
Q9U641,CMFB_DICDI,1.0,,,,,,1,,,,
Q9UY96,Q9UY96_PYRAB,1.0,,,,,,1,,,,
Q9V2B0,GGR_PYRAB,1.0,,,,,,1,,,,
Q9Y964,Q9Y964_AERPE,1.0,,,,,,1,,,,
S5R174,S5R174_9PROT,1.0,1,,,,,,,,,
S5SH25,S5SH25_RHIET,1.0,1,,,,,,,,,
Q4JBU7,Q4JBU7_SULAC,1.0,,,,,,1,,,,
V7C0K9,V7C0K9_PHAVU,1.0,1,,,,,,,,,
V4KM26,V4KM26_EUTSA,1.0,1,,,,,,,,,
V4L5J7,V4L5J7_EUTSA,1.0,1,,,,,,,,,
V4TWY5,V4TWY5_9ROSI,1.0,1,,,,,,,,,
V4U273,V4U273_9ROSI,1.0,1,,,,,,,,,
V5PRF1,V5PRF1_9BURK,1.0,1,,,,,,,,,
V5SC94,V5SC94_9RHIZ,1.0,1,,,,,,,,,
V5TLF5,V5TLF5_HALHI,1.0,1,,,,,,,,,
V5UA17,V5UA17_9BURK,1.0,1,,,,,,,,,
V5VGV9,V5VGV9_ACIBA,1.0,1,,,,,,,,,
V9KD07,V9KD07_CALMI,1.0,1,,,,,,,,,
U6B5C6,U6B5C6_9RHIZ,1.0,1,,,,,,,,,
V9R2L4,V9R2L4_9PSED,1.0,1,,,,,,,,,
V9RSR7,V9RSR7_ALCXX,1.0,1,,,,,,,,,
V9RZH1,V9RZH1_ALCXX,1.0,1,,,,,,,,,
V9V3U0,V9V3U0_9PSED,1.0,1,,,,,,,,,
V9VQ84,V9VQ84_9RHOB,1.0,1,,,,,,,,,
V9WIP4,V9WIP4_9RHOB,1.0,1,,,,,,,,,
W4JVB8,W4JVB8_9HOMO,1.0,1,,,,,,,,,
W4WIJ7,W4WIJ7_ATTCE,1.0,,,1,,,,,,,
W5K3D7,W5K3D7_ASTMX,1.0,,1,,,,,,,,
V2XJT0,V2XJT0_MONRO,1.0,1,,,,,,,,,
U5VGW8,U5VGW8_9PSED,1.0,1,,,,,,,,,
S5T6Z8,S5T6Z8_9GAMM,1.0,1,,,,,,,,,
T2GAK3,T2GAK3_DESGI,1.0,1,,,,,,,,,
S5XQL9,S5XQL9_PARAH,1.0,1,,,,,,,,,
S6ALB4,S6ALB4_PSERE,1.0,1,,,,,,,,,
S6DAS3,S6DAS3_ACEPA,1.0,1,,,,,,,,,
S7PQQ2,S7PQQ2_GLOTA,1.0,1,,,,,,,,,
S8DRY2,S8DRY2_FOMPI,1.0,,,1,,,,,,,
T1EBV4,T1EBV4_9GAMM,1.0,1,,,,,,,,,
T1XDS3,T1XDS3_VARPD,1.0,1,,,,,,,,,
T1XLP0,T1XLP0_VARPD,1.0,1,,,,,,,,,
T2C2Z9,T2C2Z9_VIBAL,1.0,1,,,,,,,,,
T2H4K4,T2H4K4_PSEPU,1.0,1,,,,,,,,,
U5QH66,U5QH66_9CYAN,1.0,1,,,,,,,,,
U3BW07,U3BW07_VIBAL,1.0,1,,,,,,,,,
U3QFH5,U3QFH5_RALPI,1.0,1,,,,,,,,,
U4KA65,U4KA65_9VIBR,1.0,1,,,,,,,,,
U4KBL9,U4KBL9_9VIBR,1.0,1,,,,,,,,,
U4M6T6,U4M6T6_9XANT,1.0,1,,,,,,,,,
U4PS21,U4PS21_9RHIZ,1.0,1,,,,,,,,,
U5DIC2,U5DIC2_AMBTC,1.0,1,,,,,,,,,
U5N6U8,U5N6U8_9BURK,1.0,1,,,,,,,,,
U5Q9M7,U5Q9M7_FELCA,1.0,1,,,,,,,,,
Q978W4,Q978W4_THEVO,1.0,,,,,,1,,,,
Q977Z5,Q977Z5_THEVO,1.0,,,,,,1,,,,
Q975B8,Q975B8_SULTO,1.0,,,,,,1,,,,
Q6KZS4,Q6KZS4_PICTO,1.0,,,,,,1,,,,
Q5NB98,Q5NB98_ORYSJ,1.0,,,,,,1,,,,
Q5P5I6,Q5P5I6_AROAE,1.0,,,,,,1,,,,
Q5V0H9,Q5V0H9_HALMA,1.0,,,,,,1,,,,
Q5V433,Q5V433_HALMA,1.0,,,,,,1,,,,
Q5V491,Q5V491_HALMA,1.0,,,,,,1,,,,
Q5V5N2,Q5V5N2_HALMA,1.0,,,,,,1,,,,
Q6A570,Q6A570_BRASO,1.0,,,,,,1,,,,
Q6FEK6,Q6FEK6_ACIAD,1.0,,,,,,1,,,,
Q6KZ83,Q6KZ83_PICTO,1.0,,,,,,1,,,,
Q6L0M1,GGR_PICTO,1.0,,,,,,1,,,,
Q5N301,Q5N301_SYNP6,1.0,,,,,,1,,,,
Q6L1J9,Q6L1J9_PICTO,1.0,,,,,,1,,,,
Q6L219,Q6L219_PICTO,1.0,,,,,,1,,,,
Q6LXX0,Q6LXX0_METMP,1.0,,,,,,1,,,,
Q6M083,GGR_METMP,1.0,,,,,,1,,,,
Q6Z2T6,CHLP_ORYSJ,1.0,,,,,,1,,,,
Q7AHT0,FIXC_ECO57,1.0,,,,,,1,,,,
Q7MMI6,Q7MMI6_VIBVY,1.0,,,,,,1,,,,
Q7U5F1,Q7U5F1_SYNPX,1.0,,,,,,1,,,,
Q7U6P7,Q7U6P7_SYNPX,1.0,,,,,,1,,,,
Q5N3B8,Q5N3B8_SYNP6,1.0,,,,,,1,,,,
Q5JEL4,Q5JEL4_THEKO,1.0,,,,,,1,,,,
Q972A4,Q972A4_SULTO,1.0,,,,,,1,,,,
Q547S8,Q547S8_HUMAN,1.0,,,,,,,,1,,
Q4JBX1,Q4JBX1_SULAC,1.0,,,,,,1,,,,
Q4JT13,Q4JT13_CORJK,1.0,,,,,,1,,,,
Q4KCZ0,Q4KCZ0_PSEF5,1.0,,,,,,1,,,,
Q4KCZ3,Q4KCZ3_PSEF5,1.0,,,,,,1,,,,
Q4KJH2,Q4KJH2_PSEF5,1.0,,,,,,1,,,,
Q4PFA1,Q4PFA1_USTMA,1.0,,,,,,,,,,1
Q4UP82,Q4UP82_XANC8,1.0,,,,,,1,,,,
Q4ZZC4,Q4ZZC4_PSEU2,1.0,,,,,,1,,,,
Q53208,FIXC_RHISN,1.0,,,,,,1,,,,
Q55087,CHLP_SYNY3,1.0,,,,,,1,,,,
Q5JE27,GGR_THEKO,1.0,,,,,,1,,,,
Q57952,GGR_METJA,1.0,,,,,,1,,,,
Q57RA3,Q57RA3_SALCH,1.0,,,1,,,,,,,
Q58582,Y1182_METJA,1.0,,,,,,1,,,,
Q58915,Y1520_METJA,1.0,,,,,,1,,,,
Q5AXB1,Q5AXB1_EMENI,1.0,,,,,,1,,,,
Q5BC04,Q5BC04_EMENI,1.0,,,,,,1,,,,
Q5BCV7,Q5BCV7_EMENI,1.0,,,,,,1,,,,
Q5E6L0,Q5E6L0_VIBF1,1.0,,,,,,1,,,,
Q5FA82,Q5FA82_NEIG1,1.0,,,,,,1,,,,
Q7U789,Q7U789_SYNPX,1.0,,,,,,1,,,,
Q7V1U5,Q7V1U5_PROMP,1.0,,,,,,1,,,,
Q7V2G0,Q7V2G0_PROMP,1.0,,,,,,1,,,,
Q8YXK3,Q8YXK3_NOSS1,1.0,,,,,,1,,,,
Q8TSP8,Q8TSP8_METAC,1.0,,,,,,1,,,,
Q8TSV3,Q8TSV3_METAC,1.0,,,,,,1,,,,
Q8TSV4,Q8TSV4_METAC,1.0,,,,,,1,,,,
Q8TUV8,GGR2_METKA,1.0,,,,,,1,,,,
Q8TVE9,GGR1_METKA,1.0,,,,,,1,,,,
Q8U3L2,Q8U3L2_PYRFU,1.0,,,,,,1,,,,
Q8U4J0,GGR_PYRFU,1.0,,,,,,1,,,,
Q8XBZ8,CBRA_ECO57,1.0,,,,,,1,,,,
Q8XZ39,Q8XZ39_RALSO,1.0,1,,,,,,,,,
Q8Z0G8,Q8Z0G8_NOSS1,1.0,,,,,,1,,,,
Q7V6C0,Q7V6C0_PROMM,1.0,,,,,,1,,,,
Q8Z9K9,FIXC_SALTI,1.0,,,,,,1,,,,
Q8ZRW9,FIXC_SALTY,1.0,,,,,,1,,,,
Q8ZU16,Q8ZU16_PYRAE,1.0,,,,,,1,,,,
Q8ZVR5,Q8ZVR5_PYRAE,1.0,,,,,,1,,,,
Q8ZX14,Q8ZX14_PYRAE,1.0,,,,,,1,,,,
Q8ZYL2,Q8ZYL2_PYRAE,1.0,,,,,,1,,,,
Q8ZYT5,Q8ZYT5_PYRAE,1.0,,,,,,1,,,,
Q96ZN8,Q96ZN8_SULTO,1.0,,,,,,1,,,,
Q96ZQ9,Q96ZQ9_SULTO,1.0,,,,,,1,,,,
Q8TQQ6,GGR_METAC,1.0,,,,,,1,,,,
Q8TMB3,Q8TMB3_METAC,1.0,,,,,,1,,,,
Q8TLY0,Q8TLY0_METAC,1.0,,,,,,1,,,,
Q8TJ94,Q8TJ94_METAC,1.0,,,,,,1,,,,
Q7V7Q2,Q7V7Q2_PROMM,1.0,,,,,,1,,,,
Q7V7Z9,Q7V7Z9_PROMM,1.0,,,,,,1,,,,
Q83IZ5,CBRA_SHIFL,1.0,,,,,,1,,,,
Q83SQ7,FIXC_SHIFL,1.0,,,,,,1,,,,
Q87V37,Q87V37_PSESM,1.0,,,,,,1,,,,
Q8DG09,Q8DG09_VIBVU,1.0,,,,,,1,,,,
Q8DGN7,Q8DGN7_THEEB,1.0,,,,,,1,,,,
Q8DJ25,Q8DJ25_THEEB,1.0,,,,,,1,,,,
Q8DMG7,Q8DMG7_THEEB,1.0,,,,,,1,,,,
Q8GAA1,Q8GAA1_SYNE7,1.0,,,,,,1,,,,
Q8KLB7,Q8KLB7_RHIEC,1.0,,,,,,1,,,,
Q8PRY9,Q8PRY9_METMA,1.0,,,,,,1,,,,
Q8PU50,GGR_METMA,1.0,,,,,,1,,,,
Q8PVV8,Q8PVV8_METMA,1.0,,,,,,1,,,,
Q8PVW0,Q8PVW0_METMA,1.0,,,,,,1,,,,
Q8PXW2,Q8PXW2_METMA,1.0,,,,,,1,,,,
Q8PYY1,Q8PYY1_METMA,1.0,,,,,,1,,,,
Q8R6H3,Q8R6H3_FUSNN,1.0,,,,,,,,,,1
Q8THU0,Q8THU0_METAC,1.0,,,,,,1,,,,
N0ABH1,N0ABH1_BURTH,1.0,1,,,,,,,,,
M9YP97,M9YP97_AZOVI,1.0,1,,,,,,,,,
M9YNT7,M9YNT7_AZOVI,1.0,1,,,,,,,,,
D0LTH2,D0LTH2_HALO1,1.0,,,,,,1,,,,
C9REW3,C9REW3_METVM,1.0,,,,,,1,,,,
C9RFH7,C9RFH7_METVM,1.0,,,,,,1,,,,
C9RJJ2,C9RJJ2_FIBSS,1.0,,,,,,1,,,,
C9RKL4,C9RKL4_FIBSS,1.0,,,,,,1,,,,
C9ST93,C9ST93_VERA1,1.0,1,,,,,,,,,
C9TUA5,C9TUA5_BRUPB,1.0,1,,,,,,,,,
C9XCL6,C9XCL6_SALTD,1.0,,,,,,,1,,,
D0KWT2,D0KWT2_HALNC,1.0,,,,,,1,,,,
D0L4V5,D0L4V5_GORB4,1.0,,,,,,1,,,,
D0LZL4,D0LZL4_HALO1,1.0,,,,,,1,,,,
C9R7U9,C9R7U9_AMMDK,1.0,,,,,,1,,,,
D0MD41,D0MD41_RHOM4,1.0,,,,,,1,,,,
D0MIL3,D0MIL3_RHOM4,1.0,,,,,,1,,,,
W6XTD1,W6XTD1_COCCA,1.0,1,,,,,,,,,
D2HHL9,D2HHL9_AILME,1.0,,,,,,,1,,,
D2RSJ1,D2RSJ1_HALTV,1.0,1,,,,,,,,,
D3SVQ8,D3SVQ8_NATMM,1.0,1,,,,,,,,,
D4AMK0,D4AMK0_ARTBC,1.0,1,,,,,,,,,
D4D5J7,D4D5J7_TRIVH,1.0,1,,,,,,,,,
D4GV06,D4GV06_HALVD,1.0,1,,,,,,,,,
C9RDI8,C9RDI8_METVM,1.0,,,,,,1,,,,
C8XBC0,C8XBC0_NAKMY,1.0,,,,,,1,,,,
D6RJF8,D6RJF8_HUMAN,1.0,,1,,,,,,,,
C8VXY7,C8VXY7_DESAS,1.0,,,,,,1,,,,
C8TSH3,C8TSH3_ECO26,1.0,,,,,,1,,,,
C8TZ07,C8TZ07_ECO10,1.0,,,,,,1,,,,
C8U1B7,C8U1B7_ECO10,1.0,,,,,,1,,,,
C8U9J8,C8U9J8_ECO10,1.0,,,,,,1,,,,
C8U9R7,C8U9R7_ECO10,1.0,,,,,,1,,,,
C8UBB8,C8UBB8_ECO1A,1.0,,,,,,1,,,,
C8UEX5,C8UEX5_ECO1A,1.0,,,,,,1,,,,
C8UGR2,C8UGR2_ECO1A,1.0,,,,,,1,,,,
C8UJ78,C8UJ78_ECO1A,1.0,,,,,,1,,,,
C8VY94,C8VY94_DESAS,1.0,,,,,,1,,,,
C8XBA7,C8XBA7_NAKMY,1.0,,,,,,1,,,,
C8VZJ8,C8VZJ8_DESAS,1.0,,,,,,1,,,,
C8W2M0,C8W2M0_DESAS,1.0,,,,,,1,,,,
C8W6M3,C8W6M3_DESAS,1.0,,,,,,1,,,,
C8W6M9,C8W6M9_DESAS,1.0,,,,,,1,,,,
C8WI46,C8WI46_EGGLE,1.0,,,,,,1,,,,
C8WI66,C8WI66_EGGLE,1.0,,,,,,1,,,,
C8WPV4,C8WPV4_EGGLE,1.0,,,,,,1,,,,
C8X2V2,C8X2V2_DESRD,1.0,,,,,,1,,,,
C8XB95,C8XB95_NAKMY,1.0,,,,,,1,,,,
D6RAD5,D6RAD5_HUMAN,1.0,,1,,,,,,,,
D7DQ39,D7DQ39_METV0,1.0,1,,,,,,,,,
M9YHP8,M9YHP8_AZOVI,1.0,1,,,,,,,,,
F0QAK3,F0QAK3_ACIAP,1.0,1,,,,,,,,,
E7BF60,E7BF60_NEIMW,1.0,1,,,,,,,,,
E8XBX1,E8XBX1_SALT4,1.0,,,1,,,,,,,
E8YJR6,E8YJR6_9BURK,1.0,1,,,,,,,,,
E9E0T3,E9E0T3_METAQ,1.0,1,,,,,,,,,
E9EP05,E9EP05_METRA,1.0,1,,,,,,,,,
E9HUB0,E9HUB0_DAPPU,1.0,,,1,,,,,,,
F0J5D2,F0J5D2_ACIMA,1.0,1,,,,,,,,,
F0JBF8,F0JBF8_DESDE,1.0,1,,,,,,,,,
F0M0V2,F0M0V2_VIBFN,1.0,1,,,,,,,,,
F2GAF6,F2GAF6_ALTMD,1.0,1,,,,,,,,,
E6VWA4,E6VWA4_DESAO,1.0,1,,,,,,,,,
F2HTZ1,F2HTZ1_BRUMM,1.0,1,,,,,,,,,
F2KK44,F2KK44_PSEBN,1.0,1,,,,,,,,,
F2L9W8,F2L9W8_BURGS,1.0,1,,,,,,,,,
F2N4U7,F2N4U7_PSEU6,1.0,1,,,,,,,,,
F4AQS8,F4AQS8_GLAS4,1.0,1,,,,,,,,,
F4GDY7,F4GDY7_ALIDK,1.0,1,,,,,,,,,
F4GXF5,F4GXF5_PUSST,1.0,1,,,,,,,,,
F4LFT1,F4LFT1_BORPC,1.0,1,,,,,,,,,
F4Q8G1,F4Q8G1_DICFS,1.0,1,,,,,,,,,
E6XRP1,E6XRP1_SHEP2,1.0,1,,,,,,,,,
E6QXR5,E6QXR5_CRYGW,1.0,1,,,,,,,,,
D7LK13,D7LK13_ARALL,1.0,1,,,,,,,,,
E1ZGG0,E1ZGG0_CHLVA,1.0,1,,,,,,,,,
D8JAS8,D8JAS8_HALJB,1.0,1,,,,,,,,,
D8NBC9,D8NBC9_RALSL,1.0,1,,,,,,,,,
D8NT65,D8NT65_RALSL,1.0,,,,,,,1,,,
D8PVE4,D8PVE4_SCHCM,1.0,1,,,,,,,,,
D8RV80,D8RV80_SELML,1.0,1,,,,,,,,,
D8UJ65,D8UJ65_VOLCA,1.0,1,,,,,,,,,
D9UAR9,D9UAR9_MARHY,1.0,1,,,,,,,,,
E1G4R1,E1G4R1_LOALO,1.0,1,,,,,,,,,
E1W9Z4,E1W9Z4_SALTS,1.0,,,1,,,,,,,
E2LW72,E2LW72_MONPE,1.0,1,,,,,,,,,
E6MVU2,E6MVU2_NEIMH,1.0,1,,,,,,,,,
E3D266,E3D266_NEIM7,1.0,1,,,,,,,,,
E3KC59,E3KC59_PUCGT,1.0,1,,,,,,,,,
E3KLB0,E3KLB0_PUCGT,1.0,1,,,,,,,,,
E3KS76,E3KS76_PUCGT,1.0,1,,,,,,,,,
E3S860,E3S860_PYRTT,1.0,1,,,,,,,,,
E4NQM5,E4NQM5_HALBP,1.0,1,,,,,,,,,
E4PNM7,E4PNM7_MARAH,1.0,1,,,,,,,,,
E4ZI63,E4ZI63_LEPMJ,1.0,,,1,,,,,,,
E5SCK1,E5SCK1_TRISP,1.0,1,,,,,,,,,
C8TLC1,C8TLC1_ECO26,1.0,,,,,,1,,,,
C8TGH2,C8TGH2_ECO26,1.0,,,,,,1,,,,
C8TG14,C8TG14_ECO26,1.0,,,,,,1,,,,
C6BUN1,C6BUN1_DESAD,1.0,,,,,,1,,,,
C5MGV8,C5MGV8_CANTT,1.0,1,,,,,,,,,
C5XGI2,C5XGI2_SORBI,1.0,,,,,,1,,,,
C5XYT6,C5XYT6_SORBI,1.0,,,,,,1,,,,
C6A351,C6A351_THESM,1.0,,,,,,1,,,,
C6A374,C6A374_THESM,1.0,,,,,,1,,,,
C6AQD1,C6AQD1_AGGAN,1.0,,,,,,1,,,,
C6AQD2,C6AQD2_AGGAN,1.0,,,,,,1,,,,
C6B4Y7,C6B4Y7_RHILS,1.0,,,,,,1,,,,
C6BLK3,C6BLK3_RALP1,1.0,,,,,,1,,,,
C6CDT2,C6CDT2_DICDC,1.0,,,,,,1,,,,
C5CNW2,C5CNW2_VARPS,1.0,,,,,,1,,,,
C6CLF8,C6CLF8_DICZE,1.0,,,,,,1,,,,
C6CUN6,C6CUN6_PAESJ,1.0,,,,,,1,,,,
C6DTT2,C6DTT2_MYCTK,1.0,,,,,,1,,,,
C6DV21,C6DV21_MYCTK,1.0,,,,,,1,,,,
C6EB10,C6EB10_ECOBD,1.0,,,,,,1,,,,
C6ECQ8,C6ECQ8_ECOBD,1.0,,,,,,1,,,,
C6ED80,C6ED80_ECOBD,1.0,,,,,,1,,,,
C6EJA6,C6EJA6_ECOBD,1.0,,,,,,1,,,,
C6S7P6,C6S7P6_NEIML,1.0,,,,,,1,,,,
C5CVR8,C5CVR8_VARPS,1.0,,,,,,1,,,,
C5CID7,C5CID7_KOSOT,1.0,,,,,,1,,,,
C7YM90,C7YM90_NECH7,1.0,1,,,,,,,,,
C4XQT1,C4XQT1_DESMR,1.0,,,,,,1,,,,
C3NM76,C3NM76_SULIN,1.0,,,,,,1,,,,
C4JYU4,C4JYU4_UNCRE,1.0,1,,,,,,,,,
C4KE33,C4KE33_SULIK,1.0,,,,,,1,,,,
C4KE86,C4KE86_SULIK,1.0,,,,,,1,,,,
C4KH47,C4KH47_SULIK,1.0,,,,,,1,,,,
C4KHT1,C4KHT1_SULIK,1.0,,,,,,1,,,,
C4KK57,C4KK57_SULIK,1.0,,,,,,1,,,,
C4KK63,C4KK63_SULIK,1.0,,,,,,1,,,,
C4KLV7,C4KLV7_BURPE,1.0,,,,,,1,,,,
C4XY41,C4XY41_CLAL4,1.0,1,,,,,,,,,
C5CCQ4,C5CCQ4_MICLC,1.0,,,,,,1,,,,
C4ZPW9,C4ZPW9_ECOBW,1.0,,,,,,1,,,,
C4ZYG1,C4ZYG1_ECOBW,1.0,,,,,,1,,,,
C4ZYW7,C4ZYW7_ECOBW,1.0,,,,,,1,,,,
C4ZZS0,C4ZZS0_ECOBW,1.0,,,,,,1,,,,
C5A2N2,C5A2N2_THEGJ,1.0,,,,,,1,,,,
C5A6E5,GGR_THEGJ,1.0,,,,,,1,,,,
C5AV95,C5AV95_METEA,1.0,,,,,,1,,,,
C5B8R6,C5B8R6_EDWI9,1.0,,,,,,1,,,,
C5C0S8,C5C0S8_BEUC1,1.0,,,,,,1,,,,
C6UCP0,C6UCP0_ECOBR,1.0,,,,,,1,,,,
C6UI11,C6UI11_ECOBR,1.0,,,,,,1,,,,
C6UIN8,C6UIN8_ECOBR,1.0,,,,,,1,,,,
C7P686,C7P686_METFA,1.0,,,,,,1,,,,
C7NUQ1,C7NUQ1_HALUD,1.0,,,,,,1,,,,
C7NVA6,C7NVA6_HALUD,1.0,,,,,,1,,,,
C7NWV9,C7NWV9_HALMD,1.0,,,,,,1,,,,
C7NX41,C7NX41_HALMD,1.0,,,,,,1,,,,
C7NZF3,C7NZF3_HALMD,1.0,,,,,,1,,,,
C7P1V6,C7P1V6_HALMD,1.0,,,,,,1,,,,
C7P2B7,C7P2B7_HALMD,1.0,,,,,,1,,,,
C7P4P6,C7P4P6_HALMD,1.0,,,,,,1,,,,
C7P5N3,C7P5N3_METFA,1.0,,,,,,1,,,,
C7P775,C7P775_METFA,1.0,,,,,,1,,,,
C6ULE5,C6ULE5_ECOBR,1.0,,,,,,1,,,,
C7PAY7,C7PAY7_CHIPD,1.0,,,,,,1,,,,
C7PJ67,C7PJ67_CHIPD,1.0,,,,,,1,,,,
C7PJY7,C7PJY7_CHIPD,1.0,,,,,,1,,,,
C7PPQ8,C7PPQ8_CHIPD,1.0,,,,,,1,,,,
C7QG44,C7QG44_CATAD,1.0,,,,,,1,,,,
C7QH26,C7QH26_CATAD,1.0,,,,,,1,,,,
C7QKD3,C7QKD3_CATAD,1.0,,,,,,1,,,,
C7R9X3,C7R9X3_KANKD,1.0,,,,,,1,,,,
C7RKA4,C7RKA4_ACCPU,1.0,,,,,,1,,,,
C7NUK8,C7NUK8_HALUD,1.0,,,,,,1,,,,
C7NSJ9,C7NSJ9_HALUD,1.0,,,,,,1,,,,
C7NNG7,C7NNG7_HALUD,1.0,,,,,,1,,,,
C7NIH8,C7NIH8_KYTSD,1.0,,,,,,1,,,,
C6US82,C6US82_ECO5T,1.0,,,,,,1,,,,
C6UVM9,C6UVM9_ECO5T,1.0,,,,,,1,,,,
C6UW39,C6UW39_ECO5T,1.0,,,,,,1,,,,
C6UYT0,C6UYT0_ECO5T,1.0,,,,,,1,,,,
C6VW94,C6VW94_DYAFD,1.0,,,,,,1,,,,
C6VXB5,C6VXB5_DYAFD,1.0,,,,,,1,,,,
C6W802,C6W802_ACTMD,1.0,,,,,,1,,,,
C6W874,C6W874_ACTMD,1.0,,,,,,1,,,,
C6WHE7,C6WHE7_ACTMD,1.0,,,,,,1,,,,
C6WNB6,C6WNB6_ACTMD,1.0,,,,,,1,,,,
C6XIP4,C6XIP4_HIRBI,1.0,,,,,,1,,,,
C6XUK6,C6XUK6_PEDHD,1.0,,,,,,1,,,,
C7CAB6,C7CAB6_METED,1.0,,,,,,1,,,,
C7M2T6,C7M2T6_ACIFD,1.0,,,,,,1,,,,
C7M500,C7M500_CAPOD,1.0,,,,,,1,,,,
C7MNT8,C7MNT8_CRYCD,1.0,,,,,,1,,,,
C7MTC6,C7MTC6_SACVD,1.0,,,,,,1,,,,
C7N437,C7N437_SLAHD,1.0,,,,,,1,,,,
C7N4Y1,C7N4Y1_SLAHD,1.0,,,,,,1,,,,
F4RNF5,F4RNF5_MELLP,1.0,1,,,,,,,,,
F5HIA7,F5HIA7_CRYNB,1.0,1,,,,,,,,,
F5Y498,F5Y498_RAMTT,1.0,1,,,,,,,,,
K0IAQ7,K0IAQ7_9BURK,1.0,1,,,,,,,,,
J9Y9D5,J9Y9D5_ALTMA,1.0,1,,,,,,,,,
J9YXG0,J9YXG0_9PROT,1.0,1,,,,,,,,,
J9Z294,J9Z294_9PROT,1.0,1,,,,,,,,,
K0C6E5,K0C6E5_CYCSP,1.0,1,,,,,,,,,
K0CH61,K0CH61_ALCDB,1.0,1,,,,,,,,,
K0DT81,K0DT81_9BURK,1.0,1,,,,,,,,,
K0DZL0,K0DZL0_9BURK,1.0,1,,,,,,,,,
K0E1H1,K0E1H1_9BURK,1.0,1,,,,,,,,,
K0EH48,K0EH48_ALTMB,1.0,1,,,,,,,,,
K0ML41,K0ML41_BORPB,1.0,1,,,,,,,,,
J7Q3N8,J7Q3N8_METSZ,1.0,1,,,,,,,,,
K1WSG0,K1WSG0_MARBU,1.0,1,,,,,,,,,
K3UR05,K3UR05_FUSPC,1.0,1,,,,,,,,,
K4KHF5,K4KHF5_SIMAS,1.0,1,,,,,,,,,
K5VJY6,K5VJY6_AGABU,1.0,1,,,,,,,,,
K5X220,K5X220_PHACS,1.0,1,,,,,,,,,
K7A224,K7A224_9ALTE,1.0,1,,,,,,,,,
K7IXE6,K7IXE6_NASVI,1.0,1,,,,,,,,,
K7M988,K7M988_SOYBN,1.0,,,1,,,,,,,
K7SI02,K7SI02_GLUOY,1.0,1,,,,,,,,,
J7R7C6,J7R7C6_BORP1,1.0,1,,,,,,,,,
J7J9Z7,J7J9Z7_BURCE,1.0,1,,,,,,,,,
I2DWI7,I2DWI7_9BURK,1.0,1,,,,,,,,,
I7A7D8,I7A7D8_PSEST,1.0,1,,,,,,,,,
I2H5Q2,I2H5Q2_TETBL,1.0,1,,,,,,,,,
I3R7Y8,I3R7Y8_HALMT,1.0,1,,,,,,,,,
I3TP22,I3TP22_TISMK,1.0,1,,,,,,,,,
I3V0P7,I3V0P7_PSEPU,1.0,1,,,,,,,,,
I3X0F3,I3X0F3_RHIFR,1.0,1,,,,,,,,,
I3X390,I3X390_RHIFR,1.0,1,,,,,,,,,
I4CV82,I4CV82_PSEST,1.0,1,,,,,,,,,
I4Y7Y9,I4Y7Y9_WALSC,1.0,1,,,,,,,,,
I6NCP0,I6NCP0_ERECY,1.0,1,,,,,,,,,
I7C3M0,I7C3M0_PSEPT,1.0,1,,,,,,,,,
J7J7R0,J7J7R0_BURCE,1.0,1,,,,,,,,,
I7CTM8,I7CTM8_NATSJ,1.0,1,,,,,,,,,
I7EL84,I7EL84_PHAG2,1.0,1,,,,,,,,,
I7EW77,I7EW77_PHAIB,1.0,1,,,,,,,,,
I7HKS4,I7HKS4_LEGPN,1.0,1,,,,,,,,,
I7HT32,I7HT32_LEGPN,1.0,1,,,,,,,,,
I7J180,I7J180_9BURK,1.0,1,,,,,,,,,
I7JII0,I7JII0_9BURK,1.0,1,,,,,,,,,
J3KBM2,J3KBM2_COCIM,1.0,1,,,,,,,,,
J3N440,J3N440_ORYBR,1.0,,,1,,,,,,,
K7T6Z1,K7T6Z1_GLUOY,1.0,1,,,,,,,,,
K7Z3H3,K7Z3H3_9PROT,1.0,1,,,,,,,,,
K7Z865,K7Z865_BDEBC,1.0,1,,,,,,,,,
M4V6L7,M4V6L7_9DELT,1.0,1,,,,,,,,,
M2SV93,M2SV93_COCSN,1.0,1,,,,,,,,,
M2XS40,M2XS40_GALSU,1.0,1,,,,,,,,,
M4K8F5,M4K8F5_9PSED,1.0,1,,,,,,,,,
M4MQG9,M4MQG9_SINM2,1.0,1,,,,,,,,,
M4NB25,M4NB25_9GAMM,1.0,1,,,,,,,,,
M4ND72,M4ND72_9GAMM,1.0,1,,,,,,,,,
M4S585,M4S585_9SPHN,1.0,1,,,,,,,,,
M4UD16,M4UD16_RALSL,1.0,1,,,,,,,,,
M4UF45,M4UF45_9XANT,1.0,1,,,,,,,,,
M4VKR4,M4VKR4_9PROT,1.0,1,,,,,,,,,
K9HDP3,K9HDP3_AGABB,1.0,1,,,,,,,,,
M4W536,M4W536_XANCI,1.0,1,,,,,,,,,
M4X200,M4X200_PSEDE,1.0,1,,,,,,,,,
M4ZCI2,M4ZCI2_9BRAD,1.0,1,,,,,,,,,
M5DRY1,M5DRY1_9GAMM,1.0,1,,,,,,,,,
M5XQI5,M5XQI5_PRUPE,1.0,1,,,,,,,,,
M7SWX8,M7SWX8_EUTLA,1.0,1,,,,,,,,,
M9R853,M9R853_9RHOB,1.0,1,,,,,,,,,
M9RPP7,M9RPP7_9RHOB,1.0,1,,,,,,,,,
M9VWK3,M9VWK3_RAOOR,1.0,1,,,,,,,,,
M2N2I5,M2N2I5_BAUCO,1.0,1,,,,,,,,,
M1Y3T5,M1Y3T5_NATM8,1.0,1,,,,,,,,,
M1WKX7,M1WKX7_DESPC,1.0,1,,,,,,,,,
M1SG50,M1SG50_9PROT,1.0,1,,,,,,,,,
K9NH31,K9NH31_9PSED,1.0,1,,,,,,,,,
L0ANU1,L0ANU1_NATGS,1.0,1,,,,,,,,,
L0EVY9,L0EVY9_LIBCB,1.0,1,,,,,,,,,
L0FKJ2,L0FKJ2_PSEPU,1.0,1,,,,,,,,,
L0GHM9,L0GHM9_PSEST,1.0,1,,,,,,,,,
L0IBE5,L0IBE5_HALRX,1.0,1,,,,,,,,,
L0JNA2,L0JNA2_NATP1,1.0,1,,,,,,,,,
L0K5Y5,L0K5Y5_9EURY,1.0,1,,,,,,,,,
L0KRC7,L0KRC7_MESAW,1.0,1,,,,,,,,,
L0LGJ4,L0LGJ4_RHITR,1.0,1,,,,,,,,,
L8H783,L8H783_ACACA,1.0,1,,,,,,,,,
M0RWW9,M0RWW9_MUSAM,1.0,,,1,,,,,,,
M1FD20,M1FD20_9ALTE,1.0,1,,,,,,,,,
M1L9B6,M1L9B6_9PROT,1.0,1,,,,,,,,,
M1LBP8,M1LBP8_9PROT,1.0,1,,,,,,,,,
M1LWZ9,M1LWZ9_9PROT,1.0,1,,,,,,,,,
M1LZ82,M1LZ82_9PROT,1.0,1,,,,,,,,,
M1M435,M1M435_9PROT,1.0,1,,,,,,,,,
M1PDW6,M1PDW6_BARAA,1.0,1,,,,,,,,,
I2DY19,I2DY19_9BURK,1.0,1,,,,,,,,,
I2DLY5,I2DLY5_9BURK,1.0,1,,,,,,,,,
F5Z8G1,F5Z8G1_ALTSS,1.0,1,,,,,,,,,
G0WBR7,G0WBR7_NAUDC,1.0,1,,,,,,,,,
G0AT02,G0AT02_9GAMM,1.0,1,,,,,,,,,
G0CC23,G0CC23_XANCA,1.0,1,,,,,,,,,
G0ES47,G0ES47_CUPNN,1.0,1,,,,,,,,,
G0HX98,G0HX98_HALHT,1.0,1,,,,,,,,,
G0K3S9,G0K3S9_STEMA,1.0,1,,,,,,,,,
G0LLX0,G0LLX0_HALWC,1.0,1,,,,,,,,,
G0RNC6,G0RNC6_HYPJQ,1.0,1,,,,,,,,,
G0SAL7,G0SAL7_CHATD,1.0,1,,,,,,,,,
G0VFL9,G0VFL9_NAUCC,1.0,1,,,,,,,,,
G2HZV6,G2HZV6_KOMMN,1.0,1,,,,,,,,,
F9Y8F6,F9Y8F6_KETVW,1.0,1,,,,,,,,,
G2IIV9,G2IIV9_9SPHN,1.0,1,,,,,,,,,
G2IWE1,G2IWE1_PSEUL,1.0,1,,,,,,,,,
G2J4I8,G2J4I8_PSEUL,1.0,1,,,,,,,,,
G2JF43,G2JF43_ACIBA,1.0,1,,,,,,,,,
G2KNP4,G2KNP4_MICAA,1.0,1,,,,,,,,,
G2LTM1,G2LTM1_9XANT,1.0,1,,,,,,,,,
G2MK57,G2MK57_9ARCH,1.0,1,,,,,,,,,
G2QEX5,G2QEX5_THIHA,1.0,1,,,,,,,,,
G2QS84,G2QS84_THITE,1.0,1,,,,,,,,,
G0AJZ4,G0AJZ4_COLFT,1.0,1,,,,,,,,,
F9X2Z4,F9X2Z4_ZYMTI,1.0,1,,,,,,,,,
I2BKI8,I2BKI8_PSEFL,1.0,1,,,,,,,,,
F7PP24,F7PP24_9EURY,1.0,1,,,,,,,,,
F6B0N4,F6B0N4_DELSC,1.0,1,,,,,,,,,
F6D000,F6D000_MARPP,1.0,1,,,,,,,,,
F6EZX2,F6EZX2_SPHCR,1.0,1,,,,,,,,,
F6G1D7,F6G1D7_RALS8,1.0,1,,,,,,,,,
F6HYW6,F6HYW6_VITVI,1.0,1,,,,,,,,,
F6IGS6,F6IGS6_9SPHN,1.0,1,,,,,,,,,
F6TD45,F6TD45_MACMU,1.0,,1,,,,,,,,
F7I4J5,F7I4J5_CALJA,1.0,,1,,,,,,,,
F7IIS3,F7IIS3_CALJA,1.0,,1,,,,,,,,
F7VW26,F7VW26_SORMK,1.0,1,,,,,,,,,
F8NQL4,F8NQL4_SERL9,1.0,1,,,,,,,,,
F7X033,F7X033_SINMM,1.0,1,,,,,,,,,
F7Y8H4,F7Y8H4_MESOW,1.0,1,,,,,,,,,
F7ZF99,F7ZF99_ROSLO,1.0,1,,,,,,,,,
F8D9X0,F8D9X0_HALXS,1.0,1,,,,,,,,,
F8ETL1,F8ETL1_ZYMMT,1.0,1,,,,,,,,,
F8FSP9,F8FSP9_PSEP6,1.0,1,,,,,,,,,
F8H3S0,F8H3S0_PSEUT,1.0,1,,,,,,,,,
F8J8E6,F8J8E6_HYPSM,1.0,1,,,,,,,,,
F8MWE4,F8MWE4_NEUT8,1.0,1,,,,,,,,,
G2WSL8,G2WSL8_VERDV,1.0,1,,,,,,,,,
G3B3D0,G3B3D0_CANTC,1.0,1,,,,,,,,,
G3JGA3,G3JGA3_CORMM,1.0,1,,,,,,,,,
H2YR05,H2YR05_CIOSA,1.0,,1,,,,,,,,
G9A2V4,G9A2V4_RHIFH,1.0,1,,,,,,,,,
G9MPN4,G9MPN4_HYPVG,1.0,,,1,,,,,,,
G9NXU9,G9NXU9_HYPAI,1.0,,,1,,,,,,,
H0PV15,H0PV15_9RHOO,1.0,1,,,,,,,,,
H0Q4W2,H0Q4W2_9RHOO,1.0,1,,,,,,,,,
H2ASZ8,H2ASZ8_KAZAF,1.0,1,,,,,,,,,
H2IKK1,H2IKK1_VIBSJ,1.0,1,,,,,,,,,
H2ILT4,H2ILT4_VIBSJ,1.0,1,,,,,,,,,
H2UWL7,H2UWL7_TAKRU,1.0,,1,,,,,,,,
H2YR06,H2YR06_CIOSA,1.0,,1,,,,,,,,
G3PWD5,G3PWD5_GASAC,1.0,,1,,,,,,,,
H3DZU9,H3DZU9_PRIPA,1.0,,,1,,,,,,,
H6SJ62,H6SJ62_RHOPH,1.0,1,,,,,,,,,
H8WEN8,H8WEN8_MARHY,1.0,1,,,,,,,,,
H8X881,H8X881_CANO9,1.0,1,,,,,,,,,
I0GD15,I0GD15_9BRAD,1.0,1,,,,,,,,,
I0HPK4,I0HPK4_RUBGI,1.0,1,,,,,,,,,
I0KI81,I0KI81_STEMA,1.0,1,,,,,,,,,
I0YUD1,I0YUD1_9CHLO,1.0,1,,,,,,,,,
I1WJV2,I1WJV2_BURP2,1.0,1,,,,,,,,,
G9A083,G9A083_TORDC,1.0,1,,,,,,,,,
G8UTC3,G8UTC3_LEGPN,1.0,1,,,,,,,,,
G8QL03,G8QL03_AZOSU,1.0,1,,,,,,,,,
G8Q153,G8Q153_PSEFL,1.0,1,,,,,,,,,
G4MVI8,G4MVI8_MAGO7,1.0,1,,,,,,,,,
G4QAM2,G4QAM2_TAYAM,1.0,1,,,,,,,,,
G4QKH5,G4QKH5_GLANF,1.0,1,,,,,,,,,
G4RBR6,G4RBR6_PELHB,1.0,1,,,,,,,,,
G4RD24,G4RD24_PELHB,1.0,1,,,,,,,,,
G4V0E7,G4V0E7_NEUT9,1.0,,,1,,,,,,,
G4Z0B7,G4Z0B7_PHYSP,1.0,1,,,,,,,,,
G7D869,G7D869_BRAJP,1.0,1,,,,,,,,,
G7E5F3,G7E5F3_MIXOS,1.0,,,1,,,,,,,
G7IHV7,G7IHV7_MEDTR,1.0,,,1,,,,,,,
G7P6H5,G7P6H5_MACFA,1.0,1,,,,,,,,,
G7TGY6,G7TGY6_XANOB,1.0,1,,,,,,,,,
G7URA1,G7URA1_PSEUP,1.0,1,,,,,,,,,
G7ZHE0,G7ZHE0_AZOL4,1.0,1,,,,,,,,,
G8AS02,G8AS02_AZOBR,1.0,1,,,,,,,,,
G8ATS9,G8ATS9_AZOBR,1.0,1,,,,,,,,,
G8C0Y4,G8C0Y4_TETPH,1.0,1,,,,,,,,,
G8M7N8,G8M7N8_9BURK,1.0,1,,,,,,,,,
G8MMR9,G8MMR9_9BURK,1.0,1,,,,,,,,,
A0A016PQE0,A0A016PQE0_GIBZA,1.0,,,1,,,,,,,
