,,,KOr74,GENETREEr79,OMAr2014,TREEFAMr9,ORTHODBv8,EggNOGv4,HOGENOMr6,HOVERGENr49,COGv2014,HumPhylomeDBv4
,,,NA,ENSGT00390000014551,DQQKGDS,TF315452,EOG7DNNTN,COG0666,HOG000285984,HBG080859,NA,Q3KP44
ACC,ENTRY_NAME,Db_count,,,,,,,,,,
Q8BLD6,ANR55_MOUSE,8.0,,1,1,1,1,1,1,1,,1
Q8BLD6,ANR55_MOUSE,8.0,,1,1,1,1,1,1,1,,1
Q3KP44,ANR55_HUMAN,8.0,,1,1,1,1,1,1,1,,1
A5PKD3,A5PKD3_BOVIN,7.0,,1,1,1,1,1,1,1,,
F1PTA2,F1PTA2_CANFA,4.0,,1,1,1,1,,,,,
F6UTT8,F6UTT8_HORSE,4.0,,1,1,1,1,,,,,
G1QP23,G1QP23_NOMLE,4.0,,1,1,1,1,,,,,
G3VKJ2,G3VKJ2_SARHA,4.0,,1,1,1,1,,,,,
G1LAD7,G1LAD7_AILME,4.0,,1,1,1,1,,,,,
H0VAV5,H0VAV5_CAVPO,4.0,,1,1,1,1,,,,,
F7GZ03,F7GZ03_CALJA,4.0,,1,1,1,1,,,,,
H0WWP0,H0WWP0_OTOGA,4.0,,1,1,1,1,,,,,
H0YWI8,H0YWI8_TAEGU,4.0,,1,1,1,1,,,,,
H2PFL1,H2PFL1_PONAB,4.0,,1,1,1,1,,,,,
H2QQX6,H2QQX6_PANTR,4.0,,1,1,1,1,,,,,
F6VCL6,F6VCL6_MONDO,4.0,,1,1,1,1,,,,,
G3TFD8,G3TFD8_LOXAF,4.0,,1,1,1,1,,,,,
F1SLL0,F1SLL0_PIG,4.0,,1,1,1,1,,,,,
F1N939,F1N939_CHICK,4.0,,1,1,1,1,,,,,
F1M1X7,F1M1X7_RAT,4.0,,1,1,1,1,,,,,
E7FFR2,E7FFR2_DANRE,4.0,,1,1,1,1,,,,,
H3AAS1,H3AAS1_LATCH,4.0,,1,1,1,1,,,,,
K7FIW3,K7FIW3_PELSI,4.0,,1,1,1,1,,,,,
G1TNJ4,G1TNJ4_RABIT,3.0,,1,,1,1,,,,,
I3M1J7,I3M1J7_SPETR,3.0,,1,,1,1,,,,,
M3WE29,M3WE29_FELCA,3.0,,1,1,,1,,,,,
M3Y800,M3Y800_MUSPF,3.0,,1,1,,1,,,,,
F6WNE1,F6WNE1_XENTR,3.0,,1,,1,1,,,,,
G3RIX1,G3RIX1_GORGO,3.0,,1,,1,1,,,,,
G1KQA7,G1KQA7_ANOCA,3.0,,1,,1,1,,,,,
F7AES6,F7AES6_ORNAN,3.0,,1,,1,1,,,,,
Q9SR03,Q9SR03_ARATH,2.0,,,,,,1,,,,1
P41412,RES2_SCHPO,2.0,,,,,,1,,,,1
Q9C7A2,Y3236_ARATH,2.0,,,,,,1,,,,1
Q8GXE6,AKT6_ARATH,2.0,,,,,,1,,,,1
W5MYF1,W5MYF1_LEPOC,2.0,,1,1,,,,,,,
A9VCW5,A9VCW5_MONBE,2.0,,,,,,1,,,,1
Q7Q2U1,Q7Q2U1_ANOGA,2.0,,,,,,1,,,,1
Q59T86,Q59T86_CANAL,2.0,,,,,,1,,,,1
Q54YL8,Q54YL8_DICDI,2.0,,,,,,1,,,,1
Q54KA7,SECG_DICDI,2.0,,,,,,1,,,,1
Q54F46,WARA_DICDI,2.0,,,,,,1,,,,1
A2E0Z9,A2E0Z9_TRIVA,2.0,,,,,,1,,,,1
A7SDI0,A7SDI0_NEMVE,2.0,,,,,,1,,,,1
Q08D58,Q08D58_XENTR,2.0,,,,,,1,,1,,
O18152,O18152_CAEEL,2.0,,,,,,1,,,,1
G3RUB6,G3RUB6_GORGO,2.0,,1,,,1,,,,,
A7S0Q6,A7S0Q6_NEMVE,2.0,,,,,1,1,,,,
A7EA71,A7EA71_SCLS1,2.0,,,,,,1,,,,1
B7PW93,B7PW93_IXOSC,2.0,,,,,,1,,,,1
A2G6E0,A2G6E0_TRIVA,2.0,,,,,,1,,,,1
D6RBD3,D6RBD3_HUMAN,2.0,,1,,,,,1,,,
F6YM37,F6YM37_XENTR,2.0,,1,1,,,,,,,
F6ZWS9,F6ZWS9_MACMU,2.0,,1,,,1,,,,,
F6ZX57,F6ZX57_MACMU,2.0,,1,,,1,,,,,
G1PHA0,G1PHA0_MYOLU,2.0,,1,,,1,,,,,
G3UQ61,G3UQ61_MELGA,2.0,,1,,,1,,,,,
G1TK01,G1TK01_RABIT,2.0,,1,,,1,,,,,
Q9M8S6,SKOR_ARATH,2.0,,,,,,1,,,,1
W5PC54,W5PC54_SHEEP,2.0,,1,1,,,,,,,
U3K8V2,U3K8V2_FICAL,2.0,,1,1,,,,,,,
A1VNN3,A1VNN3_POLNA,1.0,,,,,,1,,,,
A2G0T1,A2G0T1_TRIVA,1.0,,,,,,1,,,,
A2FZX0,A2FZX0_TRIVA,1.0,,,,,,1,,,,
A2G022,A2G022_TRIVA,1.0,,,,,,1,,,,
A2G045,A2G045_TRIVA,1.0,,,,,,1,,,,
A2G059,A2G059_TRIVA,1.0,,,,,,1,,,,
A2G090,A2G090_TRIVA,1.0,,,,,,1,,,,
A2G094,A2G094_TRIVA,1.0,,,,,,1,,,,
A2G096,A2G096_TRIVA,1.0,,,,,,1,,,,
A2G0K0,A2G0K0_TRIVA,1.0,,,,,,1,,,,
A2G0W7,A2G0W7_TRIVA,1.0,,,,,,1,,,,
A2FZU9,A2FZU9_TRIVA,1.0,,,,,,1,,,,
A2G0W9,A2G0W9_TRIVA,1.0,,,,,,1,,,,
A2G0X0,A2G0X0_TRIVA,1.0,,,,,,1,,,,
A2G0X1,A2G0X1_TRIVA,1.0,,,,,,1,,,,
A2G0X2,A2G0X2_TRIVA,1.0,,,,,,1,,,,
A2G0X4,A2G0X4_TRIVA,1.0,,,,,,1,,,,
A2G0X6,A2G0X6_TRIVA,1.0,,,,,,1,,,,
A2G118,A2G118_TRIVA,1.0,,,,,,1,,,,
A2G119,A2G119_TRIVA,1.0,,,,,,1,,,,
A2FZW8,A2FZW8_TRIVA,1.0,,,,,,1,,,,
A2FZS5,A2FZS5_TRIVA,1.0,,,,,,1,,,,
A2G472,A2G472_TRIVA,1.0,,,,,,1,,,,
A2FZP8,A2FZP8_TRIVA,1.0,,,,,,1,,,,
A2FYB1,A2FYB1_TRIVA,1.0,,,,,,1,,,,
A2FYB2,A2FYB2_TRIVA,1.0,,,,,,1,,,,
A2FYC0,A2FYC0_TRIVA,1.0,,,,,,1,,,,
A2FYD0,A2FYD0_TRIVA,1.0,,,,,,1,,,,
A2FYD8,A2FYD8_TRIVA,1.0,,,,,,1,,,,
A2FYI1,A2FYI1_TRIVA,1.0,,,,,,1,,,,
A2FYI4,A2FYI4_TRIVA,1.0,,,,,,1,,,,
A2FYQ0,A2FYQ0_TRIVA,1.0,,,,,,1,,,,
A2FYQ4,A2FYQ4_TRIVA,1.0,,,,,,1,,,,
A2FYQ9,A2FYQ9_TRIVA,1.0,,,,,,1,,,,
A2FYR1,A2FYR1_TRIVA,1.0,,,,,,1,,,,
A2FYR2,A2FYR2_TRIVA,1.0,,,,,,1,,,,
A2FYS1,A2FYS1_TRIVA,1.0,,,,,,1,,,,
A2FYV7,A2FYV7_TRIVA,1.0,,,,,,1,,,,
A2FYV8,A2FYV8_TRIVA,1.0,,,,,,1,,,,
A2FZ81,A2FZ81_TRIVA,1.0,,,,,,1,,,,
A2FZN7,A2FZN7_TRIVA,1.0,,,,,,1,,,,
A2G120,A2G120_TRIVA,1.0,,,,,,1,,,,
A2G141,A2G141_TRIVA,1.0,,,,,,1,,,,
A2G156,A2G156_TRIVA,1.0,,,,,,1,,,,
A2G327,A2G327_TRIVA,1.0,,,,,,1,,,,
A2G2D6,A2G2D6_TRIVA,1.0,,,,,,1,,,,
A2G2E1,A2G2E1_TRIVA,1.0,,,,,,1,,,,
A2G2J0,A2G2J0_TRIVA,1.0,,,,,,1,,,,
A2G2L4,A2G2L4_TRIVA,1.0,,,,,,1,,,,
A2G2M6,A2G2M6_TRIVA,1.0,,,,,,1,,,,
A2G2P6,A2G2P6_TRIVA,1.0,,,,,,1,,,,
A2G324,A2G324_TRIVA,1.0,,,,,,1,,,,
A2G326,A2G326_TRIVA,1.0,,,,,,1,,,,
A2G359,A2G359_TRIVA,1.0,,,,,,1,,,,
A2G157,A2G157_TRIVA,1.0,,,,,,1,,,,
A2G366,A2G366_TRIVA,1.0,,,,,,1,,,,
A2G3A6,A2G3A6_TRIVA,1.0,,,,,,1,,,,
A2G3C6,A2G3C6_TRIVA,1.0,,,,,,1,,,,
A2G3K7,A2G3K7_TRIVA,1.0,,,,,,1,,,,
A2G3M9,A2G3M9_TRIVA,1.0,,,,,,1,,,,
A2G3U3,A2G3U3_TRIVA,1.0,,,,,,1,,,,
A2G3U6,A2G3U6_TRIVA,1.0,,,,,,1,,,,
A2G407,A2G407_TRIVA,1.0,,,,,,1,,,,
A2G2B3,A2G2B3_TRIVA,1.0,,,,,,1,,,,
A2G2B2,A2G2B2_TRIVA,1.0,,,,,,1,,,,
A2G2A3,A2G2A3_TRIVA,1.0,,,,,,1,,,,
A2G239,A2G239_TRIVA,1.0,,,,,,1,,,,
A2G185,A2G185_TRIVA,1.0,,,,,,1,,,,
A2G195,A2G195_TRIVA,1.0,,,,,,1,,,,
A2G1B4,A2G1B4_TRIVA,1.0,,,,,,1,,,,
A2G1C8,A2G1C8_TRIVA,1.0,,,,,,1,,,,
A2G1F0,A2G1F0_TRIVA,1.0,,,,,,1,,,,
A2G1F7,A2G1F7_TRIVA,1.0,,,,,,1,,,,
A2G1H5,A2G1H5_TRIVA,1.0,,,,,,1,,,,
A2G1H6,A2G1H6_TRIVA,1.0,,,,,,1,,,,
A2G1K2,A2G1K2_TRIVA,1.0,,,,,,1,,,,
A2G1K3,A2G1K3_TRIVA,1.0,,,,,,1,,,,
A2G1T3,A2G1T3_TRIVA,1.0,,,,,,1,,,,
A2G1V9,A2G1V9_TRIVA,1.0,,,,,,1,,,,
A2G1Y9,A2G1Y9_TRIVA,1.0,,,,,,1,,,,
A2G1Z4,A2G1Z4_TRIVA,1.0,,,,,,1,,,,
A2G205,A2G205_TRIVA,1.0,,,,,,1,,,,
A2G224,A2G224_TRIVA,1.0,,,,,,1,,,,
A2G233,A2G233_TRIVA,1.0,,,,,,1,,,,
A2FYA6,A2FYA6_TRIVA,1.0,,,,,,1,,,,
A2FY98,A2FY98_TRIVA,1.0,,,,,,1,,,,
A2FY96,A2FY96_TRIVA,1.0,,,,,,1,,,,
A2FT77,A2FT77_TRIVA,1.0,,,,,,1,,,,
A2FSI5,A2FSI5_TRIVA,1.0,,,,,,1,,,,
A2FSJ3,A2FSJ3_TRIVA,1.0,,,,,,1,,,,
A2FSK8,A2FSK8_TRIVA,1.0,,,,,,1,,,,
A2FSM5,A2FSM5_TRIVA,1.0,,,,,,1,,,,
A2FSN0,A2FSN0_TRIVA,1.0,,,,,,1,,,,
A2FSR2,A2FSR2_TRIVA,1.0,,,,,,1,,,,
A2FT59,A2FT59_TRIVA,1.0,,,,,,1,,,,
A2FT62,A2FT62_TRIVA,1.0,,,,,,1,,,,
A2FT94,A2FT94_TRIVA,1.0,,,,,,1,,,,
A2FU97,A2FU97_TRIVA,1.0,,,,,,1,,,,
A2FTQ5,A2FTQ5_TRIVA,1.0,,,,,,1,,,,
A2FTQ7,A2FTQ7_TRIVA,1.0,,,,,,1,,,,
A2FTR1,A2FTR1_TRIVA,1.0,,,,,,1,,,,
A2FTS9,A2FTS9_TRIVA,1.0,,,,,,1,,,,
A2FU16,A2FU16_TRIVA,1.0,,,,,,1,,,,
A2FU73,A2FU73_TRIVA,1.0,,,,,,1,,,,
A2FU74,A2FU74_TRIVA,1.0,,,,,,1,,,,
A2FU89,A2FU89_TRIVA,1.0,,,,,,1,,,,
A2FSC6,A2FSC6_TRIVA,1.0,,,,,,1,,,,
A2FS53,A2FS53_TRIVA,1.0,,,,,,1,,,,
A2FS40,A2FS40_TRIVA,1.0,,,,,,1,,,,
A2FRZ6,A2FRZ6_TRIVA,1.0,,,,,,1,,,,
A2FQF5,A2FQF5_TRIVA,1.0,,,,,,1,,,,
A2FQL6,A2FQL6_TRIVA,1.0,,,,,,1,,,,
A2FQL7,A2FQL7_TRIVA,1.0,,,,,,1,,,,
A2FQP9,A2FQP9_TRIVA,1.0,,,,,,1,,,,
A2FQS2,A2FQS2_TRIVA,1.0,,,,,,1,,,,
A2FQS6,A2FQS6_TRIVA,1.0,,,,,,1,,,,
A2FQX3,A2FQX3_TRIVA,1.0,,,,,,1,,,,
A2FQY1,A2FQY1_TRIVA,1.0,,,,,,1,,,,
A2FR11,A2FR11_TRIVA,1.0,,,,,,1,,,,
A2FR37,A2FR37_TRIVA,1.0,,,,,,1,,,,
A2FRF7,A2FRF7_TRIVA,1.0,,,,,,1,,,,
A2FRH6,A2FRH6_TRIVA,1.0,,,,,,1,,,,
A2FRH8,A2FRH8_TRIVA,1.0,,,,,,1,,,,
A2FRJ2,A2FRJ2_TRIVA,1.0,,,,,,1,,,,
A2FRS8,A2FRS8_TRIVA,1.0,,,,,,1,,,,
A2FRS9,A2FRS9_TRIVA,1.0,,,,,,1,,,,
A2FRX3,A2FRX3_TRIVA,1.0,,,,,,1,,,,
A2FU92,A2FU92_TRIVA,1.0,,,,,,1,,,,
A2FUD3,A2FUD3_TRIVA,1.0,,,,,,1,,,,
A2FY63,A2FY63_TRIVA,1.0,,,,,,1,,,,
A2FXI6,A2FXI6_TRIVA,1.0,,,,,,1,,,,
A2FWY4,A2FWY4_TRIVA,1.0,,,,,,1,,,,
A2FWY5,A2FWY5_TRIVA,1.0,,,,,,1,,,,
A2FWZ1,A2FWZ1_TRIVA,1.0,,,,,,1,,,,
A2FX55,A2FX55_TRIVA,1.0,,,,,,1,,,,
A2FXA8,A2FXA8_TRIVA,1.0,,,,,,1,,,,
A2FXE6,A2FXE6_TRIVA,1.0,,,,,,1,,,,
A2FXH0,A2FXH0_TRIVA,1.0,,,,,,1,,,,
A2FXI3,A2FXI3_TRIVA,1.0,,,,,,1,,,,
A2FXI7,A2FXI7_TRIVA,1.0,,,,,,1,,,,
A2FUE8,A2FUE8_TRIVA,1.0,,,,,,1,,,,
A2FXR6,A2FXR6_TRIVA,1.0,,,,,,1,,,,
A2FXS5,A2FXS5_TRIVA,1.0,,,,,,1,,,,
A2FXS9,A2FXS9_TRIVA,1.0,,,,,,1,,,,
A2FXT1,A2FXT1_TRIVA,1.0,,,,,,1,,,,
A2FXT4,A2FXT4_TRIVA,1.0,,,,,,1,,,,
A2FXU0,A2FXU0_TRIVA,1.0,,,,,,1,,,,
A2FXV0,A2FXV0_TRIVA,1.0,,,,,,1,,,,
A2FXV5,A2FXV5_TRIVA,1.0,,,,,,1,,,,
A2FWR5,A2FWR5_TRIVA,1.0,,,,,,1,,,,
A2FWR4,A2FWR4_TRIVA,1.0,,,,,,1,,,,
A2FWE8,A2FWE8_TRIVA,1.0,,,,,,1,,,,
A2FWE5,A2FWE5_TRIVA,1.0,,,,,,1,,,,
A2FUG4,A2FUG4_TRIVA,1.0,,,,,,1,,,,
A2FUK2,A2FUK2_TRIVA,1.0,,,,,,1,,,,
A2FUQ6,A2FUQ6_TRIVA,1.0,,,,,,1,,,,
A2FUU6,A2FUU6_TRIVA,1.0,,,,,,1,,,,
A2FUY3,A2FUY3_TRIVA,1.0,,,,,,1,,,,
A2FUY6,A2FUY6_TRIVA,1.0,,,,,,1,,,,
A2FV30,A2FV30_TRIVA,1.0,,,,,,1,,,,
A2FV55,A2FV55_TRIVA,1.0,,,,,,1,,,,
A2FV81,A2FV81_TRIVA,1.0,,,,,,1,,,,
A2FVE2,A2FVE2_TRIVA,1.0,,,,,,1,,,,
A2FVG8,A2FVG8_TRIVA,1.0,,,,,,1,,,,
A2FVK9,A2FVK9_TRIVA,1.0,,,,,,1,,,,
A2FVV0,A2FVV0_TRIVA,1.0,,,,,,1,,,,
A2FVV8,A2FVV8_TRIVA,1.0,,,,,,1,,,,
A2FVW1,A2FVW1_TRIVA,1.0,,,,,,1,,,,
A2FW02,A2FW02_TRIVA,1.0,,,,,,1,,,,
A2FW15,A2FW15_TRIVA,1.0,,,,,,1,,,,
A2G446,A2G446_TRIVA,1.0,,,,,,1,,,,
A2G4B9,A2G4B9_TRIVA,1.0,,,,,,1,,,,
A2FQE1,A2FQE1_TRIVA,1.0,,,,,,1,,,,
A2HBS3,A2HBS3_TRIVA,1.0,,,,,,1,,,,
A2GZ71,A2GZ71_TRIVA,1.0,,,,,,1,,,,
A2H1V6,A2H1V6_TRIVA,1.0,,,,,,1,,,,
A2H3V1,A2H3V1_TRIVA,1.0,,,,,,1,,,,
A2H5U6,A2H5U6_TRIVA,1.0,,,,,,1,,,,
A2H7U4,A2H7U4_TRIVA,1.0,,,,,,1,,,,
A2H9S8,A2H9S8_TRIVA,1.0,,,,,,1,,,,
A2HA91,A2HA91_TRIVA,1.0,,,,,,1,,,,
A2HBN1,A2HBN1_TRIVA,1.0,,,,,,1,,,,
A2HCY1,A2HCY1_TRIVA,1.0,,,,,,1,,,,
A0K814,A0K814_BURCH,1.0,,,,,,1,,,,
A2HDR2,A2HDR2_TRIVA,1.0,,,,,,1,,,,
A2HER6,A2HER6_TRIVA,1.0,,,,,,1,,,,
A2HES9,A2HES9_TRIVA,1.0,,,,,,1,,,,
A2HHJ9,A2HHJ9_TRIVA,1.0,,,,,,1,,,,
A2HIC1,A2HIC1_TRIVA,1.0,,,,,,1,,,,
A2HIC2,A2HIC2_TRIVA,1.0,,,,,,1,,,,
A2HK49,A2HK49_TRIVA,1.0,,,,,,1,,,,
A2HLX7,A2HLX7_TRIVA,1.0,,,,,,1,,,,
A2GYZ0,A2GYZ0_TRIVA,1.0,,,,,,1,,,,
A2GYW5,A2GYW5_TRIVA,1.0,,,,,,1,,,,
A2GYS4,A2GYS4_TRIVA,1.0,,,,,,1,,,,
A2GXQ9,A2GXQ9_TRIVA,1.0,,,,,,1,,,,
A2GL83,A2GL83_TRIVA,1.0,,,,,,1,,,,
A2GLC6,A2GLC6_TRIVA,1.0,,,,,,1,,,,
A2GLQ0,A2GLQ0_TRIVA,1.0,,,,,,1,,,,
A2GMB8,A2GMB8_TRIVA,1.0,,,,,,1,,,,
A2GMB9,A2GMB9_TRIVA,1.0,,,,,,1,,,,
A2GMC0,A2GMC0_TRIVA,1.0,,,,,,1,,,,
A2GMJ5,A2GMJ5_TRIVA,1.0,,,,,,1,,,,
A2GMV4,A2GMV4_TRIVA,1.0,,,,,,1,,,,
A2GN49,A2GN49_TRIVA,1.0,,,,,,1,,,,
A2GN94,A2GN94_TRIVA,1.0,,,,,,1,,,,
A2GPJ4,A2GPJ4_TRIVA,1.0,,,,,,1,,,,
A2GQP2,A2GQP2_TRIVA,1.0,,,,,,1,,,,
A2GQW4,A2GQW4_TRIVA,1.0,,,,,,1,,,,
A2GRM3,A2GRM3_TRIVA,1.0,,,,,,1,,,,
A2GRX6,A2GRX6_TRIVA,1.0,,,,,,1,,,,
A2GSR7,A2GSR7_TRIVA,1.0,,,,,,1,,,,
A2GUQ1,A2GUQ1_TRIVA,1.0,,,,,,1,,,,
A2HM04,A2HM04_TRIVA,1.0,,,,,,1,,,,
A2HMB8,A2HMB8_TRIVA,1.0,,,,,,1,,,,
A2G4S9,A2G4S9_TRIVA,1.0,,,,,,1,,,,
A2Y2V7,A2Y2V7_ORYSI,1.0,,,,,,1,,,,
A2XF89,A2XF89_ORYSI,1.0,,,,,,1,,,,
A2XHP2,A2XHP2_ORYSI,1.0,,,,,,1,,,,
A2XK80,A2XK80_ORYSI,1.0,,,,,,1,,,,
A2XKN8,A2XKN8_ORYSI,1.0,,,,,,1,,,,
A2XKP0,A2XKP0_ORYSI,1.0,,,,,,1,,,,
A2XP52,A2XP52_ORYSI,1.0,,,,,,1,,,,
A2XTX0,A2XTX0_ORYSI,1.0,,,,,,1,,,,
A2XUX8,A2XUX8_ORYSI,1.0,,,,,,1,,,,
A2Y4W9,A2Y4W9_ORYSI,1.0,,,,,,1,,,,
A2HMW1,A2HMW1_TRIVA,1.0,,,,,,1,,,,
A2Y4X9,A2Y4X9_ORYSI,1.0,,,,,,1,,,,
A2Y8T9,A2Y8T9_ORYSI,1.0,,,,,,1,,,,
A2YB35,A2YB35_ORYSI,1.0,,,,,,1,,,,
A2YBA9,A2YBA9_ORYSI,1.0,,,,,,1,,,,
A2YIN5,A2YIN5_ORYSI,1.0,,,,,,1,,,,
A2YJ29,A2YJ29_ORYSI,1.0,,,,,,1,,,,
A2YM33,A2YM33_ORYSI,1.0,,,,,,1,,,,
A2YM50,A2YM50_ORYSI,1.0,,,,,,1,,,,
A2XF88,A2XF88_ORYSI,1.0,,,,,,1,,,,
A2XC71,A2XC71_ORYSI,1.0,,,,,,1,,,,
A2XAF8,A2XAF8_ORYSI,1.0,,,,,,1,,,,
A2X9C6,A2X9C6_ORYSI,1.0,,,,,,1,,,,
A2HN18,A2HN18_TRIVA,1.0,,,,,,1,,,,
A2HP18,A2HP18_TRIVA,1.0,,,,,,1,,,,
A2HR08,A2HR08_TRIVA,1.0,,,,,,1,,,,
A2HRM9,A2HRM9_TRIVA,1.0,,,,,,1,,,,
A2HS92,A2HS92_TRIVA,1.0,,,,,,1,,,,
A2HY24,A2HY24_TRIVA,1.0,,,,,,1,,,,
A2SBK5,A2SBK5_BURM9,1.0,,,,,,1,,,,
A2SGX5,A2SGX5_METPP,1.0,,,,,,1,,,,
A2SMQ5,A2SMQ5_METPP,1.0,,,,,,1,,,,
A2T6X1,A2T6X1_PANTR,1.0,,,,,,1,,,,
A2T7G8,A2T7G8_PONPY,1.0,,,,,,1,,,,
A2VDV1,A2VDV1_BOVIN,1.0,,,,,,1,,,,
A2WL96,A2WL96_ORYSI,1.0,,,,,,1,,,,
A2WWS0,A2WWS0_ORYSI,1.0,,,,,,1,,,,
A2WZM7,A2WZM7_ORYSI,1.0,,,,,,1,,,,
A2X508,A2X508_ORYSI,1.0,,,,,,1,,,,
A2X521,A2X521_ORYSI,1.0,,,,,,1,,,,
A2GKT2,A2GKT2_TRIVA,1.0,,,,,,1,,,,
A2GKG3,A2GKG3_TRIVA,1.0,,,,,,1,,,,
A2GKG2,A2GKG2_TRIVA,1.0,,,,,,1,,,,
A2G787,A2G787_TRIVA,1.0,,,,,,1,,,,
A2G6D9,A2G6D9_TRIVA,1.0,,,,,,1,,,,
A0L850,A0L850_MAGSM,1.0,,,,,,1,,,,
A2G6I1,A2G6I1_TRIVA,1.0,,,,,,1,,,,
A2G6I7,A2G6I7_TRIVA,1.0,,,,,,1,,,,
A2G6Y3,A2G6Y3_TRIVA,1.0,,,,,,1,,,,
A2G715,A2G715_TRIVA,1.0,,,,,,1,,,,
A2G738,A2G738_TRIVA,1.0,,,,,,1,,,,
A2G756,A2G756_TRIVA,1.0,,,,,,1,,,,
A2G797,A2G797_TRIVA,1.0,,,,,,1,,,,
A2GKD0,A2GKD0_TRIVA,1.0,,,,,,1,,,,
A2G7K3,A2G7K3_TRIVA,1.0,,,,,,1,,,,
A2G7L7,A2G7L7_TRIVA,1.0,,,,,,1,,,,
A2G7M9,A2G7M9_TRIVA,1.0,,,,,,1,,,,
A2G7Q6,A2G7Q6_TRIVA,1.0,,,,,,1,,,,
A2G7S6,A2G7S6_TRIVA,1.0,,,,,,1,,,,
A2G7T4,A2G7T4_TRIVA,1.0,,,,,,1,,,,
A2G7Y1,A2G7Y1_TRIVA,1.0,,,,,,1,,,,
A2G823,A2G823_TRIVA,1.0,,,,,,1,,,,
A2G6C7,A2G6C7_TRIVA,1.0,,,,,,1,,,,
A2G663,A2G663_TRIVA,1.0,,,,,,1,,,,
A2G647,A2G647_TRIVA,1.0,,,,,,1,,,,
A2G610,A2G610_TRIVA,1.0,,,,,,1,,,,
A2G4U2,A2G4U2_TRIVA,1.0,,,,,,1,,,,
A2G4U4,A2G4U4_TRIVA,1.0,,,,,,1,,,,
A2G4V0,A2G4V0_TRIVA,1.0,,,,,,1,,,,
A2G533,A2G533_TRIVA,1.0,,,,,,1,,,,
A2G574,A2G574_TRIVA,1.0,,,,,,1,,,,
A2G5A3,A2G5A3_TRIVA,1.0,,,,,,1,,,,
A2G5A4,A2G5A4_TRIVA,1.0,,,,,,1,,,,
A2G5D1,A2G5D1_TRIVA,1.0,,,,,,1,,,,
A2G5G8,A2G5G8_TRIVA,1.0,,,,,,1,,,,
A2G5J0,A2G5J0_TRIVA,1.0,,,,,,1,,,,
A2G5P9,A2G5P9_TRIVA,1.0,,,,,,1,,,,
A2G5Q1,A2G5Q1_TRIVA,1.0,,,,,,1,,,,
A2G5Q7,A2G5Q7_TRIVA,1.0,,,,,,1,,,,
A2G5R3,A2G5R3_TRIVA,1.0,,,,,,1,,,,
A2G5X2,A2G5X2_TRIVA,1.0,,,,,,1,,,,
A2G5X4,A2G5X4_TRIVA,1.0,,,,,,1,,,,
A2G601,A2G601_TRIVA,1.0,,,,,,1,,,,
A2G859,A2G859_TRIVA,1.0,,,,,,1,,,,
A2G880,A2G880_TRIVA,1.0,,,,,,1,,,,
A2G8C6,A2G8C6_TRIVA,1.0,,,,,,1,,,,
A2GDG4,A2GDG4_TRIVA,1.0,,,,,,1,,,,
A2GED9,A2GED9_TRIVA,1.0,,,,,,1,,,,
A2GEE8,A2GEE8_TRIVA,1.0,,,,,,1,,,,
A2GF62,A2GF62_TRIVA,1.0,,,,,,1,,,,
A2GFA7,A2GFA7_TRIVA,1.0,,,,,,1,,,,
A2GG09,A2GG09_TRIVA,1.0,,,,,,1,,,,
A2GGG3,A2GGG3_TRIVA,1.0,,,,,,1,,,,
A2GGG6,A2GGG6_TRIVA,1.0,,,,,,1,,,,
A2GGZ9,A2GGZ9_TRIVA,1.0,,,,,,1,,,,
A2GH03,A2GH03_TRIVA,1.0,,,,,,1,,,,
A2GH04,A2GH04_TRIVA,1.0,,,,,,1,,,,
A2GHG6,A2GHG6_TRIVA,1.0,,,,,,1,,,,
A2GHK0,A2GHK0_TRIVA,1.0,,,,,,1,,,,
A2GHP8,A2GHP8_TRIVA,1.0,,,,,,1,,,,
A2GIR2,A2GIR2_TRIVA,1.0,,,,,,1,,,,
A2GIR6,A2GIR6_TRIVA,1.0,,,,,,1,,,,
A2GIR9,A2GIR9_TRIVA,1.0,,,,,,1,,,,
A2GJX7,A2GJX7_TRIVA,1.0,,,,,,1,,,,
A2GDT2,A2GDT2_TRIVA,1.0,,,,,,1,,,,
A2GD81,A2GD81_TRIVA,1.0,,,,,,1,,,,
A2G8M7,A2G8M7_TRIVA,1.0,,,,,,1,,,,
A2GCW5,A2GCW5_TRIVA,1.0,,,,,,1,,,,
A2G8M9,A2G8M9_TRIVA,1.0,,,,,,1,,,,
A2G929,A2G929_TRIVA,1.0,,,,,,1,,,,
A2G947,A2G947_TRIVA,1.0,,,,,,1,,,,
A2G9E9,A2G9E9_TRIVA,1.0,,,,,,1,,,,
A2G9F0,A2G9F0_TRIVA,1.0,,,,,,1,,,,
A2G9F7,A2G9F7_TRIVA,1.0,,,,,,1,,,,
A2G9N3,A2G9N3_TRIVA,1.0,,,,,,1,,,,
A2GA02,A2GA02_TRIVA,1.0,,,,,,1,,,,
A2GAS0,A2GAS0_TRIVA,1.0,,,,,,1,,,,
A2GAT7,A2GAT7_TRIVA,1.0,,,,,,1,,,,
A2GB51,A2GB51_TRIVA,1.0,,,,,,1,,,,
A2GBA5,A2GBA5_TRIVA,1.0,,,,,,1,,,,
A2GBD1,A2GBD1_TRIVA,1.0,,,,,,1,,,,
A2GBD7,A2GBD7_TRIVA,1.0,,,,,,1,,,,
A2GBJ2,A2GBJ2_TRIVA,1.0,,,,,,1,,,,
A2GC86,A2GC86_TRIVA,1.0,,,,,,1,,,,
A2GCC8,A2GCC8_TRIVA,1.0,,,,,,1,,,,
A2FQE2,A2FQE2_TRIVA,1.0,,,,,,1,,,,
A2FQE0,A2FQE0_TRIVA,1.0,,,,,,1,,,,
A2YT41,A2YT41_ORYSI,1.0,,,,,,1,,,,
A2F9P7,A2F9P7_TRIVA,1.0,,,,,,1,,,,
A2F9F3,A2F9F3_TRIVA,1.0,,,,,,1,,,,
A2F9F9,A2F9F9_TRIVA,1.0,,,,,,1,,,,
A2F9I2,A2F9I2_TRIVA,1.0,,,,,,1,,,,
A2F9J3,A2F9J3_TRIVA,1.0,,,,,,1,,,,
A2F9J5,A2F9J5_TRIVA,1.0,,,,,,1,,,,
A2F9J6,A2F9J6_TRIVA,1.0,,,,,,1,,,,
A2F9J7,A2F9J7_TRIVA,1.0,,,,,,1,,,,
A2F9M2,A2F9M2_TRIVA,1.0,,,,,,1,,,,
A2F9V8,A2F9V8_TRIVA,1.0,,,,,,1,,,,
A2FAH1,A2FAH1_TRIVA,1.0,,,,,,1,,,,
A2FA17,A2FA17_TRIVA,1.0,,,,,,1,,,,
A2FA18,A2FA18_TRIVA,1.0,,,,,,1,,,,
A2FA28,A2FA28_TRIVA,1.0,,,,,,1,,,,
A2FA93,A2FA93_TRIVA,1.0,,,,,,1,,,,
A2FAA3,A2FAA3_TRIVA,1.0,,,,,,1,,,,
A2FAB0,A2FAB0_TRIVA,1.0,,,,,,1,,,,
A2FAB8,A2FAB8_TRIVA,1.0,,,,,,1,,,,
A2FAC4,A2FAC4_TRIVA,1.0,,,,,,1,,,,
A2F9E1,A2F9E1_TRIVA,1.0,,,,,,1,,,,
A2F961,A2F961_TRIVA,1.0,,,,,,1,,,,
A2F903,A2F903_TRIVA,1.0,,,,,,1,,,,
A2F8Y6,A2F8Y6_TRIVA,1.0,,,,,,1,,,,
A2F7J5,A2F7J5_TRIVA,1.0,,,,,,1,,,,
A2F7N0,A2F7N0_TRIVA,1.0,,,,,,1,,,,
A2F7V0,A2F7V0_TRIVA,1.0,,,,,,1,,,,
A2F7V8,A2F7V8_TRIVA,1.0,,,,,,1,,,,
A2F7Y6,A2F7Y6_TRIVA,1.0,,,,,,1,,,,
A2F7Z6,A2F7Z6_TRIVA,1.0,,,,,,1,,,,
A2F7Z9,A2F7Z9_TRIVA,1.0,,,,,,1,,,,
A2F800,A2F800_TRIVA,1.0,,,,,,1,,,,
A2F810,A2F810_TRIVA,1.0,,,,,,1,,,,
A2F813,A2F813_TRIVA,1.0,,,,,,1,,,,
A2F857,A2F857_TRIVA,1.0,,,,,,1,,,,
A2F895,A2F895_TRIVA,1.0,,,,,,1,,,,
A2F8D8,A2F8D8_TRIVA,1.0,,,,,,1,,,,
A2F8E7,A2F8E7_TRIVA,1.0,,,,,,1,,,,
A2F8L3,A2F8L3_TRIVA,1.0,,,,,,1,,,,
A2F8R2,A2F8R2_TRIVA,1.0,,,,,,1,,,,
A2F8X6,A2F8X6_TRIVA,1.0,,,,,,1,,,,
A2FAF1,A2FAF1_TRIVA,1.0,,,,,,1,,,,
A2FAH3,A2FAH3_TRIVA,1.0,,,,,,1,,,,
A2FCV4,A2FCV4_TRIVA,1.0,,,,,,1,,,,
A2FC83,A2FC83_TRIVA,1.0,,,,,,1,,,,
A2FBM0,A2FBM0_TRIVA,1.0,,,,,,1,,,,
A2FBM1,A2FBM1_TRIVA,1.0,,,,,,1,,,,
A2FBP1,A2FBP1_TRIVA,1.0,,,,,,1,,,,
A2FC08,A2FC08_TRIVA,1.0,,,,,,1,,,,
A2FC11,A2FC11_TRIVA,1.0,,,,,,1,,,,
A2FC12,A2FC12_TRIVA,1.0,,,,,,1,,,,
A2FC17,A2FC17_TRIVA,1.0,,,,,,1,,,,
A2FC39,A2FC39_TRIVA,1.0,,,,,,1,,,,
A2FCB9,A2FCB9_TRIVA,1.0,,,,,,1,,,,
A2FAI5,A2FAI5_TRIVA,1.0,,,,,,1,,,,
A2FCC0,A2FCC0_TRIVA,1.0,,,,,,1,,,,
A2FCC7,A2FCC7_TRIVA,1.0,,,,,,1,,,,
A2FCD0,A2FCD0_TRIVA,1.0,,,,,,1,,,,
A2FCD2,A2FCD2_TRIVA,1.0,,,,,,1,,,,
A2FCM4,A2FCM4_TRIVA,1.0,,,,,,1,,,,
A2FCM6,A2FCM6_TRIVA,1.0,,,,,,1,,,,
A2FCP7,A2FCP7_TRIVA,1.0,,,,,,1,,,,
A2FCR5,A2FCR5_TRIVA,1.0,,,,,,1,,,,
A2FBI0,A2FBI0_TRIVA,1.0,,,,,,1,,,,
A2FBF4,A2FBF4_TRIVA,1.0,,,,,,1,,,,
A2FB62,A2FB62_TRIVA,1.0,,,,,,1,,,,
A2FB43,A2FB43_TRIVA,1.0,,,,,,1,,,,
A2FAI7,A2FAI7_TRIVA,1.0,,,,,,1,,,,
A2FAJ1,A2FAJ1_TRIVA,1.0,,,,,,1,,,,
A2FAK8,A2FAK8_TRIVA,1.0,,,,,,1,,,,
A2FAP1,A2FAP1_TRIVA,1.0,,,,,,1,,,,
A2FAR1,A2FAR1_TRIVA,1.0,,,,,,1,,,,
A2FAR6,A2FAR6_TRIVA,1.0,,,,,,1,,,,
A2FAS0,A2FAS0_TRIVA,1.0,,,,,,1,,,,
A2FAU1,A2FAU1_TRIVA,1.0,,,,,,1,,,,
A2FAU2,A2FAU2_TRIVA,1.0,,,,,,1,,,,
A2FAU3,A2FAU3_TRIVA,1.0,,,,,,1,,,,
A2FAU7,A2FAU7_TRIVA,1.0,,,,,,1,,,,
A2FAX8,A2FAX8_TRIVA,1.0,,,,,,1,,,,
A2FAY2,A2FAY2_TRIVA,1.0,,,,,,1,,,,
A2FAZ4,A2FAZ4_TRIVA,1.0,,,,,,1,,,,
A2FAZ5,A2FAZ5_TRIVA,1.0,,,,,,1,,,,
A2FB16,A2FB16_TRIVA,1.0,,,,,,1,,,,
A2FB38,A2FB38_TRIVA,1.0,,,,,,1,,,,
A2F7I9,A2F7I9_TRIVA,1.0,,,,,,1,,,,
A2F7I3,A2F7I3_TRIVA,1.0,,,,,,1,,,,
A2F7B7,A2F7B7_TRIVA,1.0,,,,,,1,,,,
A2F4F0,A2F4F0_TRIVA,1.0,,,,,,1,,,,
A2F462,A2F462_TRIVA,1.0,,,,,,1,,,,
A2F472,A2F472_TRIVA,1.0,,,,,,1,,,,
A2F475,A2F475_TRIVA,1.0,,,,,,1,,,,
A2F4A6,A2F4A6_TRIVA,1.0,,,,,,1,,,,
A2F4A9,A2F4A9_TRIVA,1.0,,,,,,1,,,,
A2F4B4,A2F4B4_TRIVA,1.0,,,,,,1,,,,
A2F4C9,A2F4C9_TRIVA,1.0,,,,,,1,,,,
A2F4D0,A2F4D0_TRIVA,1.0,,,,,,1,,,,
A2F4F1,A2F4F1_TRIVA,1.0,,,,,,1,,,,
A2F776,A2F776_TRIVA,1.0,,,,,,1,,,,
A2F4F8,A2F4F8_TRIVA,1.0,,,,,,1,,,,
A2F4H6,A2F4H6_TRIVA,1.0,,,,,,1,,,,
A2F4L6,A2F4L6_TRIVA,1.0,,,,,,1,,,,
A2F4N8,A2F4N8_TRIVA,1.0,,,,,,1,,,,
A2F4P4,A2F4P4_TRIVA,1.0,,,,,,1,,,,
A2F4T3,A2F4T3_TRIVA,1.0,,,,,,1,,,,
A2F4X9,A2F4X9_TRIVA,1.0,,,,,,1,,,,
A2F4Z0,A2F4Z0_TRIVA,1.0,,,,,,1,,,,
A2F453,A2F453_TRIVA,1.0,,,,,,1,,,,
A2F3Z8,A2F3Z8_TRIVA,1.0,,,,,,1,,,,
A2F3Z7,A2F3Z7_TRIVA,1.0,,,,,,1,,,,
A2F3Z4,A2F3Z4_TRIVA,1.0,,,,,,1,,,,
A2F2U8,A2F2U8_TRIVA,1.0,,,,,,1,,,,
A2F2X3,A2F2X3_TRIVA,1.0,,,,,,1,,,,
A2F337,A2F337_TRIVA,1.0,,,,,,1,,,,
A2F364,A2F364_TRIVA,1.0,,,,,,1,,,,
A2F367,A2F367_TRIVA,1.0,,,,,,1,,,,
A2F380,A2F380_TRIVA,1.0,,,,,,1,,,,
A2F384,A2F384_TRIVA,1.0,,,,,,1,,,,
A2F389,A2F389_TRIVA,1.0,,,,,,1,,,,
A2F390,A2F390_TRIVA,1.0,,,,,,1,,,,
A2F3B5,A2F3B5_TRIVA,1.0,,,,,,1,,,,
A2F3E3,A2F3E3_TRIVA,1.0,,,,,,1,,,,
A2F3F6,A2F3F6_TRIVA,1.0,,,,,,1,,,,
A2F3I7,A2F3I7_TRIVA,1.0,,,,,,1,,,,
A2F3N9,A2F3N9_TRIVA,1.0,,,,,,1,,,,
A2F3S4,A2F3S4_TRIVA,1.0,,,,,,1,,,,
A2F3V2,A2F3V2_TRIVA,1.0,,,,,,1,,,,
A2F3W1,A2F3W1_TRIVA,1.0,,,,,,1,,,,
A2F516,A2F516_TRIVA,1.0,,,,,,1,,,,
A2F524,A2F524_TRIVA,1.0,,,,,,1,,,,
A2F555,A2F555_TRIVA,1.0,,,,,,1,,,,
A2F6B6,A2F6B6_TRIVA,1.0,,,,,,1,,,,
A2F6E9,A2F6E9_TRIVA,1.0,,,,,,1,,,,
A2F6G5,A2F6G5_TRIVA,1.0,,,,,,1,,,,
A2F6P1,A2F6P1_TRIVA,1.0,,,,,,1,,,,
A2F6V8,A2F6V8_TRIVA,1.0,,,,,,1,,,,
A2F6W0,A2F6W0_TRIVA,1.0,,,,,,1,,,,
A2F6W3,A2F6W3_TRIVA,1.0,,,,,,1,,,,
A2F6W4,A2F6W4_TRIVA,1.0,,,,,,1,,,,
A2F6Y3,A2F6Y3_TRIVA,1.0,,,,,,1,,,,
A2F6Z8,A2F6Z8_TRIVA,1.0,,,,,,1,,,,
A2F713,A2F713_TRIVA,1.0,,,,,,1,,,,
A2F718,A2F718_TRIVA,1.0,,,,,,1,,,,
A2F723,A2F723_TRIVA,1.0,,,,,,1,,,,
A2F724,A2F724_TRIVA,1.0,,,,,,1,,,,
A2F735,A2F735_TRIVA,1.0,,,,,,1,,,,
A2F751,A2F751_TRIVA,1.0,,,,,,1,,,,
A2F767,A2F767_TRIVA,1.0,,,,,,1,,,,
A2F773,A2F773_TRIVA,1.0,,,,,,1,,,,
A2F6B7,A2F6B7_TRIVA,1.0,,,,,,1,,,,
A2F6A4,A2F6A4_TRIVA,1.0,,,,,,1,,,,
A2F579,A2F579_TRIVA,1.0,,,,,,1,,,,
A2F699,A2F699_TRIVA,1.0,,,,,,1,,,,
A2F587,A2F587_TRIVA,1.0,,,,,,1,,,,
A2F588,A2F588_TRIVA,1.0,,,,,,1,,,,
A2F595,A2F595_TRIVA,1.0,,,,,,1,,,,
A2F5A3,A2F5A3_TRIVA,1.0,,,,,,1,,,,
A2F5C0,A2F5C0_TRIVA,1.0,,,,,,1,,,,
A2F5E3,A2F5E3_TRIVA,1.0,,,,,,1,,,,
A2F5N0,A2F5N0_TRIVA,1.0,,,,,,1,,,,
A2F5N4,A2F5N4_TRIVA,1.0,,,,,,1,,,,
A2F5S8,A2F5S8_TRIVA,1.0,,,,,,1,,,,
A2F5T0,A2F5T0_TRIVA,1.0,,,,,,1,,,,
A2F5X2,A2F5X2_TRIVA,1.0,,,,,,1,,,,
A2F5X5,A2F5X5_TRIVA,1.0,,,,,,1,,,,
A2F5Z4,A2F5Z4_TRIVA,1.0,,,,,,1,,,,
A2F604,A2F604_TRIVA,1.0,,,,,,1,,,,
A2F618,A2F618_TRIVA,1.0,,,,,,1,,,,
A2F621,A2F621_TRIVA,1.0,,,,,,1,,,,
A2F665,A2F665_TRIVA,1.0,,,,,,1,,,,
A2FCV3,A2FCV3_TRIVA,1.0,,,,,,1,,,,
A2FCV8,A2FCV8_TRIVA,1.0,,,,,,1,,,,
A2FQC8,A2FQC8_TRIVA,1.0,,,,,,1,,,,
A2FLL3,A2FLL3_TRIVA,1.0,,,,,,1,,,,
A2FL71,A2FL71_TRIVA,1.0,,,,,,1,,,,
A2FL82,A2FL82_TRIVA,1.0,,,,,,1,,,,
A2FL86,A2FL86_TRIVA,1.0,,,,,,1,,,,
A2FL87,A2FL87_TRIVA,1.0,,,,,,1,,,,
A2FL95,A2FL95_TRIVA,1.0,,,,,,1,,,,
A2FLA3,A2FLA3_TRIVA,1.0,,,,,,1,,,,
A2FLI3,A2FLI3_TRIVA,1.0,,,,,,1,,,,
A2FLI9,A2FLI9_TRIVA,1.0,,,,,,1,,,,
A2FLQ8,A2FLQ8_TRIVA,1.0,,,,,,1,,,,
A2FMD0,A2FMD0_TRIVA,1.0,,,,,,1,,,,
A2FLR5,A2FLR5_TRIVA,1.0,,,,,,1,,,,
A2FLR8,A2FLR8_TRIVA,1.0,,,,,,1,,,,
A2FLT3,A2FLT3_TRIVA,1.0,,,,,,1,,,,
A2FLW9,A2FLW9_TRIVA,1.0,,,,,,1,,,,
A2FM90,A2FM90_TRIVA,1.0,,,,,,1,,,,
A2FMC0,A2FMC0_TRIVA,1.0,,,,,,1,,,,
A2FMC1,A2FMC1_TRIVA,1.0,,,,,,1,,,,
A2FMC6,A2FMC6_TRIVA,1.0,,,,,,1,,,,
A2FL60,A2FL60_TRIVA,1.0,,,,,,1,,,,
A2FL14,A2FL14_TRIVA,1.0,,,,,,1,,,,
A2FKW7,A2FKW7_TRIVA,1.0,,,,,,1,,,,
A2FKN7,A2FKN7_TRIVA,1.0,,,,,,1,,,,
A2FJ12,A2FJ12_TRIVA,1.0,,,,,,1,,,,
A2FJ20,A2FJ20_TRIVA,1.0,,,,,,1,,,,
A2FJ27,A2FJ27_TRIVA,1.0,,,,,,1,,,,
A2FJ81,A2FJ81_TRIVA,1.0,,,,,,1,,,,
A2FJB8,A2FJB8_TRIVA,1.0,,,,,,1,,,,
A2FJC7,A2FJC7_TRIVA,1.0,,,,,,1,,,,
A2FJE3,A2FJE3_TRIVA,1.0,,,,,,1,,,,
A2FJP9,A2FJP9_TRIVA,1.0,,,,,,1,,,,
A2FJS1,A2FJS1_TRIVA,1.0,,,,,,1,,,,
A2FJV1,A2FJV1_TRIVA,1.0,,,,,,1,,,,
A2FJV9,A2FJV9_TRIVA,1.0,,,,,,1,,,,
A2FJZ2,A2FJZ2_TRIVA,1.0,,,,,,1,,,,
A2FK07,A2FK07_TRIVA,1.0,,,,,,1,,,,
A2FK11,A2FK11_TRIVA,1.0,,,,,,1,,,,
A2FK61,A2FK61_TRIVA,1.0,,,,,,1,,,,
A2FKD1,A2FKD1_TRIVA,1.0,,,,,,1,,,,
A2FKI5,A2FKI5_TRIVA,1.0,,,,,,1,,,,
A2FMC8,A2FMC8_TRIVA,1.0,,,,,,1,,,,
A2FME1,A2FME1_TRIVA,1.0,,,,,,1,,,,
A2FCX6,A2FCX6_TRIVA,1.0,,,,,,1,,,,
A2FPL5,A2FPL5_TRIVA,1.0,,,,,,1,,,,
A2FNV6,A2FNV6_TRIVA,1.0,,,,,,1,,,,
A2FNW1,A2FNW1_TRIVA,1.0,,,,,,1,,,,
A2FP09,A2FP09_TRIVA,1.0,,,,,,1,,,,
A2FP15,A2FP15_TRIVA,1.0,,,,,,1,,,,
A2FP40,A2FP40_TRIVA,1.0,,,,,,1,,,,
A2FP41,A2FP41_TRIVA,1.0,,,,,,1,,,,
A2FPH9,A2FPH9_TRIVA,1.0,,,,,,1,,,,
A2FPL4,A2FPL4_TRIVA,1.0,,,,,,1,,,,
A2FPM2,A2FPM2_TRIVA,1.0,,,,,,1,,,,
A2FME9,A2FME9_TRIVA,1.0,,,,,,1,,,,
A2FPS7,A2FPS7_TRIVA,1.0,,,,,,1,,,,
A2FPX2,A2FPX2_TRIVA,1.0,,,,,,1,,,,
A2FQ20,A2FQ20_TRIVA,1.0,,,,,,1,,,,
A2FQ28,A2FQ28_TRIVA,1.0,,,,,,1,,,,
A2FQ66,A2FQ66_TRIVA,1.0,,,,,,1,,,,
A2FQ72,A2FQ72_TRIVA,1.0,,,,,,1,,,,
A2FQA5,A2FQA5_TRIVA,1.0,,,,,,1,,,,
A2FQB3,A2FQB3_TRIVA,1.0,,,,,,1,,,,
A2FNU9,A2FNU9_TRIVA,1.0,,,,,,1,,,,
A2FNS8,A2FNS8_TRIVA,1.0,,,,,,1,,,,
A2FNS2,A2FNS2_TRIVA,1.0,,,,,,1,,,,
A2FNQ1,A2FNQ1_TRIVA,1.0,,,,,,1,,,,
A2FML5,A2FML5_TRIVA,1.0,,,,,,1,,,,
A2FMP2,A2FMP2_TRIVA,1.0,,,,,,1,,,,
A2FMP9,A2FMP9_TRIVA,1.0,,,,,,1,,,,
A2FMS4,A2FMS4_TRIVA,1.0,,,,,,1,,,,
A2FMT6,A2FMT6_TRIVA,1.0,,,,,,1,,,,
A2FMT7,A2FMT7_TRIVA,1.0,,,,,,1,,,,
A2FMV4,A2FMV4_TRIVA,1.0,,,,,,1,,,,
A2FMW2,A2FMW2_TRIVA,1.0,,,,,,1,,,,
A2FN38,A2FN38_TRIVA,1.0,,,,,,1,,,,
A2FN61,A2FN61_TRIVA,1.0,,,,,,1,,,,
A2FN65,A2FN65_TRIVA,1.0,,,,,,1,,,,
A2FN78,A2FN78_TRIVA,1.0,,,,,,1,,,,
A2FNE2,A2FNE2_TRIVA,1.0,,,,,,1,,,,
A2FNE7,A2FNE7_TRIVA,1.0,,,,,,1,,,,
A2FNF7,A2FNF7_TRIVA,1.0,,,,,,1,,,,
A2FNL9,A2FNL9_TRIVA,1.0,,,,,,1,,,,
A2FNP2,A2FNP2_TRIVA,1.0,,,,,,1,,,,
A2FJ11,A2FJ11_TRIVA,1.0,,,,,,1,,,,
A2FJ10,A2FJ10_TRIVA,1.0,,,,,,1,,,,
A2FJ02,A2FJ02_TRIVA,1.0,,,,,,1,,,,
A2FF34,A2FF34_TRIVA,1.0,,,,,,1,,,,
A2FEL6,A2FEL6_TRIVA,1.0,,,,,,1,,,,
A2FEP1,A2FEP1_TRIVA,1.0,,,,,,1,,,,
A2FEP4,A2FEP4_TRIVA,1.0,,,,,,1,,,,
A2FEX3,A2FEX3_TRIVA,1.0,,,,,,1,,,,
A2FF07,A2FF07_TRIVA,1.0,,,,,,1,,,,
A2FF10,A2FF10_TRIVA,1.0,,,,,,1,,,,
A2FF24,A2FF24_TRIVA,1.0,,,,,,1,,,,
A2FF25,A2FF25_TRIVA,1.0,,,,,,1,,,,
A2FF35,A2FF35_TRIVA,1.0,,,,,,1,,,,
A2FIW5,A2FIW5_TRIVA,1.0,,,,,,1,,,,
A2FF92,A2FF92_TRIVA,1.0,,,,,,1,,,,
A2FFF2,A2FFF2_TRIVA,1.0,,,,,,1,,,,
A2FFF3,A2FFF3_TRIVA,1.0,,,,,,1,,,,
A2FFH3,A2FFH3_TRIVA,1.0,,,,,,1,,,,
A2FFL5,A2FFL5_TRIVA,1.0,,,,,,1,,,,
A2FFM1,A2FFM1_TRIVA,1.0,,,,,,1,,,,
A2FFR4,A2FFR4_TRIVA,1.0,,,,,,1,,,,
A2FFR6,A2FFR6_TRIVA,1.0,,,,,,1,,,,
A2FEJ2,A2FEJ2_TRIVA,1.0,,,,,,1,,,,
A2FEJ1,A2FEJ1_TRIVA,1.0,,,,,,1,,,,
A2FEC4,A2FEC4_TRIVA,1.0,,,,,,1,,,,
A2FEA9,A2FEA9_TRIVA,1.0,,,,,,1,,,,
A2FCY5,A2FCY5_TRIVA,1.0,,,,,,1,,,,
A2FD48,A2FD48_TRIVA,1.0,,,,,,1,,,,
A2FD63,A2FD63_TRIVA,1.0,,,,,,1,,,,
A2FD79,A2FD79_TRIVA,1.0,,,,,,1,,,,
A2FD81,A2FD81_TRIVA,1.0,,,,,,1,,,,
A2FD85,A2FD85_TRIVA,1.0,,,,,,1,,,,
A2FD99,A2FD99_TRIVA,1.0,,,,,,1,,,,
A2FDB4,A2FDB4_TRIVA,1.0,,,,,,1,,,,
A2FDI5,A2FDI5_TRIVA,1.0,,,,,,1,,,,
A2FDJ0,A2FDJ0_TRIVA,1.0,,,,,,1,,,,
A2FDJ8,A2FDJ8_TRIVA,1.0,,,,,,1,,,,
A2FDP3,A2FDP3_TRIVA,1.0,,,,,,1,,,,
A2FDR2,A2FDR2_TRIVA,1.0,,,,,,1,,,,
A2FE09,A2FE09_TRIVA,1.0,,,,,,1,,,,
A2FE34,A2FE34_TRIVA,1.0,,,,,,1,,,,
A2FE73,A2FE73_TRIVA,1.0,,,,,,1,,,,
A2FE83,A2FE83_TRIVA,1.0,,,,,,1,,,,
A2FFS2,A2FFS2_TRIVA,1.0,,,,,,1,,,,
A2FFV8,A2FFV8_TRIVA,1.0,,,,,,1,,,,
A2FG57,A2FG57_TRIVA,1.0,,,,,,1,,,,
A2FH37,A2FH37_TRIVA,1.0,,,,,,1,,,,
A2FHB9,A2FHB9_TRIVA,1.0,,,,,,1,,,,
A2FHD7,A2FHD7_TRIVA,1.0,,,,,,1,,,,
A2FHF3,A2FHF3_TRIVA,1.0,,,,,,1,,,,
A2FHF4,A2FHF4_TRIVA,1.0,,,,,,1,,,,
A2FHG2,A2FHG2_TRIVA,1.0,,,,,,1,,,,
A2FHI3,A2FHI3_TRIVA,1.0,,,,,,1,,,,
A2FHP0,A2FHP0_TRIVA,1.0,,,,,,1,,,,
A2FHQ9,A2FHQ9_TRIVA,1.0,,,,,,1,,,,
A2FHT6,A2FHT6_TRIVA,1.0,,,,,,1,,,,
A2FHV3,A2FHV3_TRIVA,1.0,,,,,,1,,,,
A2FHX2,A2FHX2_TRIVA,1.0,,,,,,1,,,,
A2FI52,A2FI52_TRIVA,1.0,,,,,,1,,,,
A2FIE8,A2FIE8_TRIVA,1.0,,,,,,1,,,,
A2FIP7,A2FIP7_TRIVA,1.0,,,,,,1,,,,
A2FIT0,A2FIT0_TRIVA,1.0,,,,,,1,,,,
A2FIT9,A2FIT9_TRIVA,1.0,,,,,,1,,,,
A2FIV1,A2FIV1_TRIVA,1.0,,,,,,1,,,,
A2FH86,A2FH86_TRIVA,1.0,,,,,,1,,,,
A2FH26,A2FH26_TRIVA,1.0,,,,,,1,,,,
A2FG62,A2FG62_TRIVA,1.0,,,,,,1,,,,
A2FH09,A2FH09_TRIVA,1.0,,,,,,1,,,,
A2FG68,A2FG68_TRIVA,1.0,,,,,,1,,,,
A2FG84,A2FG84_TRIVA,1.0,,,,,,1,,,,
A2FG85,A2FG85_TRIVA,1.0,,,,,,1,,,,
A2FG86,A2FG86_TRIVA,1.0,,,,,,1,,,,
A2FG87,A2FG87_TRIVA,1.0,,,,,,1,,,,
A2FG88,A2FG88_TRIVA,1.0,,,,,,1,,,,
A2FG89,A2FG89_TRIVA,1.0,,,,,,1,,,,
A2FGB4,A2FGB4_TRIVA,1.0,,,,,,1,,,,
A2FGJ6,A2FGJ6_TRIVA,1.0,,,,,,1,,,,
A2FGL8,A2FGL8_TRIVA,1.0,,,,,,1,,,,
A2FGM3,A2FGM3_TRIVA,1.0,,,,,,1,,,,
A2FGP6,A2FGP6_TRIVA,1.0,,,,,,1,,,,
A2FGV0,A2FGV0_TRIVA,1.0,,,,,,1,,,,
A2FGX8,A2FGX8_TRIVA,1.0,,,,,,1,,,,
A2FGY1,A2FGY1_TRIVA,1.0,,,,,,1,,,,
A2FH03,A2FH03_TRIVA,1.0,,,,,,1,,,,
A2FH04,A2FH04_TRIVA,1.0,,,,,,1,,,,
A2YPJ6,A2YPJ6_ORYSI,1.0,,,,,,1,,,,
A2YV06,A2YV06_ORYSI,1.0,,,,,,1,,,,
A1VPS7,A1VPS7_POLNA,1.0,,,,,,1,,,,
A8WT89,A8WT89_CAEBR,1.0,,,,,,1,,,,
A8KBG6,A8KBG6_XENTR,1.0,,,,,,1,,,,
A8MR72,A8MR72_ARATH,1.0,,,,,,1,,,,
A8WG24,A8WG24_DANRE,1.0,,,,,,1,,,,
A8WGB7,A8WGB7_DANRE,1.0,,,,,,1,,,,
A8WGG4,A8WGG4_XENTR,1.0,,,,,,1,,,,
A8WGH1,A8WGH1_XENTR,1.0,,,,,,1,,,,
A8WJ29,A8WJ29_CAEBR,1.0,,,,,,1,,,,
A8WPF2,A8WPF2_CAEBR,1.0,,,,,,1,,,,
A8WWP2,A8WWP2_CAEBR,1.0,,,,,,1,,,,
A8X8Z3,A8X8Z3_CAEBR,1.0,,,,,,1,,,,
A8WWT1,A8WWT1_CAEBR,1.0,,,,,,1,,,,
A8X073,A8X073_CAEBR,1.0,,,,,,1,,,,
A8X0I9,A8X0I9_CAEBR,1.0,,,,,,1,,,,
A8X0Q6,A8X0Q6_CAEBR,1.0,,,,,,1,,,,
A8X159,A8X159_CAEBR,1.0,,,,,,1,,,,
A8X345,A8X345_CAEBR,1.0,,,,,,1,,,,
A8X358,A8X358_CAEBR,1.0,,,,,,1,,,,
A8X360,A8X360_CAEBR,1.0,,,,,,1,,,,
A8K420,A8K420_HUMAN,1.0,,,,,,1,,,,
A8JQS3,A8JQS3_DROME,1.0,,,,,,1,,,,
A8JNT4,A8JNT4_DROME,1.0,,,,,,1,,,,
A8JNM4,A8JNM4_DROME,1.0,,,,,,1,,,,
A8ICI6,A8ICI6_CHLRE,1.0,,,,,,1,,,,
A8IDS2,A8IDS2_CHLRE,1.0,,,,,,1,,,,
A8IIR2,A8IIR2_AZOC5,1.0,,,,,,1,,,,
A8IQA5,A8IQA5_CHLRE,1.0,,,,,,1,,,,
A8ISF3,A8ISF3_CHLRE,1.0,,,,,,1,,,,
A8J2U6,A8J2U6_CHLRE,1.0,,,,,,1,,,,
A8J3J0,A8J3J0_CHLRE,1.0,,,,,,1,,,,
A8J6E1,A8J6E1_CHLRE,1.0,,,,,,1,,,,
A8J7D1,A8J7D1_CHLRE,1.0,,,,,,1,,,,
A8J8T0,A8J8T0_CHLRE,1.0,,,,,,1,,,,
A8JAQ5,A8JAQ5_CHLRE,1.0,,,,,,1,,,,
A8JEI6,A8JEI6_CHLRE,1.0,,,,,,1,,,,
A8JEQ8,A8JEQ8_CHLRE,1.0,,,,,,1,,,,
A8JGU6,A8JGU6_CHLRE,1.0,,,,,,1,,,,
A8JHJ0,A8JHJ0_CHLRE,1.0,,,,,,1,,,,
A8JHN2,A8JHN2_CHLRE,1.0,,,,,,1,,,,
A8JHT3,A8JHT3_CHLRE,1.0,,,,,,1,,,,
A8X8B6,A8X8B6_CAEBR,1.0,,,,,,1,,,,
A8X916,A8X916_CAEBR,1.0,,,,,,1,,,,
A9KGV3,A9KGV3_COXBN,1.0,,,,,,1,,,,
A9JS01,A9JS01_XENTR,1.0,,,,,,1,,,,
A9B7S8,A9B7S8_HERA2,1.0,,,,,,1,,,,
A9BZM6,A9BZM6_DELAS,1.0,,,,,,1,,,,
A9C286,A9C286_DELAS,1.0,,,,,,1,,,,
A9C3P2,A9C3P2_DANRE,1.0,,,,,,1,,,,
A9CIM0,A9CIM0_AGRT5,1.0,,,,,,1,,,,
A9INK1,A9INK1_BORPD,1.0,,,,,,1,,,,
A9JPD9,A9JPD9_ASPFL,1.0,,,,,,1,,,,
A9JR78,TONSL_DANRE,1.0,,,,,,1,,,,
A9JSX4,A9JSX4_DANRE,1.0,,,,,,1,,,,
A8X923,A8X923_CAEBR,1.0,,,,,,1,,,,
A9JT26,A9JT26_DANRE,1.0,,,,,,1,,,,
A9JTU6,A9JTU6_XENTR,1.0,,,,,,1,,,,
A9KBX4,A9KBX4_COXBN,1.0,,,,,,1,,,,
A9KCI2,A9KCI2_COXBN,1.0,,,,,,1,,,,
A9KDN1,A9KDN1_COXBN,1.0,,,,,,1,,,,
A9KEE4,A9KEE4_COXBN,1.0,,,,,,1,,,,
A9KFL4,A9KFL4_COXBN,1.0,,,,,,1,,,,
A9KFR3,A9KFR3_COXBN,1.0,,,,,,1,,,,
A9B7C1,A9B7C1_HERA2,1.0,,,,,,1,,,,
A9AJU5,A9AJU5_BURM1,1.0,,,,,,1,,,,
A8ZYH7,A8ZYH7_DESOH,1.0,,,,,,1,,,,
A8ZYH6,A8ZYH6_DESOH,1.0,,,,,,1,,,,
A8XGP7,A8XGP7_CAEBR,1.0,,,,,,1,,,,
A8XH99,A8XH99_CAEBR,1.0,,,,,,1,,,,
A8XHA8,A8XHA8_CAEBR,1.0,,,,,,1,,,,
A8XIB6,A8XIB6_CAEBR,1.0,,,,,,1,,,,
A8XLK7,A8XLK7_CAEBR,1.0,,,,,,1,,,,
A8XMM2,A8XMM2_CAEBR,1.0,,,,,,1,,,,
A8XWR4,A8XWR4_CAEBR,1.0,,,,,,1,,,,
A8XXU3,A8XXU3_CAEBR,1.0,,,,,,1,,,,
A8XXU5,A8XXU5_CAEBR,1.0,,,,,,1,,,,
A8Y163,A8Y163_CAEBR,1.0,,,,,,1,,,,
A8Y2W8,A8Y2W8_CAEBR,1.0,,,,,,1,,,,
A8Y311,A8Y311_CAEBR,1.0,,,,,,1,,,,
A8Y409,A8Y409_CAEBR,1.0,,,,,,1,,,,
A8Y582,A8Y582_DROME,1.0,,,,,,1,,,,
A8ZPC2,A8ZPC2_ACAM1,1.0,,,,,,1,,,,
A8ZX47,A8ZX47_DESOH,1.0,,,,,,1,,,,
A8ZXK2,A8ZXK2_DESOH,1.0,,,,,,1,,,,
A8I5T2,A8I5T2_CHLRE,1.0,,,,,,1,,,,
A8I5I0,A8I5I0_CHLRE,1.0,,,,,,1,,,,
A8I471,A8I471_CHLRE,1.0,,,,,,1,,,,
A8B6P4,A8B6P4_GIAIC,1.0,,,,,,,,,,1
A7TT04,A7TT04_VANPO,1.0,,,,,,1,,,,
A7YY60,A7YY60_BOVIN,1.0,,,,,,1,,,,
A7Z034,A7Z034_BOVIN,1.0,,,,,,1,,,,
A7Z090,A7Z090_BOVIN,1.0,,,,,,1,,,,
A7ZDV6,A7ZDV6_CAMC1,1.0,,,,,,1,,,,
A7ZI61,A7ZI61_ECO24,1.0,,,,,,1,,,,
A7ZUN1,A7ZUN1_ECO24,1.0,,,,,,1,,,,
A7ZWW3,A7ZWW3_ECOHS,1.0,,,,,,1,,,,
A8B919,A8B919_GIAIC,1.0,,,,,,,,,,1
A8I2W0,A8I2W0_CHLRE,1.0,,,,,,1,,,,
A8B9X0,A8B9X0_GIAIC,1.0,,,,,,,,,,1
A8BLD9,A8BLD9_GIAIC,1.0,,,,,,,,,,1
A8BTM3,A8BTM3_GIAIC,1.0,,,,,,,,,,1
A8DYV6,A8DYV6_DROME,1.0,,,,,,1,,,,
A8DZD6,A8DZD6_DANRE,1.0,,,,,,1,,,,
A8E4V4,A8E4V4_XENTR,1.0,,,,,,1,,,,
A8E4X0,A8E4X0_XENTR,1.0,,,,,,1,,,,
A8E576,A8E576_DANRE,1.0,,,,,,1,,,,
A7TQ58,A7TQ58_VANPO,1.0,,,,,,1,,,,
A7TPR4,A7TPR4_VANPO,1.0,,,,,,1,,,,
A7TPG3,A7TPG3_VANPO,1.0,,,,,,1,,,,
A7TP25,A7TP25_VANPO,1.0,,,,,,1,,,,
A7T2T0,A7T2T0_NEMVE,1.0,,,,,,1,,,,
A7T774,A7T774_NEMVE,1.0,,,,,,1,,,,
A7T8D8,A7T8D8_NEMVE,1.0,,,,,,1,,,,
A7T9H1,A7T9H1_NEMVE,1.0,,,,,,1,,,,
A7TAD3,A7TAD3_NEMVE,1.0,,,,,,1,,,,
A7TAK8,A7TAK8_NEMVE,1.0,,,,,,1,,,,
A7TDV2,A7TDV2_VANPO,1.0,,,,,,1,,,,
A7TEV8,A7TEV8_VANPO,1.0,,,,,,1,,,,
A7TFG2,A7TFG2_VANPO,1.0,,,,,,1,,,,
A7TG26,A7TG26_VANPO,1.0,,,,,,1,,,,
A7TGJ1,A7TGJ1_VANPO,1.0,,,,,,1,,,,
A7THF3,A7THF3_VANPO,1.0,,,,,,1,,,,
A7TI37,A7TI37_VANPO,1.0,,,,,,1,,,,
A7TI58,A7TI58_VANPO,1.0,,,,,,1,,,,
A7TIK4,A7TIK4_VANPO,1.0,,,,,,1,,,,
A7TJU7,A7TJU7_VANPO,1.0,,,,,,1,,,,
A7TLT7,A7TLT7_VANPO,1.0,,,,,,1,,,,
A8ESQ1,A8ESQ1_ARCB4,1.0,,,,,,1,,,,
A8EV26,A8EV26_ARCB4,1.0,,,,,,1,,,,
A8EWU6,A8EWU6_ARCB4,1.0,,,,,,1,,,,
A8GW73,A8GW73_RICB8,1.0,,,,,,1,,,,
A8GXB9,A8GXB9_RICB8,1.0,,,,,,1,,,,
A8GXC7,A8GXC7_RICB8,1.0,,,,,,1,,,,
A8GXG0,A8GXG0_RICB8,1.0,,,,,,1,,,,
A8GXG2,A8GXG2_RICB8,1.0,,,,,,1,,,,
A8GXN1,A8GXN1_RICB8,1.0,,,,,,1,,,,
A8GXP4,A8GXP4_RICB8,1.0,,,,,,1,,,,
A8GXY2,A8GXY2_RICB8,1.0,,,,,,1,,,,
A8GXY4,A8GXY4_RICB8,1.0,,,,,,1,,,,
A8GYB9,A8GYB9_RICB8,1.0,,,,,,1,,,,
A8GYR8,A8GYR8_SHEPA,1.0,,,,,,1,,,,
A8H7N4,A8H7N4_SHEPA,1.0,,,,,,1,,,,
A8HNK2,A8HNK2_CHLRE,1.0,,,,,,1,,,,
A8HPD6,A8HPD6_CHLRE,1.0,,,,,,1,,,,
A8HSW2,A8HSW2_CHLRE,1.0,,,,,,1,,,,
A8HZ94,A8HZ94_CHLRE,1.0,,,,,,1,,,,
A8HZE4,A8HZE4_AZOC5,1.0,,,,,,1,,,,
A8I1Y0,A8I1Y0_CHLRE,1.0,,,,,,1,,,,
A8GWD6,A8GWD6_RICB8,1.0,,,,,,1,,,,
A8GW60,A8GW60_RICB8,1.0,,,,,,1,,,,
A8EXX4,A8EXX4_RICCK,1.0,,,,,,1,,,,
A8GW17,A8GW17_RICB8,1.0,,,,,,1,,,,
A8F0Y4,A8F0Y4_RICM5,1.0,,,,,,1,,,,
A8F1Y6,A8F1Y6_RICM5,1.0,,,,,,1,,,,
A8F2W1,A8F2W1_RICM5,1.0,,,,,,1,,,,
A8FLP3,A8FLP3_CAMJ8,1.0,,,,,,1,,,,
A8FN65,A8FN65_CAMJ8,1.0,,,,,,1,,,,
A8FYD3,A8FYD3_SHESH,1.0,,,,,,1,,,,
A8G0Z0,A8G0Z0_SHESH,1.0,,,,,,1,,,,
A8G8P6,A8G8P6_SERP5,1.0,,,,,,1,,,,
A8GI36,A8GI36_SERP5,1.0,,,,,,1,,,,
A8GMM2,A8GMM2_RICAH,1.0,,,,,,1,,,,
A8GR93,A8GR93_RICRS,1.0,,,,,,1,,,,
A8GRT2,A8GRT2_RICRS,1.0,,,,,,1,,,,
A8GSJ0,A8GSJ0_RICRS,1.0,,,,,,1,,,,
A8GVF1,A8GVF1_RICB8,1.0,,,,,,1,,,,
A8GVH2,A8GVH2_RICB8,1.0,,,,,,1,,,,
A8GVQ9,A8GVQ9_RICB8,1.0,,,,,,1,,,,
A8GW06,A8GW06_RICB8,1.0,,,,,,1,,,,
A9KG53,A9KG53_COXBN,1.0,,,,,,1,,,,
A9KGV4,A9KGV4_COXBN,1.0,,,,,,1,,,,
A7T193,A7T193_NEMVE,1.0,,,,,,1,,,,
B0S4T8,B0S4T8_DANRE,1.0,,,,,,1,,,,
B0KPT7,B0KPT7_PSEPG,1.0,,,,,,1,,,,
B0KUL4,B0KUL4_PSEPG,1.0,,,,,,1,,,,
B0R1B4,B0R1B4_DANRE,1.0,,,,,,1,,,,
B0RNM1,B0RNM1_XANCB,1.0,,,,,,1,,,,
B0RQQ8,B0RQQ8_XANCB,1.0,,,,,,1,,,,
B0RXL7,B0RXL7_XANCB,1.0,,,,,,1,,,,
B0RXW8,B0RXW8_XANCB,1.0,,,,,,1,,,,
B0RYM1,B0RYM1_XANCB,1.0,,,,,,1,,,,
B0S563,B0S563_DANRE,1.0,,,,,,1,,,,
B0SHR1,B0SHR1_LEPBA,1.0,,,,,,1,,,,
B0S5R2,B0S5R2_DANRE,1.0,,,,,,1,,,,
B0S6J8,B0S6J8_DANRE,1.0,,,,,,1,,,,
B0S9K6,B0S9K6_LEPBA,1.0,,,,,,1,,,,
B0SC73,B0SC73_LEPBA,1.0,,,,,,1,,,,
B0SET1,B0SET1_LEPBA,1.0,,,,,,1,,,,
B0SFK5,B0SFK5_LEPBA,1.0,,,,,,1,,,,
B0SFM8,B0SFM8_LEPBA,1.0,,,,,,1,,,,
B0SG07,B0SG07_LEPBA,1.0,,,,,,1,,,,
B0JZF8,B0JZF8_XENTR,1.0,,,,,,1,,,,
B0JZE5,B0JZE5_XENTR,1.0,,,,,,1,,,,
B0JZD4,B0JZD4_XENTR,1.0,,,,,,1,,,,
B0JTI1,B0JTI1_MICAN,1.0,,,,,,1,,,,
A9W8T6,A9W8T6_METEP,1.0,,,,,,1,,,,
B0BNH5,B0BNH5_RAT,1.0,,,,,,1,,,,
B0BWF6,B0BWF6_RICRO,1.0,,,,,,1,,,,
B0BWP3,B0BWP3_RICRO,1.0,,,,,,1,,,,
B0BX88,B0BX88_RICRO,1.0,,,,,,1,,,,
B0BY04,B0BY04_RICRO,1.0,,,,,,1,,,,
B0C188,B0C188_ACAM1,1.0,,,,,,1,,,,
B0C5C6,B0C5C6_ACAM1,1.0,,,,,,1,,,,
B0C5I4,B0C5I4_ACAM1,1.0,,,,,,1,,,,
B0C6U9,B0C6U9_ACAM1,1.0,,,,,,1,,,,
B0C6W9,B0C6W9_ACAM1,1.0,,,,,,1,,,,
B0C712,B0C712_ACAM1,1.0,,,,,,1,,,,
B0C713,B0C713_ACAM1,1.0,,,,,,1,,,,
B0CA17,B0CA17_ACAM1,1.0,,,,,,1,,,,
B0CB27,B0CB27_ACAM1,1.0,,,,,,1,,,,
B0CFW4,B0CFW4_ACAM1,1.0,,,,,,1,,,,
B0G125,Y5168_DICDI,1.0,,,,,,1,,,,
B0SGY3,B0SGY3_LEPBA,1.0,,,,,,1,,,,
B0SJ21,B0SJ21_LEPBP,1.0,,,,,,1,,,,
A9KX40,A9KX40_SHEB9,1.0,,,,,,1,,,,
B0W0T5,B0W0T5_CULQU,1.0,,,,,,1,,,,
B0V5V4,B0V5V4_ACIBY,1.0,,,,,,1,,,,
B0VB33,B0VB33_ACIBY,1.0,,,,,,1,,,,
B0VP55,B0VP55_ACIBS,1.0,,,,,,1,,,,
B0VRN8,B0VRN8_ACIBS,1.0,,,,,,1,,,,
B0VZJ6,B0VZJ6_CULQU,1.0,,,,,,1,,,,
B0W064,B0W064_CULQU,1.0,,,,,,1,,,,
B0W065,B0W065_CULQU,1.0,,,,,,1,,,,
B0W0P7,B0W0P7_CULQU,1.0,,,,,,1,,,,
B0W1C3,B0W1C3_CULQU,1.0,,,,,,1,,,,
B0SJS2,B0SJS2_LEPBP,1.0,,,,,,1,,,,
B0W1Q1,B0W1Q1_CULQU,1.0,,,,,,1,,,,
B0W268,B0W268_CULQU,1.0,,,,,,1,,,,
B0W283,B0W283_CULQU,1.0,,,,,,1,,,,
B0W486,B0W486_CULQU,1.0,,,,,,1,,,,
B0W487,B0W487_CULQU,1.0,,,,,,1,,,,
B0W4J7,B0W4J7_CULQU,1.0,,,,,,1,,,,
B0W563,B0W563_CULQU,1.0,,,,,,1,,,,
B0W5K8,B0W5K8_CULQU,1.0,,,,,,1,,,,
B0V2R4,B0V2R4_DANRE,1.0,,,,,,1,,,,
B0V082,B0V082_DANRE,1.0,,,,,,1,,,,
B0UZD0,B0UZD0_DANRE,1.0,,,,,,1,,,,
B0UXZ0,B0UXZ0_DANRE,1.0,,,,,,1,,,,
B0SKK3,B0SKK3_LEPBP,1.0,,,,,,1,,,,
B0SMU0,B0SMU0_LEPBP,1.0,,,,,,1,,,,
B0SNC3,B0SNC3_LEPBP,1.0,,,,,,1,,,,
B0SNN9,B0SNN9_LEPBP,1.0,,,,,,1,,,,
B0SNR6,B0SNR6_LEPBP,1.0,,,,,,1,,,,
B0SPL1,B0SPL1_LEPBP,1.0,,,,,,1,,,,
B0SPM8,B0SPM8_LEPBP,1.0,,,,,,1,,,,
B0SQD8,B0SQD8_LEPBP,1.0,,,,,,1,,,,
B0SRD1,B0SRD1_LEPBP,1.0,,,,,,1,,,,
B0SYP9,B0SYP9_CAUSK,1.0,,,,,,1,,,,
B0SZY3,B0SZY3_CAUSK,1.0,,,,,,1,,,,
B0TMZ4,B0TMZ4_SHEHH,1.0,,,,,,1,,,,
B0TQS5,B0TQS5_SHEHH,1.0,,,,,,1,,,,
B0TRW6,B0TRW6_SHEHH,1.0,,,,,,1,,,,
A0AZ08,A0AZ08_BURCH,1.0,,,,,,1,,,,
B0U2V6,B0U2V6_XYLFM,1.0,,,,,,1,,,,
B0U8S9,B0U8S9_METS4,1.0,,,,,,1,,,,
A9VTP7,A9VTP7_BACWK,1.0,,,,,,1,,,,
A9VT19,A9VT19_BACWK,1.0,,,,,,1,,,,
A9VEC4,A9VEC4_MONBE,1.0,,,,,,1,,,,
A9UU73,A9UU73_MONBE,1.0,,,,,,1,,,,
A9UQE7,A9UQE7_MONBE,1.0,,,,,,1,,,,
A9UR55,A9UR55_MONBE,1.0,,,,,,1,,,,
A9URQ1,A9URQ1_MONBE,1.0,,,,,,1,,,,
A9URQ4,A9URQ4_MONBE,1.0,,,,,,1,,,,
A9URT0,A9URT0_MONBE,1.0,,,,,,1,,,,
A9USI3,A9USI3_MONBE,1.0,,,,,,1,,,,
A9USL6,A9USL6_MONBE,1.0,,,,,,1,,,,
A9UT23,A9UT23_MONBE,1.0,,,,,,1,,,,
A9UUA0,A9UUA0_MONBE,1.0,,,,,,1,,,,
A9VEB4,A9VEB4_MONBE,1.0,,,,,,1,,,,
A9UUP2,A9UUP2_MONBE,1.0,,,,,,1,,,,
A9UUW1,A9UUW1_MONBE,1.0,,,,,,1,,,,
A9UVD3,A9UVD3_MONBE,1.0,,,,,,1,,,,
A9UVG7,A9UVG7_MONBE,1.0,,,,,,1,,,,
A9UW83,A9UW83_MONBE,1.0,,,,,,1,,,,
A9UWA3,A9UWA3_MONBE,1.0,,,,,,1,,,,
A9UWN3,A9UWN3_MONBE,1.0,,,,,,1,,,,
A9UXE5,A9UXE5_MONBE,1.0,,,,,,1,,,,
A9UQB4,A9UQB4_MONBE,1.0,,,,,,1,,,,
A9UPY1,A9UPY1_MONBE,1.0,,,,,,1,,,,
A9UPV4,A9UPV4_MONBE,1.0,,,,,,1,,,,
A9UP74,A9UP74_MONBE,1.0,,,,,,1,,,,
A9LZ56,A9LZ56_NEIM0,1.0,,,,,,1,,,,
A9MHE3,A9MHE3_SALAR,1.0,,,,,,1,,,,
A9N9N4,A9N9N4_COXBR,1.0,,,,,,1,,,,
A9NAB9,A9NAB9_COXBR,1.0,,,,,,1,,,,
A9NAF4,A9NAF4_COXBR,1.0,,,,,,1,,,,
A9NBR6,A9NBR6_COXBR,1.0,,,,,,1,,,,
A9NGK4,A9NGK4_ACHLI,1.0,,,,,,1,,,,
A9PBK0,A9PBK0_POPTR,1.0,,,,,,1,,,,
A9PD93,A9PD93_POPTR,1.0,,,,,,1,,,,
A9PDB7,A9PDB7_POPTR,1.0,,,,,,1,,,,
A9PDF9,A9PDF9_POPTR,1.0,,,,,,1,,,,
A9PDX2,A9PDX2_POPTR,1.0,,,,,,1,,,,
A9PGF7,A9PGF7_POPTR,1.0,,,,,,1,,,,
A9R0Z2,A9R0Z2_YERPG,1.0,,,,,,1,,,,
A9R3Z0,A9R3Z0_YERPG,1.0,,,,,,1,,,,
A9UNM0,A9UNM0_MONBE,1.0,,,,,,1,,,,
A9UNM2,A9UNM2_MONBE,1.0,,,,,,1,,,,
A9UY50,A9UY50_MONBE,1.0,,,,,,1,,,,
A9UYB4,A9UYB4_MONBE,1.0,,,,,,1,,,,
A9UZ45,A9UZ45_MONBE,1.0,,,,,,1,,,,
A9V8Q6,A9V8Q6_MONBE,1.0,,,,,,1,,,,
A9V9K3,A9V9K3_MONBE,1.0,,,,,,1,,,,
A9V9K4,A9V9K4_MONBE,1.0,,,,,,1,,,,
A9VA20,A9VA20_MONBE,1.0,,,,,,1,,,,
A9VAA7,A9VAA7_MONBE,1.0,,,,,,1,,,,
A9VAV8,A9VAV8_MONBE,1.0,,,,,,1,,,,
A9VBC0,A9VBC0_MONBE,1.0,,,,,,1,,,,
A9VBY1,A9VBY1_MONBE,1.0,,,,,,1,,,,
A9VCN2,A9VCN2_MONBE,1.0,,,,,,1,,,,
A9VCP3,A9VCP3_MONBE,1.0,,,,,,1,,,,
A9VCS5,A9VCS5_MONBE,1.0,,,,,,1,,,,
A9VD45,A9VD45_MONBE,1.0,,,,,,1,,,,
A9VD64,A9VD64_MONBE,1.0,,,,,,1,,,,
A9VDA0,A9VDA0_MONBE,1.0,,,,,,1,,,,
A9VDU7,A9VDU7_MONBE,1.0,,,,,,1,,,,
A9VDY4,A9VDY4_MONBE,1.0,,,,,,1,,,,
A9VE63,A9VE63_MONBE,1.0,,,,,,1,,,,
A9VE89,A9VE89_MONBE,1.0,,,,,,1,,,,
A9V9E3,A9V9E3_MONBE,1.0,,,,,,1,,,,
A9V8F6,A9V8F6_MONBE,1.0,,,,,,1,,,,
A9UZ58,A9UZ58_MONBE,1.0,,,,,,1,,,,
A9V801,A9V801_MONBE,1.0,,,,,,1,,,,
A9UZZ6,A9UZZ6_MONBE,1.0,,,,,,1,,,,
A9V0N6,A9V0N6_MONBE,1.0,,,,,,1,,,,
A9V0T5,A9V0T5_MONBE,1.0,,,,,,1,,,,
A9V168,A9V168_MONBE,1.0,,,,,,1,,,,
A9V1C4,A9V1C4_MONBE,1.0,,,,,,1,,,,
A9V1Z0,A9V1Z0_MONBE,1.0,,,,,,1,,,,
A9V227,A9V227_MONBE,1.0,,,,,,1,,,,
A9V2F1,A9V2F1_MONBE,1.0,,,,,,1,,,,
A9V2R0,A9V2R0_MONBE,1.0,,,,,,1,,,,
A9V358,A9V358_MONBE,1.0,,,,,,1,,,,
A9V3S0,A9V3S0_MONBE,1.0,,,,,,1,,,,
A9V507,A9V507_MONBE,1.0,,,,,,1,,,,
A9V522,A9V522_MONBE,1.0,,,,,,1,,,,
A9V5D9,A9V5D9_MONBE,1.0,,,,,,1,,,,
A9V5Z1,A9V5Z1_MONBE,1.0,,,,,,1,,,,
A9V617,A9V617_MONBE,1.0,,,,,,1,,,,
A9V7E4,A9V7E4_MONBE,1.0,,,,,,1,,,,
A7T238,A7T238_NEMVE,1.0,,,,,,1,,,,
A7SZR0,A7SZR0_NEMVE,1.0,,,,,,1,,,,
A2YXN4,A2YXN4_ORYSI,1.0,,,,,,1,,,,
A5AUA4,A5AUA4_VITVI,1.0,,,,,,1,,,,
A5A8J9,A5A8J9_DANRE,1.0,,,,,,1,,,,
A5A8X3,A5A8X3_PIG,1.0,,,,,,1,,,,
A5ACZ8,A5ACZ8_VITVI,1.0,,,,,,1,,,,
A5AGA1,A5AGA1_VITVI,1.0,,,,,,1,,,,
A5ANK4,A5ANK4_VITVI,1.0,,,,,,1,,,,
A5AP20,A5AP20_VITVI,1.0,,,,,,1,,,,
A5APS7,A5APS7_VITVI,1.0,,,,,,1,,,,
A5AU72,A5AU72_VITVI,1.0,,,,,,1,,,,
A5AVS5,A5AVS5_VITVI,1.0,,,,,,1,,,,
A5BDX8,A5BDX8_VITVI,1.0,,,,,,1,,,,
A5AZ98,A5AZ98_VITVI,1.0,,,,,,1,,,,
A5B250,A5B250_VITVI,1.0,,,,,,1,,,,
A5B3R2,A5B3R2_VITVI,1.0,,,,,,1,,,,
A5B6F2,A5B6F2_VITVI,1.0,,,,,,1,,,,
A5B7F1,A5B7F1_VITVI,1.0,,,,,,1,,,,
A5B8A5,A5B8A5_VITVI,1.0,,,,,,1,,,,
A5BAR6,A5BAR6_VITVI,1.0,,,,,,1,,,,
A5BAR7,A5BAR7_VITVI,1.0,,,,,,1,,,,
A5A3E0,POTEF_HUMAN,1.0,,,,,,1,,,,
A4Z1J1,A4Z1J1_BRASO,1.0,,,,,,1,,,,
A4YPL5,A4YPL5_BRASO,1.0,,,,,,1,,,,
A4YP93,A4YP93_BRASO,1.0,,,,,,1,,,,
A4S5T9,A4S5T9_OSTLU,1.0,,,,,,1,,,,
A4S666,A4S666_OSTLU,1.0,,,,,,1,,,,
A4S680,A4S680_OSTLU,1.0,,,,,,1,,,,
A4S6G4,A4S6G4_OSTLU,1.0,,,,,,1,,,,
A4S6H3,A4S6H3_OSTLU,1.0,,,,,,1,,,,
A4S7S3,A4S7S3_OSTLU,1.0,,,,,,1,,,,
A4S7T2,A4S7T2_OSTLU,1.0,,,,,,1,,,,
A4S9D6,A4S9D6_OSTLU,1.0,,,,,,1,,,,
A4SB16,A4SB16_OSTLU,1.0,,,,,,1,,,,
A4SC18,A4SC18_OSTLU,1.0,,,,,,1,,,,
A4SXG5,A4SXG5_POLSQ,1.0,,,,,,1,,,,
A4TKY9,A4TKY9_YERPP,1.0,,,,,,1,,,,
A4TQ19,A4TQ19_YERPP,1.0,,,,,,1,,,,
A4V722,A4V722_PSEFS,1.0,,,,,,1,,,,
A4VNE2,A4VNE2_PSEU5,1.0,,,,,,1,,,,
A4VQE4,A4VQE4_PSEU5,1.0,,,,,,1,,,,
A4WDM9,A4WDM9_ENT38,1.0,,,,,,1,,,,
A5BD19,A5BD19_VITVI,1.0,,,,,,1,,,,
A5BEL2,A5BEL2_VITVI,1.0,,,,,,1,,,,
A5GDN4,A5GDN4_GEOUR,1.0,,,,,,1,,,,
A5CF06,A5CF06_ORITB,1.0,,,,,,1,,,,
A5CDN0,A5CDN0_ORITB,1.0,,,,,,1,,,,
A5CDP9,A5CDP9_ORITB,1.0,,,,,,1,,,,
A5CDV5,A5CDV5_ORITB,1.0,,,,,,1,,,,
A5CE01,A5CE01_ORITB,1.0,,,,,,1,,,,
A5CE36,A5CE36_ORITB,1.0,,,,,,1,,,,
A5CE62,A5CE62_ORITB,1.0,,,,,,1,,,,
A5CEL0,A5CEL0_ORITB,1.0,,,,,,1,,,,
A5CEV9,A5CEV9_ORITB,1.0,,,,,,1,,,,
A5CFQ1,A5CFQ1_ORITB,1.0,,,,,,1,,,,
A5BG92,A5BG92_VITVI,1.0,,,,,,1,,,,
A5D6U7,A5D6U7_DANRE,1.0,,,,,,1,,,,
A5EDW0,A5EDW0_BRASB,1.0,,,,,,1,,,,
A5F7U5,A5F7U5_VIBC3,1.0,,,,,,1,,,,
A5FCJ6,A5FCJ6_FLAJ1,1.0,,,,,,1,,,,
A5FLI9,A5FLI9_FLAJ1,1.0,,,,,,1,,,,
A5FLJ0,A5FLJ0_FLAJ1,1.0,,,,,,1,,,,
A5FMF8,A5FMF8_FLAJ1,1.0,,,,,,1,,,,
A5GC60,A5GC60_GEOUR,1.0,,,,,,1,,,,
A5CDL1,A5CDL1_ORITB,1.0,,,,,,1,,,,
A5CD77,A5CD77_ORITB,1.0,,,,,,1,,,,
A5CCU6,A5CCU6_ORITB,1.0,,,,,,1,,,,
A5CCT9,A5CCT9_ORITB,1.0,,,,,,1,,,,
A5BHK2,A5BHK2_VITVI,1.0,,,,,,1,,,,
A5BJG3,A5BJG3_VITVI,1.0,,,,,,1,,,,
A5BR23,A5BR23_VITVI,1.0,,,,,,1,,,,
A5BSQ6,A5BSQ6_VITVI,1.0,,,,,,1,,,,
A5BTQ5,A5BTQ5_VITVI,1.0,,,,,,1,,,,
A5BTQ7,A5BTQ7_VITVI,1.0,,,,,,1,,,,
A5BWJ7,A5BWJ7_VITVI,1.0,,,,,,1,,,,
A5BXS4,A5BXS4_VITVI,1.0,,,,,,1,,,,
A5C1C3,A5C1C3_VITVI,1.0,,,,,,1,,,,
A5C3Z0,A5C3Z0_VITVI,1.0,,,,,,1,,,,
A5C880,A5C880_VITVI,1.0,,,,,,1,,,,
A5CC01,A5CC01_ORITB,1.0,,,,,,1,,,,
A5CC05,A5CC05_ORITB,1.0,,,,,,1,,,,
A5CC15,A5CC15_ORITB,1.0,,,,,,1,,,,
A5CCB9,A5CCB9_ORITB,1.0,,,,,,1,,,,
A5CCF5,A5CCF5_ORITB,1.0,,,,,,1,,,,
A5CCT0,A5CCT0_ORITB,1.0,,,,,,1,,,,
A4S2V1,A4S2V1_OSTLU,1.0,,,,,,1,,,,
A4S252,A4S252_OSTLU,1.0,,,,,,1,,,,
A4S224,A4S224_OSTLU,1.0,,,,,,1,,,,
A3M498,A3M498_ACIBT,1.0,,,,,,1,,,,
A3BSW8,A3BSW8_ORYSJ,1.0,,,,,,1,,,,
A3CA90,A3CA90_ORYSJ,1.0,,,,,,1,,,,
A3CAY2,A3CAY2_ORYSJ,1.0,,,,,,1,,,,
A3CAY9,A3CAY9_ORYSJ,1.0,,,,,,1,,,,
A3CJS4,A3CJS4_ORYSJ,1.0,,,,,,1,,,,
A3KGU1,A3KGU1_DANRE,1.0,,,,,,1,,,,
A3KNQ3,A3KNQ3_DANRE,1.0,,,,,,1,,,,
A3KQS6,A3KQS6_DANRE,1.0,,,,,,1,,,,
A3MA26,A3MA26_ACIBT,1.0,,,,,,1,,,,
A4S1E9,A4S1E9_OSTLU,1.0,,,,,,1,,,,
A3MKF3,A3MKF3_BURM7,1.0,,,,,,1,,,,
A3NAE1,A3NAE1_BURP6,1.0,,,,,,1,,,,
A3NW59,A3NW59_BURP0,1.0,,,,,,1,,,,
A4CH86,A4CH86_ROBBH,1.0,,,,,,1,,,,
A4CIQ0,A4CIQ0_ROBBH,1.0,,,,,,1,,,,
A4CJK9,A4CJK9_ROBBH,1.0,,,,,,1,,,,
A4D7S3,A4D7S3_BOVIN,1.0,,,,,,1,,,,
A4FV83,A4FV83_BOVIN,1.0,,,,,,1,,,,
A3BN16,A3BN16_ORYSJ,1.0,,,,,,1,,,,
A3BKL8,A3BKL8_ORYSJ,1.0,,,,,,1,,,,
A3BA22,A3BA22_ORYSJ,1.0,,,,,,1,,,,
A3AU76,A3AU76_ORYSJ,1.0,,,,,,1,,,,
A2YXN6,A2YXN6_ORYSI,1.0,,,,,,1,,,,
A2Z008,A2Z008_ORYSI,1.0,,,,,,1,,,,
A2Z364,A2Z364_ORYSI,1.0,,,,,,1,,,,
A2Z5H4,A2Z5H4_ORYSI,1.0,,,,,,1,,,,
A2ZD30,A2ZD30_ORYSI,1.0,,,,,,1,,,,
A2ZDW3,A2ZDW3_ORYSI,1.0,,,,,,1,,,,
A2ZF87,A2ZF87_ORYSI,1.0,,,,,,1,,,,
A2ZLW7,A2ZLW7_ORYSI,1.0,,,,,,1,,,,
A2ZN45,A2ZN45_ORYSI,1.0,,,,,,1,,,,
A2ZPU2,A2ZPU2_ORYSJ,1.0,,,,,,1,,,,
A2ZPU4,A2ZPU4_ORYSJ,1.0,,,,,,1,,,,
A3A724,A3A724_ORYSJ,1.0,,,,,,1,,,,
A3AB47,A3AB47_ORYSJ,1.0,,,,,,1,,,,
A3AGP0,A3AGP0_ORYSJ,1.0,,,,,,1,,,,
A3AL01,A3AL01_ORYSJ,1.0,,,,,,1,,,,
A3ALE6,A3ALE6_ORYSJ,1.0,,,,,,1,,,,
A3APU0,A3APU0_ORYSJ,1.0,,,,,,1,,,,
A4FVJ2,A4FVJ2_DANRE,1.0,,,,,,1,,,,
A4G3I2,A4G3I2_HERAR,1.0,,,,,,1,,,,
A4G4Y6,A4G4Y6_HERAR,1.0,,,,,,1,,,,
A4JFS0,A4JFS0_BURVG,1.0,,,,,,1,,,,
A4JFS7,A4JFS7_BURVG,1.0,,,,,,1,,,,
A4JFS8,A4JFS8_BURVG,1.0,,,,,,1,,,,
A4JRN2,A4JRN2_BURVG,1.0,,,,,,1,,,,
A4JRN3,A4JRN3_BURVG,1.0,,,,,,1,,,,
A4LAA8,A4LAA8_MACMU,1.0,,,,,,1,,,,
A4QAC1,A4QAC1_CORGB,1.0,,,,,,1,,,,
A4QFC2,A4QFC2_CORGB,1.0,,,,,,1,,,,
A4QG66,A4QG66_CORGB,1.0,,,,,,1,,,,
A4QND8,A4QND8_XENTR,1.0,,,,,,1,,,,
A4RS51,A4RS51_OSTLU,1.0,,,,,,1,,,,
A4RVM9,A4RVM9_OSTLU,1.0,,,,,,1,,,,
A4RVR2,A4RVR2_OSTLU,1.0,,,,,,1,,,,
A4RW99,A4RW99_OSTLU,1.0,,,,,,1,,,,
A4RX23,A4RX23_OSTLU,1.0,,,,,,1,,,,
A4RXG7,A4RXG7_OSTLU,1.0,,,,,,1,,,,
A4S0Z5,A4S0Z5_OSTLU,1.0,,,,,,1,,,,
A4S150,A4S150_OSTLU,1.0,,,,,,1,,,,
A4JFS6,A4JFS6_BURVG,1.0,,,,,,1,,,,
A4JFM8,A4JFM8_BURVG,1.0,,,,,,1,,,,
A4HUX9,A4HUX9_LEIIN,1.0,,,,,,1,,,,
A4JFM5,A4JFM5_BURVG,1.0,,,,,,1,,,,
A4HXY4,A4HXY4_LEIIN,1.0,,,,,,1,,,,
A4I4G8,A4I4G8_LEIIN,1.0,,,,,,1,,,,
A4I610,A4I610_LEIIN,1.0,,,,,,1,,,,
A4I732,A4I732_LEIIN,1.0,,,,,,1,,,,
A4I8N0,A4I8N0_LEIIN,1.0,,,,,,1,,,,
A4IAC2,A4IAC2_LEIIN,1.0,,,,,,1,,,,
A4IBD4,A4IBD4_LEIIN,1.0,,,,,,1,,,,
A4IGE8,A4IGE8_DANRE,1.0,,,,,,1,,,,
A4IGS0,A4IGS0_XENTR,1.0,,,,,,1,,,,
A4IHP2,A4IHP2_XENTR,1.0,,,,,,1,,,,
A4IIE3,A4IIE3_XENTR,1.0,,,,,,1,,,,
A4IIU9,A4IIU9_XENTR,1.0,,,,,,1,,,,
A4JEW5,A4JEW5_BURVG,1.0,,,,,,1,,,,
A4JFE2,A4JFE2_BURVG,1.0,,,,,,1,,,,
A4JFH5,A4JFH5_BURVG,1.0,,,,,,1,,,,
A4JFL5,A4JFL5_BURVG,1.0,,,,,,1,,,,
A4JFM0,A4JFM0_BURVG,1.0,,,,,,1,,,,
A5GD06,A5GD06_GEOUR,1.0,,,,,,1,,,,
A5GFM9,A5GFM9_PIG,1.0,,,,,,1,,,,
A7SZG9,A7SZG9_NEMVE,1.0,,,,,,1,,,,
A7RH71,A7RH71_NEMVE,1.0,,,,,,1,,,,
A7MC38,A7MC38_XENTR,1.0,,,,,,1,,,,
A7MCU1,A7MCU1_MOUSE,1.0,,,,,,,,1,,
A7MCX9,A7MCX9_MOUSE,1.0,,,,,,1,,,,
A7MQ45,A7MQ45_CROS8,1.0,,,,,,1,,,,
A7N4I6,A7N4I6_VIBCB,1.0,,,,,,1,,,,
A7RER7,A7RER7_NEMVE,1.0,,,,,,1,,,,
A7RG84,A7RG84_NEMVE,1.0,,,,,,1,,,,
A7RH05,A7RH05_NEMVE,1.0,,,,,,1,,,,
A7RHH4,A7RHH4_NEMVE,1.0,,,,,,1,,,,
A7RSB8,A7RSB8_NEMVE,1.0,,,,,,1,,,,
A7RJ51,A7RJ51_NEMVE,1.0,,,,,,1,,,,
A7RKX6,A7RKX6_NEMVE,1.0,,,,,,1,,,,
A7RKZ7,A7RKZ7_NEMVE,1.0,,,,,,1,,,,
A7RL87,A7RL87_NEMVE,1.0,,,,,,1,,,,
A7RLE3,A7RLE3_NEMVE,1.0,,,,,,1,,,,
A7RME8,A7RME8_NEMVE,1.0,,,,,,1,,,,
A7RMH4,A7RMH4_NEMVE,1.0,,,,,,1,,,,
A7RNE2,A7RNE2_NEMVE,1.0,,,,,,1,,,,
A7MBB9,A7MBB9_BOVIN,1.0,,,,,,1,,,,
A7MBB7,A7MBB7_BOVIN,1.0,,,,,,1,,,,
A7MB89,FEM1C_BOVIN,1.0,,,,,,1,,,,
A7IBL3,A7IBL3_XANP2,1.0,,,,,,1,,,,
A7EY00,A7EY00_SCLS1,1.0,,,,,,1,,,,
A7EYR2,A7EYR2_SCLS1,1.0,,,,,,1,,,,
A7F1K8,A7F1K8_SCLS1,1.0,,,,,,1,,,,
A7F1M2,A7F1M2_SCLS1,1.0,,,,,,1,,,,
A7F308,A7F308_SCLS1,1.0,,,,,,1,,,,
A7F3S8,A7F3S8_SCLS1,1.0,,,,,,1,,,,
A7F5T8,A7F5T8_SCLS1,1.0,,,,,,1,,,,
A7F6M0,A7F6M0_SCLS1,1.0,,,,,,1,,,,
A7FEI5,A7FEI5_YERP3,1.0,,,,,,1,,,,
A7FFS8,A7FFS8_YERP3,1.0,,,,,,1,,,,
A7FLV4,A7FLV4_YERP3,1.0,,,,,,1,,,,
A7GL38,A7GL38_BACCN,1.0,,,,,,1,,,,
A7GY37,A7GY37_CAMC5,1.0,,,,,,1,,,,
A7H1V5,A7H1V5_CAMJD,1.0,,,,,,1,,,,
A7H3L3,A7H3L3_CAMJD,1.0,,,,,,1,,,,
A7H419,A7H419_CAMJD,1.0,,,,,,1,,,,
A7HP05,A7HP05_PARL1,1.0,,,,,,1,,,,
A7RR35,A7RR35_NEMVE,1.0,,,,,,1,,,,
A7RTA9,A7RTA9_NEMVE,1.0,,,,,,1,,,,
A5H024,A5H024_HORSE,1.0,,,,,,1,,,,
A7SK80,A7SK80_NEMVE,1.0,,,,,,1,,,,
A7SG09,A7SG09_NEMVE,1.0,,,,,,1,,,,
A7SG44,A7SG44_NEMVE,1.0,,,,,,1,,,,
A7SH69,A7SH69_NEMVE,1.0,,,,,,1,,,,
A7SHV7,A7SHV7_NEMVE,1.0,,,,,,1,,,,
A7SJL9,A7SJL9_NEMVE,1.0,,,,,,1,,,,
A7SJM0,A7SJM0_NEMVE,1.0,,,,,,1,,,,
A7SJZ3,A7SJZ3_NEMVE,1.0,,,,,,1,,,,
A7SJZ9,A7SJZ9_NEMVE,1.0,,,,,,1,,,,
A7SKN2,A7SKN2_NEMVE,1.0,,,,,,1,,,,
A7RUC9,A7RUC9_NEMVE,1.0,,,,,,1,,,,
A7SN65,A7SN65_NEMVE,1.0,,,,,,1,,,,
A7SNB2,A7SNB2_NEMVE,1.0,,,,,,1,,,,
A7SNI0,A7SNI0_NEMVE,1.0,,,,,,1,,,,
A7SNN1,A7SNN1_NEMVE,1.0,,,,,,1,,,,
A7SNN7,A7SNN7_NEMVE,1.0,,,,,,1,,,,
A7SU82,A7SU82_NEMVE,1.0,,,,,,1,,,,
A7SU83,A7SU83_NEMVE,1.0,,,,,,1,,,,
A7SUH5,A7SUH5_NEMVE,1.0,,,,,,1,,,,
A7SFL9,A7SFL9_NEMVE,1.0,,,,,,1,,,,
A0JN59,A0JN59_BOVIN,1.0,,,,,,1,,,,
A7SC57,A7SC57_NEMVE,1.0,,,,,,1,,,,
A7SC52,A7SC52_NEMVE,1.0,,,,,,1,,,,
A7RV24,A7RV24_NEMVE,1.0,,,,,,1,,,,
A7RV31,A7RV31_NEMVE,1.0,,,,,,1,,,,
A7RWN3,A7RWN3_NEMVE,1.0,,,,,,1,,,,
A7RX09,A7RX09_NEMVE,1.0,,,,,,1,,,,
A7RXV8,A7RXV8_NEMVE,1.0,,,,,,1,,,,
A7RYU3,A7RYU3_NEMVE,1.0,,,,,,1,,,,
A7RZK6,A7RZK6_NEMVE,1.0,,,,,,1,,,,
A0JNG5,A0JNG5_BOVIN,1.0,,,,,,1,,,,
A7S0X5,A7S0X5_NEMVE,1.0,,,,,,1,,,,
A7S3S7,A7S3S7_NEMVE,1.0,,,,,,1,,,,
A7S3S8,A7S3S8_NEMVE,1.0,,,,,,1,,,,
A7S8R8,A7S8R8_NEMVE,1.0,,,,,,1,,,,
A7S939,A7S939_NEMVE,1.0,,,,,,1,,,,
A7SAJ4,A7SAJ4_NEMVE,1.0,,,,,,1,,,,
A7SB40,A7SB40_NEMVE,1.0,,,,,,1,,,,
A7SB41,A7SB41_NEMVE,1.0,,,,,,1,,,,
A7SC11,A7SC11_NEMVE,1.0,,,,,,1,,,,
A7EW32,A7EW32_SCLS1,1.0,,,,,,1,,,,
A7EVZ2,A7EVZ2_SCLS1,1.0,,,,,,1,,,,
A7EUC7,A7EUC7_SCLS1,1.0,,,,,,1,,,,
A6NCL7,AN33B_HUMAN,1.0,,,,,,1,,,,
A5WVL9,A5WVL9_DANRE,1.0,,,,,,1,,,,
A5WVX9,A5WVX9_DANRE,1.0,,,,,,1,,,,
A5Z2U5,A5Z2U5_CAEEL,1.0,,,,,,1,,,,
A6GZN0,A6GZN0_FLAPJ,1.0,,,,,,1,,,,
A6H648,A6H648_MOUSE,1.0,,,,,,1,,,,
A6H6J9,A6H6J9_MOUSE,1.0,,,,,,1,,,,
A6LVB9,A6LVB9_CLOB8,1.0,,,,,,1,,,,
A6NC57,ANR62_HUMAN,1.0,,,,,,1,,,,
A6NGH8,ANR61_HUMAN,1.0,,,,,,1,,,,
A7ETJ4,A7ETJ4_SCLS1,1.0,,,,,,1,,,,
A6NHY2,AKD1B_HUMAN,1.0,,,,,,1,,,,
A6NK59,ASB14_HUMAN,1.0,,,,,,1,,,,
A6Q3W3,A6Q3W3_NITSB,1.0,,,,,,1,,,,
A6QCK8,A6QCK8_SULNB,1.0,,,,,,1,,,,
A6QL63,BTBDB_HUMAN,1.0,,,,,,1,,,,
A6QL64,AN36A_HUMAN,1.0,,,,,,1,,,,
A6QLD4,A6QLD4_BOVIN,1.0,,,,,,1,,,,
A6QNQ5,A6QNQ5_BOVIN,1.0,,,,,,1,,,,
A5WV38,A5WV38_DANRE,1.0,,,,,,1,,,,
A5WUM1,A5WUM1_DANRE,1.0,,,,,,1,,,,
A5W790,A5W790_PSEP1,1.0,,,,,,1,,,,
A5VGE2,A5VGE2_SPHWW,1.0,,,,,,1,,,,
A5H025,A5H025_PIG,1.0,,,,,,1,,,,
A5H027,A5H027_BOVIN,1.0,,,,,,1,,,,
A5H028,A5H028_CANFA,1.0,,,,,,1,,,,
A5H0M4,A5H0M4_MOUSE,1.0,,,,,,1,,,,
A5I9T0,A5I9T0_LEGPC,1.0,,,,,,1,,,,
A5IDQ9,A5IDQ9_LEGPC,1.0,,,,,,1,,,,
A5IDR2,A5IDR2_LEGPC,1.0,,,,,,1,,,,
A5IDU8,A5IDU8_LEGPC,1.0,,,,,,1,,,,
A5IGL4,A5IGL4_LEGPC,1.0,,,,,,1,,,,
A5IHJ2,A5IHJ2_LEGPC,1.0,,,,,,1,,,,
A5PF05,A5PF05_PIG,1.0,,,,,,1,,,,
A5PJF0,A5PJF0_BOVIN,1.0,,,,,,1,,,,
A5PK11,A5PK11_BOVIN,1.0,,,,,,1,,,,
A0JZB6,A0JZB6_ARTS2,1.0,,,,,,1,,,,
A5PMU4,ANS1B_DANRE,1.0,,,,,,1,,,,
A5VA58,A5VA58_SPHWW,1.0,,,,,,1,,,,
A5VAY1,A5VAY1_SPHWW,1.0,,,,,,1,,,,
A6QNS0,A6QNS0_BOVIN,1.0,,,,,,1,,,,
A6QP03,A6QP03_BOVIN,1.0,,,,,,1,,,,
A6QPE7,ANR65_BOVIN,1.0,,,,,,1,,,,
A7E875,A7E875_SCLS1,1.0,,,,,,1,,,,
A0JS67,A0JS67_ARTS2,1.0,,,,,,1,,,,
A7EIL5,A7EIL5_SCLS1,1.0,,,,,,1,,,,
A7EIM5,A7EIM5_SCLS1,1.0,,,,,,1,,,,
A7EJA7,A7EJA7_SCLS1,1.0,,,,,,1,,,,
A7EJN0,A7EJN0_SCLS1,1.0,,,,,,1,,,,
A7ELT4,A7ELT4_SCLS1,1.0,,,,,,1,,,,
A7EMB4,A7EMB4_SCLS1,1.0,,,,,,1,,,,
A7EMV6,A7EMV6_SCLS1,1.0,,,,,,1,,,,
A7EN45,A7EN45_SCLS1,1.0,,,,,,1,,,,
A7ENL7,A7ENL7_SCLS1,1.0,,,,,,1,,,,
A7ENS3,A7ENS3_SCLS1,1.0,,,,,,1,,,,
A7EPB8,A7EPB8_SCLS1,1.0,,,,,,1,,,,
A7EPC2,A7EPC2_SCLS1,1.0,,,,,,1,,,,
A7EQM1,A7EQM1_SCLS1,1.0,,,,,,1,,,,
A7ER80,A7ER80_SCLS1,1.0,,,,,,1,,,,
A7ERN0,A7ERN0_SCLS1,1.0,,,,,,1,,,,
A7ES90,A7ES90_SCLS1,1.0,,,,,,1,,,,
A7EA09,A7EA09_SCLS1,1.0,,,,,,1,,,,
A7E6X7,A7E6X7_SCLS1,1.0,,,,,,1,,,,
A6QPI0,A6QPI0_BOVIN,1.0,,,,,,1,,,,
A7E648,A7E648_SCLS1,1.0,,,,,,1,,,,
A6QQ90,A6QQ90_BOVIN,1.0,,,,,,1,,,,
A6SX07,A6SX07_JANMA,1.0,,,,,,1,,,,
A6SYN1,A6SYN1_JANMA,1.0,,,,,,1,,,,
A6SZH4,A6SZH4_JANMA,1.0,,,,,,1,,,,
A6TFF5,A6TFF5_KLEP7,1.0,,,,,,1,,,,
A6UFF4,A6UFF4_SINMW,1.0,,,,,,1,,,,
A6UWF4,A6UWF4_META3,1.0,,,,,,1,,,,
A6V2D0,A6V2D0_PSEA7,1.0,,,,,,1,,,,
A6V4W6,A6V4W6_PSEA7,1.0,,,,,,1,,,,
A6VBZ9,A6VBZ9_PSEA7,1.0,,,,,,1,,,,
A6WFQ3,A6WFQ3_KINRD,1.0,,,,,,1,,,,
A6WFW9,A6WFW9_KINRD,1.0,,,,,,1,,,,
A6WHY3,A6WHY3_SHEB8,1.0,,,,,,1,,,,
A6WYE6,A6WYE6_OCHA4,1.0,,,,,,1,,,,
A7E2I8,A7E2I8_DANRE,1.0,,,,,,1,,,,
A7E2I9,A7E2I9_DANRE,1.0,,,,,,1,,,,
A7E2S9,A30BL_HUMAN,1.0,,,,,,1,,,,
A2F2S0,A2F2S0_TRIVA,1.0,,,,,,1,,,,
A2F2P4,A2F2P4_TRIVA,1.0,,,,,,1,,,,
A2F2M4,A2F2M4_TRIVA,1.0,,,,,,1,,,,
A2DR48,A2DR48_TRIVA,1.0,,,,,,1,,,,
A2DQU7,A2DQU7_TRIVA,1.0,,,,,,1,,,,
A2DQV4,A2DQV4_TRIVA,1.0,,,,,,1,,,,
A2DQW7,A2DQW7_TRIVA,1.0,,,,,,1,,,,
A2DQX8,A2DQX8_TRIVA,1.0,,,,,,1,,,,
A2DQY0,A2DQY0_TRIVA,1.0,,,,,,1,,,,
A2DQZ6,A2DQZ6_TRIVA,1.0,,,,,,1,,,,
A2DR44,A2DR44_TRIVA,1.0,,,,,,1,,,,
A2DR45,A2DR45_TRIVA,1.0,,,,,,1,,,,
A2DR73,A2DR73_TRIVA,1.0,,,,,,1,,,,
A2DRS2,A2DRS2_TRIVA,1.0,,,,,,1,,,,
A2DR82,A2DR82_TRIVA,1.0,,,,,,1,,,,
A2DRB0,A2DRB0_TRIVA,1.0,,,,,,1,,,,
A2DRB4,A2DRB4_TRIVA,1.0,,,,,,1,,,,
A2DRB5,A2DRB5_TRIVA,1.0,,,,,,1,,,,
A2DRE8,A2DRE8_TRIVA,1.0,,,,,,1,,,,
A2DRF8,A2DRF8_TRIVA,1.0,,,,,,1,,,,
A2DRG3,A2DRG3_TRIVA,1.0,,,,,,1,,,,
A2DRK8,A2DRK8_TRIVA,1.0,,,,,,1,,,,
A2DQU1,A2DQU1_TRIVA,1.0,,,,,,1,,,,
A2DQT6,A2DQT6_TRIVA,1.0,,,,,,1,,,,
A2DQT2,A2DQT2_TRIVA,1.0,,,,,,1,,,,
A2DQT1,A2DQT1_TRIVA,1.0,,,,,,1,,,,
A2DQ01,A2DQ01_TRIVA,1.0,,,,,,1,,,,
A2DQ14,A2DQ14_TRIVA,1.0,,,,,,1,,,,
A2DQ26,A2DQ26_TRIVA,1.0,,,,,,1,,,,
A2DQ69,A2DQ69_TRIVA,1.0,,,,,,1,,,,
A2DQ74,A2DQ74_TRIVA,1.0,,,,,,1,,,,
A2DQ98,A2DQ98_TRIVA,1.0,,,,,,1,,,,
A2DQA1,A2DQA1_TRIVA,1.0,,,,,,1,,,,
A2DQA6,A2DQA6_TRIVA,1.0,,,,,,1,,,,
A2DQD2,A2DQD2_TRIVA,1.0,,,,,,1,,,,
A2DQD3,A2DQD3_TRIVA,1.0,,,,,,1,,,,
A2DQE4,A2DQE4_TRIVA,1.0,,,,,,1,,,,
A2DQJ8,A2DQJ8_TRIVA,1.0,,,,,,1,,,,
A2DQJ9,A2DQJ9_TRIVA,1.0,,,,,,1,,,,
A2DQL1,A2DQL1_TRIVA,1.0,,,,,,1,,,,
A2DQL8,A2DQL8_TRIVA,1.0,,,,,,1,,,,
A2DQP5,A2DQP5_TRIVA,1.0,,,,,,1,,,,
A2DQP7,A2DQP7_TRIVA,1.0,,,,,,1,,,,
A2DRQ3,A2DRQ3_TRIVA,1.0,,,,,,1,,,,
A2DRS7,A2DRS7_TRIVA,1.0,,,,,,1,,,,
A2DPX7,A2DPX7_TRIVA,1.0,,,,,,1,,,,
A2DST4,A2DST4_TRIVA,1.0,,,,,,1,,,,
A2DSJ2,A2DSJ2_TRIVA,1.0,,,,,,1,,,,
A2DSJ8,A2DSJ8_TRIVA,1.0,,,,,,1,,,,
A2DSL0,A2DSL0_TRIVA,1.0,,,,,,1,,,,
A2DSL1,A2DSL1_TRIVA,1.0,,,,,,1,,,,
A2DSN2,A2DSN2_TRIVA,1.0,,,,,,1,,,,
A2DSP5,A2DSP5_TRIVA,1.0,,,,,,1,,,,
A2DSQ9,A2DSQ9_TRIVA,1.0,,,,,,1,,,,
A2DSR9,A2DSR9_TRIVA,1.0,,,,,,1,,,,
A2DSU1,A2DSU1_TRIVA,1.0,,,,,,1,,,,
A2DRS8,A2DRS8_TRIVA,1.0,,,,,,1,,,,
A2DSV6,A2DSV6_TRIVA,1.0,,,,,,1,,,,
A2DSV9,A2DSV9_TRIVA,1.0,,,,,,1,,,,
A2DSX7,A2DSX7_TRIVA,1.0,,,,,,1,,,,
A2DT09,A2DT09_TRIVA,1.0,,,,,,1,,,,
A2DT10,A2DT10_TRIVA,1.0,,,,,,1,,,,
A2DT35,A2DT35_TRIVA,1.0,,,,,,1,,,,
A2DT63,A2DT63_TRIVA,1.0,,,,,,1,,,,
A2DTA5,A2DTA5_TRIVA,1.0,,,,,,1,,,,
A2DSI1,A2DSI1_TRIVA,1.0,,,,,,1,,,,
A2DSH9,A2DSH9_TRIVA,1.0,,,,,,1,,,,
A2DSD8,A2DSD8_TRIVA,1.0,,,,,,1,,,,
A2DSC8,A2DSC8_TRIVA,1.0,,,,,,1,,,,
A2DRT7,A2DRT7_TRIVA,1.0,,,,,,1,,,,
A2DRU3,A2DRU3_TRIVA,1.0,,,,,,1,,,,
A2DRW4,A2DRW4_TRIVA,1.0,,,,,,1,,,,
A2DRW5,A2DRW5_TRIVA,1.0,,,,,,1,,,,
A2DRW6,A2DRW6_TRIVA,1.0,,,,,,1,,,,
A2DRX9,A2DRX9_TRIVA,1.0,,,,,,1,,,,
A2DRY0,A2DRY0_TRIVA,1.0,,,,,,1,,,,
A2DRY4,A2DRY4_TRIVA,1.0,,,,,,1,,,,
A2DRZ7,A2DRZ7_TRIVA,1.0,,,,,,1,,,,
A2DS01,A2DS01_TRIVA,1.0,,,,,,1,,,,
A2DS12,A2DS12_TRIVA,1.0,,,,,,1,,,,
A2DS48,A2DS48_TRIVA,1.0,,,,,,1,,,,
A2DS52,A2DS52_TRIVA,1.0,,,,,,1,,,,
A2DS64,A2DS64_TRIVA,1.0,,,,,,1,,,,
A2DS67,A2DS67_TRIVA,1.0,,,,,,1,,,,
A2DS82,A2DS82_TRIVA,1.0,,,,,,1,,,,
A2DS84,A2DS84_TRIVA,1.0,,,,,,1,,,,
A2DPY1,A2DPY1_TRIVA,1.0,,,,,,1,,,,
A2DPV3,A2DPV3_TRIVA,1.0,,,,,,1,,,,
A2F2L4,A2F2L4_TRIVA,1.0,,,,,,1,,,,
A2DLR5,A2DLR5_TRIVA,1.0,,,,,,1,,,,
A2DLK8,A2DLK8_TRIVA,1.0,,,,,,1,,,,
A2DLK9,A2DLK9_TRIVA,1.0,,,,,,1,,,,
A2DLL1,A2DLL1_TRIVA,1.0,,,,,,1,,,,
A2DLL8,A2DLL8_TRIVA,1.0,,,,,,1,,,,
A2DLN5,A2DLN5_TRIVA,1.0,,,,,,1,,,,
A2DLP7,A2DLP7_TRIVA,1.0,,,,,,1,,,,
A2DLP9,A2DLP9_TRIVA,1.0,,,,,,1,,,,
A2DLQ8,A2DLQ8_TRIVA,1.0,,,,,,1,,,,
A2DLR7,A2DLR7_TRIVA,1.0,,,,,,1,,,,
A2DMI4,A2DMI4_TRIVA,1.0,,,,,,1,,,,
A2DLU4,A2DLU4_TRIVA,1.0,,,,,,1,,,,
A2DLX8,A2DLX8_TRIVA,1.0,,,,,,1,,,,
A2DLY3,A2DLY3_TRIVA,1.0,,,,,,1,,,,
A2DM04,A2DM04_TRIVA,1.0,,,,,,1,,,,
A2DM07,A2DM07_TRIVA,1.0,,,,,,1,,,,
A2DM60,A2DM60_TRIVA,1.0,,,,,,1,,,,
A2DM65,A2DM65_TRIVA,1.0,,,,,,1,,,,
A2DM68,A2DM68_TRIVA,1.0,,,,,,1,,,,
A2DLG6,A2DLG6_TRIVA,1.0,,,,,,1,,,,
A2DLG5,A2DLG5_TRIVA,1.0,,,,,,1,,,,
A2DLE5,A2DLE5_TRIVA,1.0,,,,,,1,,,,
A2DL91,A2DL91_TRIVA,1.0,,,,,,1,,,,
A2DKM0,A2DKM0_TRIVA,1.0,,,,,,1,,,,
A2DKM2,A2DKM2_TRIVA,1.0,,,,,,1,,,,
A2DKM4,A2DKM4_TRIVA,1.0,,,,,,1,,,,
A2DKM8,A2DKM8_TRIVA,1.0,,,,,,1,,,,
A2DKN2,A2DKN2_TRIVA,1.0,,,,,,1,,,,
A2DKR9,A2DKR9_TRIVA,1.0,,,,,,1,,,,
A2DKV1,A2DKV1_TRIVA,1.0,,,,,,1,,,,
A2DKY8,A2DKY8_TRIVA,1.0,,,,,,1,,,,
A2DL01,A2DL01_TRIVA,1.0,,,,,,1,,,,
A2DL02,A2DL02_TRIVA,1.0,,,,,,1,,,,
A2DL17,A2DL17_TRIVA,1.0,,,,,,1,,,,
A2DL19,A2DL19_TRIVA,1.0,,,,,,1,,,,
A2DL49,A2DL49_TRIVA,1.0,,,,,,1,,,,
A2DL82,A2DL82_TRIVA,1.0,,,,,,1,,,,
A2DL84,A2DL84_TRIVA,1.0,,,,,,1,,,,
A2DL86,A2DL86_TRIVA,1.0,,,,,,1,,,,
A2DL90,A2DL90_TRIVA,1.0,,,,,,1,,,,
A2DME2,A2DME2_TRIVA,1.0,,,,,,1,,,,
A2DMQ1,A2DMQ1_TRIVA,1.0,,,,,,1,,,,
A2DPU4,A2DPU4_TRIVA,1.0,,,,,,1,,,,
A2DP96,A2DP96_TRIVA,1.0,,,,,,1,,,,
A2DP08,A2DP08_TRIVA,1.0,,,,,,1,,,,
A2DP26,A2DP26_TRIVA,1.0,,,,,,1,,,,
A2DP30,A2DP30_TRIVA,1.0,,,,,,1,,,,
A2DP37,A2DP37_TRIVA,1.0,,,,,,1,,,,
A2DP42,A2DP42_TRIVA,1.0,,,,,,1,,,,
A2DP53,A2DP53_TRIVA,1.0,,,,,,1,,,,
A2DP72,A2DP72_TRIVA,1.0,,,,,,1,,,,
A2DP86,A2DP86_TRIVA,1.0,,,,,,1,,,,
A2DP97,A2DP97_TRIVA,1.0,,,,,,1,,,,
A2DMT8,A2DMT8_TRIVA,1.0,,,,,,1,,,,
A2DPA7,A2DPA7_TRIVA,1.0,,,,,,1,,,,
A2DPD9,A2DPD9_TRIVA,1.0,,,,,,1,,,,
A2DPI2,A2DPI2_TRIVA,1.0,,,,,,1,,,,
A2DPI3,A2DPI3_TRIVA,1.0,,,,,,1,,,,
A2DPN2,A2DPN2_TRIVA,1.0,,,,,,1,,,,
A2DPN4,A2DPN4_TRIVA,1.0,,,,,,1,,,,
A2DPP6,A2DPP6_TRIVA,1.0,,,,,,1,,,,
A2DPR2,A2DPR2_TRIVA,1.0,,,,,,1,,,,
A2DP07,A2DP07_TRIVA,1.0,,,,,,1,,,,
A2DP06,A2DP06_TRIVA,1.0,,,,,,1,,,,
A2DNZ9,A2DNZ9_TRIVA,1.0,,,,,,1,,,,
A2DNT3,A2DNT3_TRIVA,1.0,,,,,,1,,,,
A2DMU0,A2DMU0_TRIVA,1.0,,,,,,1,,,,
A2DMV4,A2DMV4_TRIVA,1.0,,,,,,1,,,,
A2DMZ6,A2DMZ6_TRIVA,1.0,,,,,,1,,,,
A2DMZ7,A2DMZ7_TRIVA,1.0,,,,,,1,,,,
A2DN14,A2DN14_TRIVA,1.0,,,,,,1,,,,
A2DN20,A2DN20_TRIVA,1.0,,,,,,1,,,,
A2DN31,A2DN31_TRIVA,1.0,,,,,,1,,,,
A2DN43,A2DN43_TRIVA,1.0,,,,,,1,,,,
A2DN45,A2DN45_TRIVA,1.0,,,,,,1,,,,
A2DN46,A2DN46_TRIVA,1.0,,,,,,1,,,,
A2DN72,A2DN72_TRIVA,1.0,,,,,,1,,,,
A2DND8,A2DND8_TRIVA,1.0,,,,,,1,,,,
A2DNH9,A2DNH9_TRIVA,1.0,,,,,,1,,,,
A2DNJ0,A2DNJ0_TRIVA,1.0,,,,,,1,,,,
A2DNL2,A2DNL2_TRIVA,1.0,,,,,,1,,,,
A2DNP6,A2DNP6_TRIVA,1.0,,,,,,1,,,,
A2DNQ4,A2DNQ4_TRIVA,1.0,,,,,,1,,,,
A2DTA9,A2DTA9_TRIVA,1.0,,,,,,1,,,,
A2DTB1,A2DTB1_TRIVA,1.0,,,,,,1,,,,
A2DTD6,A2DTD6_TRIVA,1.0,,,,,,1,,,,
A2DZ66,A2DZ66_TRIVA,1.0,,,,,,1,,,,
A2DYX5,A2DYX5_TRIVA,1.0,,,,,,1,,,,
A2DYX7,A2DYX7_TRIVA,1.0,,,,,,1,,,,
A2DZ07,A2DZ07_TRIVA,1.0,,,,,,1,,,,
A1R8X5,A1R8X5_ARTAT,1.0,,,,,,1,,,,
A2DZ12,A2DZ12_TRIVA,1.0,,,,,,1,,,,
A2DZ30,A2DZ30_TRIVA,1.0,,,,,,1,,,,
A2DZ54,A2DZ54_TRIVA,1.0,,,,,,1,,,,
A2DZ55,A2DZ55_TRIVA,1.0,,,,,,1,,,,
A2DZ67,A2DZ67_TRIVA,1.0,,,,,,1,,,,
A2DZU7,A2DZU7_TRIVA,1.0,,,,,,1,,,,
A2DZ72,A2DZ72_TRIVA,1.0,,,,,,1,,,,
A2DZ87,A2DZ87_TRIVA,1.0,,,,,,1,,,,
A2DZA9,A2DZA9_TRIVA,1.0,,,,,,1,,,,
A2DZB8,A2DZB8_TRIVA,1.0,,,,,,1,,,,
A2DZC6,A2DZC6_TRIVA,1.0,,,,,,1,,,,
A2DZE1,A2DZE1_TRIVA,1.0,,,,,,1,,,,
A2DZM8,A2DZM8_TRIVA,1.0,,,,,,1,,,,
A2DZQ3,A2DZQ3_TRIVA,1.0,,,,,,1,,,,
A2DYV3,A2DYV3_TRIVA,1.0,,,,,,1,,,,
A2DYR0,A2DYR0_TRIVA,1.0,,,,,,1,,,,
A2DYP2,A2DYP2_TRIVA,1.0,,,,,,1,,,,
A2DYN9,A2DYN9_TRIVA,1.0,,,,,,1,,,,
A2DXU6,A2DXU6_TRIVA,1.0,,,,,,1,,,,
A2DXV0,A2DXV0_TRIVA,1.0,,,,,,1,,,,
A2DXW9,A2DXW9_TRIVA,1.0,,,,,,1,,,,
A2DXY9,A2DXY9_TRIVA,1.0,,,,,,1,,,,
A2DXZ5,A2DXZ5_TRIVA,1.0,,,,,,1,,,,
A2DY54,A2DY54_TRIVA,1.0,,,,,,1,,,,
A2DY78,A2DY78_TRIVA,1.0,,,,,,1,,,,
A2DY85,A2DY85_TRIVA,1.0,,,,,,1,,,,
A2DY97,A2DY97_TRIVA,1.0,,,,,,1,,,,
A2DYE2,A2DYE2_TRIVA,1.0,,,,,,1,,,,
A2DYH6,A2DYH6_TRIVA,1.0,,,,,,1,,,,
A2DYI2,A2DYI2_TRIVA,1.0,,,,,,1,,,,
A2DYI3,A2DYI3_TRIVA,1.0,,,,,,1,,,,
A2DYI7,A2DYI7_TRIVA,1.0,,,,,,1,,,,
A2DYJ2,A2DYJ2_TRIVA,1.0,,,,,,1,,,,
A2DYK0,A2DYK0_TRIVA,1.0,,,,,,1,,,,
A2DYM1,A2DYM1_TRIVA,1.0,,,,,,1,,,,
A2DZR6,A2DZR6_TRIVA,1.0,,,,,,1,,,,
A1R215,A1R215_ARTAT,1.0,,,,,,1,,,,
A2DTE1,A2DTE1_TRIVA,1.0,,,,,,1,,,,
A2E129,A2E129_TRIVA,1.0,,,,,,1,,,,
A2E0X9,A2E0X9_TRIVA,1.0,,,,,,1,,,,
A2E0Y0,A2E0Y0_TRIVA,1.0,,,,,,1,,,,
A2E0Z5,A2E0Z5_TRIVA,1.0,,,,,,1,,,,
A2E0Z7,A2E0Z7_TRIVA,1.0,,,,,,1,,,,
A2E0Z8,A2E0Z8_TRIVA,1.0,,,,,,1,,,,
A1KTY9,A1KTY9_NEIMF,1.0,,,,,,1,,,,
A2E100,A2E100_TRIVA,1.0,,,,,,1,,,,
A2E112,A2E112_TRIVA,1.0,,,,,,1,,,,
A2E141,A2E141_TRIVA,1.0,,,,,,1,,,,
A2DZU9,A2DZU9_TRIVA,1.0,,,,,,1,,,,
A2E144,A2E144_TRIVA,1.0,,,,,,1,,,,
A2E145,A2E145_TRIVA,1.0,,,,,,1,,,,
A2E159,A2E159_TRIVA,1.0,,,,,,1,,,,
A2E163,A2E163_TRIVA,1.0,,,,,,1,,,,
A2E181,A2E181_TRIVA,1.0,,,,,,1,,,,
A2E187,A2E187_TRIVA,1.0,,,,,,1,,,,
A2E191,A2E191_TRIVA,1.0,,,,,,1,,,,
A2E1D5,A2E1D5_TRIVA,1.0,,,,,,1,,,,
A2E0W5,A2E0W5_TRIVA,1.0,,,,,,1,,,,
A1L1Z0,A1L1Z0_DANRE,1.0,,,,,,1,,,,
A2E0W3,A2E0W3_TRIVA,1.0,,,,,,1,,,,
A2E0V3,A2E0V3_TRIVA,1.0,,,,,,1,,,,
A2DZX9,A2DZX9_TRIVA,1.0,,,,,,1,,,,
A2DZY4,A2DZY4_TRIVA,1.0,,,,,,1,,,,
A2DZZ1,A2DZZ1_TRIVA,1.0,,,,,,1,,,,
A2E071,A2E071_TRIVA,1.0,,,,,,1,,,,
A2E077,A2E077_TRIVA,1.0,,,,,,1,,,,
A2E0C8,A2E0C8_TRIVA,1.0,,,,,,1,,,,
A2E0C9,A2E0C9_TRIVA,1.0,,,,,,1,,,,
A2E0D2,A2E0D2_TRIVA,1.0,,,,,,1,,,,
A2E0D3,A2E0D3_TRIVA,1.0,,,,,,1,,,,
A2E0D4,A2E0D4_TRIVA,1.0,,,,,,1,,,,
A2E0F4,A2E0F4_TRIVA,1.0,,,,,,1,,,,
A2E0G6,A2E0G6_TRIVA,1.0,,,,,,1,,,,
A2E0H8,A2E0H8_TRIVA,1.0,,,,,,1,,,,
A2E0J0,A2E0J0_TRIVA,1.0,,,,,,1,,,,
A1QZI8,A1QZI8_BORT9,1.0,,,,,,1,,,,
A2E0J6,A2E0J6_TRIVA,1.0,,,,,,1,,,,
A2E0L5,A2E0L5_TRIVA,1.0,,,,,,1,,,,
A2DXP3,A2DXP3_TRIVA,1.0,,,,,,1,,,,
A2DXL5,A2DXL5_TRIVA,1.0,,,,,,1,,,,
A2DXH4,A2DXH4_TRIVA,1.0,,,,,,1,,,,
A2DUG8,A2DUG8_TRIVA,1.0,,,,,,1,,,,
A2DUC7,A2DUC7_TRIVA,1.0,,,,,,1,,,,
A2DUC8,A2DUC8_TRIVA,1.0,,,,,,1,,,,
A2DUD8,A2DUD8_TRIVA,1.0,,,,,,1,,,,
A2DUE1,A2DUE1_TRIVA,1.0,,,,,,1,,,,
A2DUE7,A2DUE7_TRIVA,1.0,,,,,,1,,,,
A2DUF7,A2DUF7_TRIVA,1.0,,,,,,1,,,,
A2DUG2,A2DUG2_TRIVA,1.0,,,,,,1,,,,
A2DUG5,A2DUG5_TRIVA,1.0,,,,,,1,,,,
A2DUH3,A2DUH3_TRIVA,1.0,,,,,,1,,,,
A2DXH3,A2DXH3_TRIVA,1.0,,,,,,1,,,,
A2DUH4,A2DUH4_TRIVA,1.0,,,,,,1,,,,
A2DUY5,A2DUY5_TRIVA,1.0,,,,,,1,,,,
A2DUY6,A2DUY6_TRIVA,1.0,,,,,,1,,,,
A2DUY7,A2DUY7_TRIVA,1.0,,,,,,1,,,,
A2DV12,A2DV12_TRIVA,1.0,,,,,,1,,,,
A2DV22,A2DV22_TRIVA,1.0,,,,,,1,,,,
A2DV23,A2DV23_TRIVA,1.0,,,,,,1,,,,
A2DV31,A2DV31_TRIVA,1.0,,,,,,1,,,,
A2DUC6,A2DUC6_TRIVA,1.0,,,,,,1,,,,
A2DUC5,A2DUC5_TRIVA,1.0,,,,,,1,,,,
A2DUC1,A2DUC1_TRIVA,1.0,,,,,,1,,,,
A2DUC0,A2DUC0_TRIVA,1.0,,,,,,1,,,,
A2DTE2,A2DTE2_TRIVA,1.0,,,,,,1,,,,
A2DTE6,A2DTE6_TRIVA,1.0,,,,,,1,,,,
A2DTF6,A2DTF6_TRIVA,1.0,,,,,,1,,,,
A2DTG4,A2DTG4_TRIVA,1.0,,,,,,1,,,,
A2DTH2,A2DTH2_TRIVA,1.0,,,,,,1,,,,
A2DTI1,A2DTI1_TRIVA,1.0,,,,,,1,,,,
A2DTI3,A2DTI3_TRIVA,1.0,,,,,,1,,,,
A2DTI5,A2DTI5_TRIVA,1.0,,,,,,1,,,,
A2DTN5,A2DTN5_TRIVA,1.0,,,,,,1,,,,
A2DTT2,A2DTT2_TRIVA,1.0,,,,,,1,,,,
A2DTT9,A2DTT9_TRIVA,1.0,,,,,,1,,,,
A2DTY2,A2DTY2_TRIVA,1.0,,,,,,1,,,,
A2DTY9,A2DTY9_TRIVA,1.0,,,,,,1,,,,
A2DU09,A2DU09_TRIVA,1.0,,,,,,1,,,,
A2DUB3,A2DUB3_TRIVA,1.0,,,,,,1,,,,
A2DUB6,A2DUB6_TRIVA,1.0,,,,,,1,,,,
A2DUB7,A2DUB7_TRIVA,1.0,,,,,,1,,,,
A2DV36,A2DV36_TRIVA,1.0,,,,,,1,,,,
A2DV49,A2DV49_TRIVA,1.0,,,,,,1,,,,
A2DV60,A2DV60_TRIVA,1.0,,,,,,1,,,,
A2DWR0,A2DWR0_TRIVA,1.0,,,,,,1,,,,
A2DWS2,A2DWS2_TRIVA,1.0,,,,,,1,,,,
A2DWT2,A2DWT2_TRIVA,1.0,,,,,,1,,,,
A2DWU0,A2DWU0_TRIVA,1.0,,,,,,1,,,,
A2DWU3,A2DWU3_TRIVA,1.0,,,,,,1,,,,
A2DWU6,A2DWU6_TRIVA,1.0,,,,,,1,,,,
A2DWV3,A2DWV3_TRIVA,1.0,,,,,,1,,,,
A2DWV4,A2DWV4_TRIVA,1.0,,,,,,1,,,,
A2DWW0,A2DWW0_TRIVA,1.0,,,,,,1,,,,
A2DX14,A2DX14_TRIVA,1.0,,,,,,1,,,,
A2DX15,A2DX15_TRIVA,1.0,,,,,,1,,,,
A2DX19,A2DX19_TRIVA,1.0,,,,,,1,,,,
A2DX55,A2DX55_TRIVA,1.0,,,,,,1,,,,
A2DX65,A2DX65_TRIVA,1.0,,,,,,1,,,,
A2DXB5,A2DXB5_TRIVA,1.0,,,,,,1,,,,
A2DXB6,A2DXB6_TRIVA,1.0,,,,,,1,,,,
A2DXC1,A2DXC1_TRIVA,1.0,,,,,,1,,,,
A2DXF8,A2DXF8_TRIVA,1.0,,,,,,1,,,,
A2DWR1,A2DWR1_TRIVA,1.0,,,,,,1,,,,
A2DWF7,A2DWF7_TRIVA,1.0,,,,,,1,,,,
A2DV87,A2DV87_TRIVA,1.0,,,,,,1,,,,
A2DWE9,A2DWE9_TRIVA,1.0,,,,,,1,,,,
A2DVC4,A2DVC4_TRIVA,1.0,,,,,,1,,,,
A2DVC7,A2DVC7_TRIVA,1.0,,,,,,1,,,,
A2DVD7,A2DVD7_TRIVA,1.0,,,,,,1,,,,
A2DVF8,A2DVF8_TRIVA,1.0,,,,,,1,,,,
A2DVI8,A2DVI8_TRIVA,1.0,,,,,,1,,,,
A2DVL6,A2DVL6_TRIVA,1.0,,,,,,1,,,,
A2DVM0,A2DVM0_TRIVA,1.0,,,,,,1,,,,
A2DVP4,A2DVP4_TRIVA,1.0,,,,,,1,,,,
A2DVP6,A2DVP6_TRIVA,1.0,,,,,,1,,,,
A2DVX7,A2DVX7_TRIVA,1.0,,,,,,1,,,,
A2DW09,A2DW09_TRIVA,1.0,,,,,,1,,,,
A2DW51,A2DW51_TRIVA,1.0,,,,,,1,,,,
A2DW52,A2DW52_TRIVA,1.0,,,,,,1,,,,
A2DW94,A2DW94_TRIVA,1.0,,,,,,1,,,,
A2DWC2,A2DWC2_TRIVA,1.0,,,,,,1,,,,
A2DWE4,A2DWE4_TRIVA,1.0,,,,,,1,,,,
A2DWE5,A2DWE5_TRIVA,1.0,,,,,,1,,,,
A2DKL9,A2DKL9_TRIVA,1.0,,,,,,1,,,,
A2DKL0,A2DKL0_TRIVA,1.0,,,,,,1,,,,
A2DKK8,A2DKK8_TRIVA,1.0,,,,,,1,,,,
A2DAA7,A2DAA7_TRIVA,1.0,,,,,,1,,,,
A2DA40,A2DA40_TRIVA,1.0,,,,,,1,,,,
A2DA41,A2DA41_TRIVA,1.0,,,,,,1,,,,
A2DA49,A2DA49_TRIVA,1.0,,,,,,1,,,,
A2DA59,A2DA59_TRIVA,1.0,,,,,,1,,,,
A2DA65,A2DA65_TRIVA,1.0,,,,,,1,,,,
A2DA66,A2DA66_TRIVA,1.0,,,,,,1,,,,
A2DA93,A2DA93_TRIVA,1.0,,,,,,1,,,,
A2DA99,A2DA99_TRIVA,1.0,,,,,,1,,,,
A2DAB3,A2DAB3_TRIVA,1.0,,,,,,1,,,,
A2DAN7,A2DAN7_TRIVA,1.0,,,,,,1,,,,
A2DAB6,A2DAB6_TRIVA,1.0,,,,,,1,,,,
A2DAC0,A2DAC0_TRIVA,1.0,,,,,,1,,,,
A2DAD9,A2DAD9_TRIVA,1.0,,,,,,1,,,,
A2DAE6,A2DAE6_TRIVA,1.0,,,,,,1,,,,
A2DAF5,A2DAF5_TRIVA,1.0,,,,,,1,,,,
A2DAI5,A2DAI5_TRIVA,1.0,,,,,,1,,,,
A2DAJ3,A2DAJ3_TRIVA,1.0,,,,,,1,,,,
A2DAL6,A2DAL6_TRIVA,1.0,,,,,,1,,,,
A2DA07,A2DA07_TRIVA,1.0,,,,,,1,,,,
A2D9Z5,A2D9Z5_TRIVA,1.0,,,,,,1,,,,
A2D9Z2,A2D9Z2_TRIVA,1.0,,,,,,1,,,,
A2D9X5,A2D9X5_TRIVA,1.0,,,,,,1,,,,
A2D948,A2D948_TRIVA,1.0,,,,,,1,,,,
A2D970,A2D970_TRIVA,1.0,,,,,,1,,,,
A2D996,A2D996_TRIVA,1.0,,,,,,1,,,,
A2D9E5,A2D9E5_TRIVA,1.0,,,,,,1,,,,
A2D9E6,A2D9E6_TRIVA,1.0,,,,,,1,,,,
A2D9E7,A2D9E7_TRIVA,1.0,,,,,,1,,,,
A2D9F7,A2D9F7_TRIVA,1.0,,,,,,1,,,,
A2D9I3,A2D9I3_TRIVA,1.0,,,,,,1,,,,
A2D9J0,A2D9J0_TRIVA,1.0,,,,,,1,,,,
A2D9J6,A2D9J6_TRIVA,1.0,,,,,,1,,,,
A2D9L1,A2D9L1_TRIVA,1.0,,,,,,1,,,,
A2D9N7,A2D9N7_TRIVA,1.0,,,,,,1,,,,
A2D9R1,A2D9R1_TRIVA,1.0,,,,,,1,,,,
A2D9T3,A2D9T3_TRIVA,1.0,,,,,,1,,,,
A2D9T5,A2D9T5_TRIVA,1.0,,,,,,1,,,,
A2D9U3,A2D9U3_TRIVA,1.0,,,,,,1,,,,
A2D9V5,A2D9V5_TRIVA,1.0,,,,,,1,,,,
A2DAN0,A2DAN0_TRIVA,1.0,,,,,,1,,,,
A2DAP0,A2DAP0_TRIVA,1.0,,,,,,1,,,,
A2DCN9,A2DCN9_TRIVA,1.0,,,,,,1,,,,
A2DBZ1,A2DBZ1_TRIVA,1.0,,,,,,1,,,,
A2DBK4,A2DBK4_TRIVA,1.0,,,,,,1,,,,
A2DBP1,A2DBP1_TRIVA,1.0,,,,,,1,,,,
A2DBP4,A2DBP4_TRIVA,1.0,,,,,,1,,,,
A2DBQ0,A2DBQ0_TRIVA,1.0,,,,,,1,,,,
A2DBS1,A2DBS1_TRIVA,1.0,,,,,,1,,,,
A2DBT8,A2DBT8_TRIVA,1.0,,,,,,1,,,,
A2DBW5,A2DBW5_TRIVA,1.0,,,,,,1,,,,
A2DBY7,A2DBY7_TRIVA,1.0,,,,,,1,,,,
A2DBZ2,A2DBZ2_TRIVA,1.0,,,,,,1,,,,
A2DAR8,A2DAR8_TRIVA,1.0,,,,,,1,,,,
A2DC05,A2DC05_TRIVA,1.0,,,,,,1,,,,
A2DC11,A2DC11_TRIVA,1.0,,,,,,1,,,,
A2DC47,A2DC47_TRIVA,1.0,,,,,,1,,,,
A2DC97,A2DC97_TRIVA,1.0,,,,,,1,,,,
A2DCA1,A2DCA1_TRIVA,1.0,,,,,,1,,,,
A2DCB8,A2DCB8_TRIVA,1.0,,,,,,1,,,,
A2DCC6,A2DCC6_TRIVA,1.0,,,,,,1,,,,
A2DCK0,A2DCK0_TRIVA,1.0,,,,,,1,,,,
A2DBJ6,A2DBJ6_TRIVA,1.0,,,,,,1,,,,
A2DBJ0,A2DBJ0_TRIVA,1.0,,,,,,1,,,,
A2DBI1,A2DBI1_TRIVA,1.0,,,,,,1,,,,
A2DBH9,A2DBH9_TRIVA,1.0,,,,,,1,,,,
A2DAU2,A2DAU2_TRIVA,1.0,,,,,,1,,,,
A2DAW8,A2DAW8_TRIVA,1.0,,,,,,1,,,,
A2DAX0,A2DAX0_TRIVA,1.0,,,,,,1,,,,
A2DB17,A2DB17_TRIVA,1.0,,,,,,1,,,,
A2DB47,A2DB47_TRIVA,1.0,,,,,,1,,,,
A2DB71,A2DB71_TRIVA,1.0,,,,,,1,,,,
A2DB72,A2DB72_TRIVA,1.0,,,,,,1,,,,
A2DB73,A2DB73_TRIVA,1.0,,,,,,1,,,,
A2DB94,A2DB94_TRIVA,1.0,,,,,,1,,,,
A2DB97,A2DB97_TRIVA,1.0,,,,,,1,,,,
A2DBA0,A2DBA0_TRIVA,1.0,,,,,,1,,,,
A2DBA5,A2DBA5_TRIVA,1.0,,,,,,1,,,,
A2DBB9,A2DBB9_TRIVA,1.0,,,,,,1,,,,
A2DBE0,A2DBE0_TRIVA,1.0,,,,,,1,,,,
A2DBE4,A2DBE4_TRIVA,1.0,,,,,,1,,,,
A2DBE7,A2DBE7_TRIVA,1.0,,,,,,1,,,,
A2DBF2,A2DBF2_TRIVA,1.0,,,,,,1,,,,
A2D927,A2D927_TRIVA,1.0,,,,,,1,,,,
A2D914,A2D914_TRIVA,1.0,,,,,,1,,,,
A2D8Z5,A2D8Z5_TRIVA,1.0,,,,,,1,,,,
A1U6V3,A1U6V3_MARHV,1.0,,,,,,1,,,,
A2AS55,ANR16_MOUSE,1.0,,,,,,1,,,,
A2ASY2,A2ASY2_MOUSE,1.0,,,,,,1,,,,
A2AV32,A2AV32_DANRE,1.0,,,,,,1,,,,
A2BGZ3,A2BGZ3_DANRE,1.0,,,,,,1,,,,
A2BIB8,A2BIB8_DANRE,1.0,,,,,,1,,,,
A2BID2,A2BID2_DANRE,1.0,,,,,,1,,,,
A2CEC3,A2CEC3_DANRE,1.0,,,,,,1,,,,
A2CER9,A2CER9_DANRE,1.0,,,,,,1,,,,
A2CEZ8,A2CEZ8_DANRE,1.0,,,,,,1,,,,
A2D8Y0,A2D8Y0_TRIVA,1.0,,,,,,1,,,,
A2CIR5,A2CIR5_ORYSJ,1.0,,,,,,1,,,,
A2D629,A2D629_MACMU,1.0,,,,,,1,,,,
A2D741,A2D741_TRIVA,1.0,,,,,,1,,,,
A2D768,A2D768_TRIVA,1.0,,,,,,1,,,,
A2D770,A2D770_TRIVA,1.0,,,,,,1,,,,
A2D779,A2D779_TRIVA,1.0,,,,,,1,,,,
A2D792,A2D792_TRIVA,1.0,,,,,,1,,,,
A2D793,A2D793_TRIVA,1.0,,,,,,1,,,,
A2ARS0,ANR63_MOUSE,1.0,,,,,,1,,,,
A2AQH4,BCORL_MOUSE,1.0,,,,,,1,,,,
A2AMD2,A2AMD2_MOUSE,1.0,,,,,,1,,,,
A2AJ40,A2AJ40_MOUSE,1.0,,,,,,1,,,,
A1VPS9,A1VPS9_POLNA,1.0,,,,,,1,,,,
A1VRM7,A1VRM7_POLNA,1.0,,,,,,1,,,,
A1VZH8,A1VZH8_CAMJJ,1.0,,,,,,1,,,,
A1V4S8,A1V4S8_BURMS,1.0,,,,,,1,,,,
A1W103,A1W103_CAMJJ,1.0,,,,,,1,,,,
A1W6N6,A1W6N6_ACISJ,1.0,,,,,,1,,,,
A1W844,A1W844_ACISJ,1.0,,,,,,1,,,,
A1WGM9,A1WGM9_VEREI,1.0,,,,,,1,,,,
A1WTI0,A1WTI0_HALHL,1.0,,,,,,1,,,,
A1WY46,A1WY46_HALHL,1.0,,,,,,1,,,,
A1Z9K8,A1Z9K8_DROME,1.0,,,,,,1,,,,
A1Z9W5,A1Z9W5_DROME,1.0,,,,,,1,,,,
A1ZBY1,FEM1B_DROME,1.0,,,,,,1,,,,
A2A2Z9,AN18B_HUMAN,1.0,,,,,,1,,,,
A2A690,TANC2_MOUSE,1.0,,,,,,1,,,,
A2ABF8,A2ABF8_HUMAN,1.0,,,,,,1,,,,
A2AD93,A2AD93_MOUSE,1.0,,,,,,1,,,,
A2D7A1,A2D7A1_TRIVA,1.0,,,,,,1,,,,
A2D7A6,A2D7A6_TRIVA,1.0,,,,,,1,,,,
A2D7D3,A2D7D3_TRIVA,1.0,,,,,,1,,,,
A2D860,A2D860_TRIVA,1.0,,,,,,1,,,,
A2D887,A2D887_TRIVA,1.0,,,,,,1,,,,
A2D889,A2D889_TRIVA,1.0,,,,,,1,,,,
A2D891,A2D891_TRIVA,1.0,,,,,,1,,,,
A2D8D3,A2D8D3_TRIVA,1.0,,,,,,1,,,,
A2D8E1,A2D8E1_TRIVA,1.0,,,,,,1,,,,
A2D8F4,A2D8F4_TRIVA,1.0,,,,,,1,,,,
A2D8I6,A2D8I6_TRIVA,1.0,,,,,,1,,,,
A2D8M0,A2D8M0_TRIVA,1.0,,,,,,1,,,,
A2D8N4,A2D8N4_TRIVA,1.0,,,,,,1,,,,
A2D8N5,A2D8N5_TRIVA,1.0,,,,,,1,,,,
A2D8P7,A2D8P7_TRIVA,1.0,,,,,,1,,,,
A2D8U1,A2D8U1_TRIVA,1.0,,,,,,1,,,,
A2D8U2,A2D8U2_TRIVA,1.0,,,,,,1,,,,
A2D8V6,A2D8V6_TRIVA,1.0,,,,,,1,,,,
A1U5E3,A1U5E3_MARHV,1.0,,,,,,1,,,,
A2D8W2,A2D8W2_TRIVA,1.0,,,,,,1,,,,
A2D8X1,A2D8X1_TRIVA,1.0,,,,,,1,,,,
A2D885,A2D885_TRIVA,1.0,,,,,,1,,,,
A2D858,A2D858_TRIVA,1.0,,,,,,1,,,,
A2D7G0,A2D7G0_TRIVA,1.0,,,,,,1,,,,
A2D845,A2D845_TRIVA,1.0,,,,,,1,,,,
A2D7J6,A2D7J6_TRIVA,1.0,,,,,,1,,,,
A2D7K0,A2D7K0_TRIVA,1.0,,,,,,1,,,,
A2D7K7,A2D7K7_TRIVA,1.0,,,,,,1,,,,
A2D7K9,A2D7K9_TRIVA,1.0,,,,,,1,,,,
A2D7Q7,A2D7Q7_TRIVA,1.0,,,,,,1,,,,
A2D7S0,A2D7S0_TRIVA,1.0,,,,,,1,,,,
A2D7S1,A2D7S1_TRIVA,1.0,,,,,,1,,,,
A2D7S3,A2D7S3_TRIVA,1.0,,,,,,1,,,,
A2D7T5,A2D7T5_TRIVA,1.0,,,,,,1,,,,
A2D7T7,A2D7T7_TRIVA,1.0,,,,,,1,,,,
A2D7U6,A2D7U6_TRIVA,1.0,,,,,,1,,,,
A2D7U9,A2D7U9_TRIVA,1.0,,,,,,1,,,,
A2D7Y1,A2D7Y1_TRIVA,1.0,,,,,,,,,,1
A2D7Y8,A2D7Y8_TRIVA,1.0,,,,,,1,,,,
A2D7Y9,A2D7Y9_TRIVA,1.0,,,,,,1,,,,
A2D7Z1,A2D7Z1_TRIVA,1.0,,,,,,1,,,,
A2D843,A2D843_TRIVA,1.0,,,,,,1,,,,
A2DCM7,A2DCM7_TRIVA,1.0,,,,,,1,,,,
A2DCQ6,A2DCQ6_TRIVA,1.0,,,,,,1,,,,
A2DKK4,A2DKK4_TRIVA,1.0,,,,,,1,,,,
A2DIJ9,A2DIJ9_TRIVA,1.0,,,,,,1,,,,
A2DI71,A2DI71_TRIVA,1.0,,,,,,1,,,,
A2DI83,A2DI83_TRIVA,1.0,,,,,,1,,,,
A2DIA8,A2DIA8_TRIVA,1.0,,,,,,1,,,,
A2DIB1,A2DIB1_TRIVA,1.0,,,,,,1,,,,
A2DIF1,A2DIF1_TRIVA,1.0,,,,,,1,,,,
A2DIH1,A2DIH1_TRIVA,1.0,,,,,,1,,,,
A2DIH2,A2DIH2_TRIVA,1.0,,,,,,1,,,,
A2DIJ4,A2DIJ4_TRIVA,1.0,,,,,,1,,,,
A2DIK0,A2DIK0_TRIVA,1.0,,,,,,1,,,,
A2DIS6,A2DIS6_TRIVA,1.0,,,,,,1,,,,
A2DIK5,A2DIK5_TRIVA,1.0,,,,,,1,,,,
A2DIK8,A2DIK8_TRIVA,1.0,,,,,,1,,,,
A2DIM7,A2DIM7_TRIVA,1.0,,,,,,1,,,,
A2DIN9,A2DIN9_TRIVA,1.0,,,,,,1,,,,
A2DIQ0,A2DIQ0_TRIVA,1.0,,,,,,1,,,,
A2DIQ4,A2DIQ4_TRIVA,1.0,,,,,,1,,,,
A2DIQ8,A2DIQ8_TRIVA,1.0,,,,,,1,,,,
A2DIR8,A2DIR8_TRIVA,1.0,,,,,,1,,,,
A2DI23,A2DI23_TRIVA,1.0,,,,,,1,,,,
A2DI16,A2DI16_TRIVA,1.0,,,,,,1,,,,
A2DI15,A2DI15_TRIVA,1.0,,,,,,1,,,,
A2DHY9,A2DHY9_TRIVA,1.0,,,,,,1,,,,
A2DGY2,A2DGY2_TRIVA,1.0,,,,,,1,,,,
A2DH11,A2DH11_TRIVA,1.0,,,,,,1,,,,
A2DH25,A2DH25_TRIVA,1.0,,,,,,1,,,,
A2DH39,A2DH39_TRIVA,1.0,,,,,,1,,,,
A2DHA2,A2DHA2_TRIVA,1.0,,,,,,1,,,,
A2DHE4,A2DHE4_TRIVA,1.0,,,,,,1,,,,
A2DHE7,A2DHE7_TRIVA,1.0,,,,,,1,,,,
A2DHH4,A2DHH4_TRIVA,1.0,,,,,,1,,,,
A2DHJ3,A2DHJ3_TRIVA,1.0,,,,,,1,,,,
A2DHK6,A2DHK6_TRIVA,1.0,,,,,,1,,,,
A2DHL9,A2DHL9_TRIVA,1.0,,,,,,1,,,,
A2DHR7,A2DHR7_TRIVA,1.0,,,,,,1,,,,
A2DHV9,A2DHV9_TRIVA,1.0,,,,,,1,,,,
A2DHW2,A2DHW2_TRIVA,1.0,,,,,,1,,,,
A2DHW9,A2DHW9_TRIVA,1.0,,,,,,1,,,,
A2DHX5,A2DHX5_TRIVA,1.0,,,,,,1,,,,
A2DHY8,A2DHY8_TRIVA,1.0,,,,,,1,,,,
A2DIS0,A2DIS0_TRIVA,1.0,,,,,,1,,,,
A2DIT1,A2DIT1_TRIVA,1.0,,,,,,1,,,,
A2DCR7,A2DCR7_TRIVA,1.0,,,,,,1,,,,
A2DK96,A2DK96_TRIVA,1.0,,,,,,1,,,,
A2DJV1,A2DJV1_TRIVA,1.0,,,,,,1,,,,
A2DJY2,A2DJY2_TRIVA,1.0,,,,,,1,,,,
A2DJY8,A2DJY8_TRIVA,1.0,,,,,,1,,,,
A2DJZ2,A2DJZ2_TRIVA,1.0,,,,,,1,,,,
A2DK11,A2DK11_TRIVA,1.0,,,,,,1,,,,
A2DK15,A2DK15_TRIVA,1.0,,,,,,1,,,,
A2DK38,A2DK38_TRIVA,1.0,,,,,,1,,,,
A2DK47,A2DK47_TRIVA,1.0,,,,,,1,,,,
A2DKA6,A2DKA6_TRIVA,1.0,,,,,,1,,,,
A2DIT7,A2DIT7_TRIVA,1.0,,,,,,1,,,,
A2DKB2,A2DKB2_TRIVA,1.0,,,,,,1,,,,
A2DKD0,A2DKD0_TRIVA,1.0,,,,,,1,,,,
A2DKD4,A2DKD4_TRIVA,1.0,,,,,,1,,,,
A1RZQ2,A1RZQ2_THEPD,1.0,,,,,,1,,,,
A2DKE1,A2DKE1_TRIVA,1.0,,,,,,1,,,,
A2DKE6,A2DKE6_TRIVA,1.0,,,,,,1,,,,
A2DKG6,A2DKG6_TRIVA,1.0,,,,,,1,,,,
A2DKI6,A2DKI6_TRIVA,1.0,,,,,,1,,,,
A2DJT1,A2DJT1_TRIVA,1.0,,,,,,1,,,,
A2DJM7,A2DJM7_TRIVA,1.0,,,,,,1,,,,
A2DJL0,A2DJL0_TRIVA,1.0,,,,,,1,,,,
A2DJK7,A2DJK7_TRIVA,1.0,,,,,,1,,,,
A2DIV6,A2DIV6_TRIVA,1.0,,,,,,1,,,,
A2DJ09,A2DJ09_TRIVA,1.0,,,,,,1,,,,
A2DJ15,A2DJ15_TRIVA,1.0,,,,,,1,,,,
A2DJ16,A2DJ16_TRIVA,1.0,,,,,,1,,,,
A2DJ24,A2DJ24_TRIVA,1.0,,,,,,1,,,,
A2DJ70,A2DJ70_TRIVA,1.0,,,,,,1,,,,
A2DJ72,A2DJ72_TRIVA,1.0,,,,,,1,,,,
A2DJ74,A2DJ74_TRIVA,1.0,,,,,,1,,,,
A2DJ93,A2DJ93_TRIVA,1.0,,,,,,1,,,,
A2DJB2,A2DJB2_TRIVA,1.0,,,,,,1,,,,
A2DJD6,A2DJD6_TRIVA,1.0,,,,,,1,,,,
A2DJE5,A2DJE5_TRIVA,1.0,,,,,,1,,,,
A2DJF1,A2DJF1_TRIVA,1.0,,,,,,1,,,,
A2DJH9,A2DJH9_TRIVA,1.0,,,,,,1,,,,
A2DJI0,A2DJI0_TRIVA,1.0,,,,,,1,,,,
A2DJJ1,A2DJJ1_TRIVA,1.0,,,,,,1,,,,
A2DJK1,A2DJK1_TRIVA,1.0,,,,,,1,,,,
A2DGW5,A2DGW5_TRIVA,1.0,,,,,,1,,,,
A2DGW4,A2DGW4_TRIVA,1.0,,,,,,1,,,,
A2DGU5,A2DGU5_TRIVA,1.0,,,,,,1,,,,
A2DEH4,A2DEH4_TRIVA,1.0,,,,,,1,,,,
A2DE44,A2DE44_TRIVA,1.0,,,,,,1,,,,
A2DE59,A2DE59_TRIVA,1.0,,,,,,1,,,,
A2DE86,A2DE86_TRIVA,1.0,,,,,,1,,,,
A2DEA3,A2DEA3_TRIVA,1.0,,,,,,1,,,,
A2DEA4,A2DEA4_TRIVA,1.0,,,,,,1,,,,
A2DEB8,A2DEB8_TRIVA,1.0,,,,,,1,,,,
A2DED6,A2DED6_TRIVA,1.0,,,,,,1,,,,
A2DEH1,A2DEH1_TRIVA,1.0,,,,,,1,,,,
A2DEI6,A2DEI6_TRIVA,1.0,,,,,,1,,,,
A2DGP6,A2DGP6_TRIVA,1.0,,,,,,1,,,,
A2DEK8,A2DEK8_TRIVA,1.0,,,,,,1,,,,
A2DEN4,A2DEN4_TRIVA,1.0,,,,,,1,,,,
A2DER0,A2DER0_TRIVA,1.0,,,,,,1,,,,
A2DES4,A2DES4_TRIVA,1.0,,,,,,1,,,,
A2DET0,A2DET0_TRIVA,1.0,,,,,,1,,,,
A2DET2,A2DET2_TRIVA,1.0,,,,,,1,,,,
A2DEV2,A2DEV2_TRIVA,1.0,,,,,,1,,,,
A2DEZ8,A2DEZ8_TRIVA,1.0,,,,,,1,,,,
A2DE19,A2DE19_TRIVA,1.0,,,,,,1,,,,
A2DDY6,A2DDY6_TRIVA,1.0,,,,,,1,,,,
A2DDV4,A2DDV4_TRIVA,1.0,,,,,,1,,,,
A2DDV1,A2DDV1_TRIVA,1.0,,,,,,1,,,,
A2DCS9,A2DCS9_TRIVA,1.0,,,,,,1,,,,
A2DD01,A2DD01_TRIVA,1.0,,,,,,1,,,,
A2DD18,A2DD18_TRIVA,1.0,,,,,,1,,,,
A2DD27,A2DD27_TRIVA,1.0,,,,,,1,,,,
A2DD85,A2DD85_TRIVA,1.0,,,,,,1,,,,
A2DDA7,A2DDA7_TRIVA,1.0,,,,,,1,,,,
A2DDB6,A2DDB6_TRIVA,1.0,,,,,,1,,,,
A2DDC3,A2DDC3_TRIVA,1.0,,,,,,1,,,,
A2DDC5,A2DDC5_TRIVA,1.0,,,,,,1,,,,
A2DDJ9,A2DDJ9_TRIVA,1.0,,,,,,1,,,,
A2DDM8,A2DDM8_TRIVA,1.0,,,,,,1,,,,
A2DDN4,A2DDN4_TRIVA,1.0,,,,,,1,,,,
A2DDN7,A2DDN7_TRIVA,1.0,,,,,,1,,,,
A2DDQ5,A2DDQ5_TRIVA,1.0,,,,,,1,,,,
A2DDS6,A2DDS6_TRIVA,1.0,,,,,,1,,,,
A2DDU8,A2DDU8_TRIVA,1.0,,,,,,1,,,,
A2DDU9,A2DDU9_TRIVA,1.0,,,,,,1,,,,
A2DF34,A2DF34_TRIVA,1.0,,,,,,1,,,,
A2DF41,A2DF41_TRIVA,1.0,,,,,,1,,,,
A2DF48,A2DF48_TRIVA,1.0,,,,,,1,,,,
A1S3D9,A1S3D9_SHEAM,1.0,,,,,,1,,,,
A2DFW5,A2DFW5_TRIVA,1.0,,,,,,1,,,,
A2DFX4,A2DFX4_TRIVA,1.0,,,,,,1,,,,
A2DFZ1,A2DFZ1_TRIVA,1.0,,,,,,1,,,,
A2DG07,A2DG07_TRIVA,1.0,,,,,,1,,,,
A2DG31,A2DG31_TRIVA,1.0,,,,,,1,,,,
A2DG32,A2DG32_TRIVA,1.0,,,,,,1,,,,
A2DG39,A2DG39_TRIVA,1.0,,,,,,1,,,,
A2DG69,A2DG69_TRIVA,1.0,,,,,,1,,,,
A2DG70,A2DG70_TRIVA,1.0,,,,,,1,,,,
A2DG93,A2DG93_TRIVA,1.0,,,,,,1,,,,
A2DGB3,A2DGB3_TRIVA,1.0,,,,,,1,,,,
A2DGD2,A2DGD2_TRIVA,1.0,,,,,,1,,,,
A2DGE0,A2DGE0_TRIVA,1.0,,,,,,1,,,,
A2DGJ9,A2DGJ9_TRIVA,1.0,,,,,,1,,,,
A2DGM0,A2DGM0_TRIVA,1.0,,,,,,1,,,,
A2DGM1,A2DGM1_TRIVA,1.0,,,,,,1,,,,
A2DGP1,A2DGP1_TRIVA,1.0,,,,,,1,,,,
A2DFW4,A2DFW4_TRIVA,1.0,,,,,,1,,,,
A1TRW2,A1TRW2_ACIAC,1.0,,,,,,1,,,,
A2DF60,A2DF60_TRIVA,1.0,,,,,,1,,,,
A2DFV8,A2DFV8_TRIVA,1.0,,,,,,1,,,,
A2DF61,A2DF61_TRIVA,1.0,,,,,,1,,,,
A2DF79,A2DF79_TRIVA,1.0,,,,,,1,,,,
A2DF82,A2DF82_TRIVA,1.0,,,,,,1,,,,
A1TSM7,A1TSM7_ACIAC,1.0,,,,,,1,,,,
A2DFC1,A2DFC1_TRIVA,1.0,,,,,,1,,,,
A2DFD6,A2DFD6_TRIVA,1.0,,,,,,1,,,,
A2DFF1,A2DFF1_TRIVA,1.0,,,,,,1,,,,
A2DFF2,A2DFF2_TRIVA,1.0,,,,,,1,,,,
A2DFF3,A2DFF3_TRIVA,1.0,,,,,,1,,,,
A2DFF5,A2DFF5_TRIVA,1.0,,,,,,1,,,,
A2DFG3,A2DFG3_TRIVA,1.0,,,,,,1,,,,
A2DFG8,A2DFG8_TRIVA,1.0,,,,,,1,,,,
A2DFJ5,A2DFJ5_TRIVA,1.0,,,,,,1,,,,
A2DFM7,A2DFM7_TRIVA,1.0,,,,,,1,,,,
A2DFN9,A2DFN9_TRIVA,1.0,,,,,,1,,,,
A2DFQ9,A2DFQ9_TRIVA,1.0,,,,,,1,,,,
A2DFS5,A2DFS5_TRIVA,1.0,,,,,,1,,,,
A2E1E2,A2E1E2_TRIVA,1.0,,,,,,1,,,,
A2E1E7,A2E1E7_TRIVA,1.0,,,,,,1,,,,
A2E1G0,A2E1G0_TRIVA,1.0,,,,,,1,,,,
A2ER58,A2ER58_TRIVA,1.0,,,,,,1,,,,
A2EQV7,A2EQV7_TRIVA,1.0,,,,,,1,,,,
A2ER08,A2ER08_TRIVA,1.0,,,,,,1,,,,
A2ER09,A2ER09_TRIVA,1.0,,,,,,1,,,,
A2ER11,A2ER11_TRIVA,1.0,,,,,,1,,,,
A2ER12,A2ER12_TRIVA,1.0,,,,,,1,,,,
A2ER15,A2ER15_TRIVA,1.0,,,,,,1,,,,
A2ER16,A2ER16_TRIVA,1.0,,,,,,1,,,,
A2ER25,A2ER25_TRIVA,1.0,,,,,,1,,,,
A2ER72,A2ER72_TRIVA,1.0,,,,,,1,,,,
A2ERN6,A2ERN6_TRIVA,1.0,,,,,,1,,,,
A2ER96,A2ER96_TRIVA,1.0,,,,,,1,,,,
A2ERA8,A2ERA8_TRIVA,1.0,,,,,,1,,,,
A2ERD6,A2ERD6_TRIVA,1.0,,,,,,1,,,,
A2ERE2,A2ERE2_TRIVA,1.0,,,,,,1,,,,
A2ERI9,A2ERI9_TRIVA,1.0,,,,,,1,,,,
A2ERJ9,A2ERJ9_TRIVA,1.0,,,,,,1,,,,
A2ERK2,A2ERK2_TRIVA,1.0,,,,,,1,,,,
A2ERL5,A2ERL5_TRIVA,1.0,,,,,,1,,,,
A2EQT3,A2EQT3_TRIVA,1.0,,,,,,1,,,,
A2EQT0,A2EQT0_TRIVA,1.0,,,,,,1,,,,
A2EQH0,A2EQH0_TRIVA,1.0,,,,,,1,,,,
A2EQA6,A2EQA6_TRIVA,1.0,,,,,,1,,,,
A2EPK0,A2EPK0_TRIVA,1.0,,,,,,1,,,,
A2EPK8,A2EPK8_TRIVA,1.0,,,,,,1,,,,
A2EPK9,A2EPK9_TRIVA,1.0,,,,,,1,,,,
A2EPL0,A2EPL0_TRIVA,1.0,,,,,,1,,,,
A2EPL1,A2EPL1_TRIVA,1.0,,,,,,1,,,,
A2EPL3,A2EPL3_TRIVA,1.0,,,,,,1,,,,
A2EPL7,A2EPL7_TRIVA,1.0,,,,,,1,,,,
A2EPL8,A2EPL8_TRIVA,1.0,,,,,,1,,,,
A2EPP2,A2EPP2_TRIVA,1.0,,,,,,1,,,,
A2EPQ3,A2EPQ3_TRIVA,1.0,,,,,,1,,,,
A2EPQ4,A2EPQ4_TRIVA,1.0,,,,,,1,,,,
A2EPQ6,A2EPQ6_TRIVA,1.0,,,,,,1,,,,
A2EPQ9,A2EPQ9_TRIVA,1.0,,,,,,1,,,,
A2EPY4,A2EPY4_TRIVA,1.0,,,,,,1,,,,
A2EQ43,A2EQ43_TRIVA,1.0,,,,,,1,,,,
A2EQ74,A2EQ74_TRIVA,1.0,,,,,,1,,,,
A2EQ84,A2EQ84_TRIVA,1.0,,,,,,1,,,,
A2ERM2,A2ERM2_TRIVA,1.0,,,,,,1,,,,
A2ERR8,A2ERR8_TRIVA,1.0,,,,,,1,,,,
A2EUB0,A2EUB0_TRIVA,1.0,,,,,,1,,,,
A2ETY4,A2ETY4_TRIVA,1.0,,,,,,1,,,,
A2ETI6,A2ETI6_TRIVA,1.0,,,,,,1,,,,
A2ETM1,A2ETM1_TRIVA,1.0,,,,,,1,,,,
A2ETR6,A2ETR6_TRIVA,1.0,,,,,,1,,,,
A2ETS1,A2ETS1_TRIVA,1.0,,,,,,1,,,,
A2ETT6,A2ETT6_TRIVA,1.0,,,,,,1,,,,
A2ETX6,A2ETX6_TRIVA,1.0,,,,,,1,,,,
A2ETX9,A2ETX9_TRIVA,1.0,,,,,,1,,,,
A2ETY0,A2ETY0_TRIVA,1.0,,,,,,1,,,,
A2ETY5,A2ETY5_TRIVA,1.0,,,,,,1,,,,
A2ERS5,A2ERS5_TRIVA,1.0,,,,,,1,,,,
A2ETY8,A2ETY8_TRIVA,1.0,,,,,,1,,,,
A2EU17,A2EU17_TRIVA,1.0,,,,,,1,,,,
A2EU40,A2EU40_TRIVA,1.0,,,,,,1,,,,
A2EU43,A2EU43_TRIVA,1.0,,,,,,1,,,,
A2EU44,A2EU44_TRIVA,1.0,,,,,,1,,,,
A2EU66,A2EU66_TRIVA,1.0,,,,,,1,,,,
A2EU67,A2EU67_TRIVA,1.0,,,,,,1,,,,
A2EU69,A2EU69_TRIVA,1.0,,,,,,1,,,,
A2ETI5,A2ETI5_TRIVA,1.0,,,,,,1,,,,
A2ETD7,A2ETD7_TRIVA,1.0,,,,,,1,,,,
A2ET85,A2ET85_TRIVA,1.0,,,,,,1,,,,
A2ET58,A2ET58_TRIVA,1.0,,,,,,1,,,,
A2ERS8,A2ERS8_TRIVA,1.0,,,,,,1,,,,
A2ERY6,A2ERY6_TRIVA,1.0,,,,,,1,,,,
A2ERZ8,A2ERZ8_TRIVA,1.0,,,,,,1,,,,
A2ES34,A2ES34_TRIVA,1.0,,,,,,1,,,,
A2ES39,A2ES39_TRIVA,1.0,,,,,,1,,,,
A2ES40,A2ES40_TRIVA,1.0,,,,,,1,,,,
A2ESC3,A2ESC3_TRIVA,1.0,,,,,,1,,,,
A2ESD0,A2ESD0_TRIVA,1.0,,,,,,1,,,,
A2ESG9,A2ESG9_TRIVA,1.0,,,,,,1,,,,
A2ESI0,A2ESI0_TRIVA,1.0,,,,,,1,,,,
A2ESK8,A2ESK8_TRIVA,1.0,,,,,,1,,,,
A1K7U1,A1K7U1_AZOSB,1.0,,,,,,1,,,,
A2ESU2,A2ESU2_TRIVA,1.0,,,,,,1,,,,
A2ESV6,A2ESV6_TRIVA,1.0,,,,,,1,,,,
A2ESW0,A2ESW0_TRIVA,1.0,,,,,,1,,,,
A2ESY0,A2ESY0_TRIVA,1.0,,,,,,1,,,,
A2ET20,A2ET20_TRIVA,1.0,,,,,,1,,,,
A2EPJ5,A2EPJ5_TRIVA,1.0,,,,,,1,,,,
A2EPJ1,A2EPJ1_TRIVA,1.0,,,,,,1,,,,
A2EPJ0,A2EPJ0_TRIVA,1.0,,,,,,1,,,,
A2ELJ6,A2ELJ6_TRIVA,1.0,,,,,,1,,,,
A2EKX0,A2EKX0_TRIVA,1.0,,,,,,1,,,,
A2EL17,A2EL17_TRIVA,1.0,,,,,,1,,,,
A2EL27,A2EL27_TRIVA,1.0,,,,,,1,,,,
A2ELC1,A2ELC1_TRIVA,1.0,,,,,,1,,,,
A2ELD0,A2ELD0_TRIVA,1.0,,,,,,1,,,,
A2ELD6,A2ELD6_TRIVA,1.0,,,,,,1,,,,
A2ELE7,A2ELE7_TRIVA,1.0,,,,,,1,,,,
A2ELI8,A2ELI8_TRIVA,1.0,,,,,,1,,,,
A2ELK7,A2ELK7_TRIVA,1.0,,,,,,1,,,,
A2EPI2,A2EPI2_TRIVA,1.0,,,,,,1,,,,
A2ELN7,A2ELN7_TRIVA,1.0,,,,,,1,,,,
A2ELQ1,A2ELQ1_TRIVA,1.0,,,,,,1,,,,
A2ELQ5,A2ELQ5_TRIVA,1.0,,,,,,1,,,,
A2ELS8,A2ELS8_TRIVA,1.0,,,,,,1,,,,
A2ELV3,A2ELV3_TRIVA,1.0,,,,,,1,,,,
A2ELY8,A2ELY8_TRIVA,1.0,,,,,,1,,,,
A2EM43,A2EM43_TRIVA,1.0,,,,,,1,,,,
A2EM44,A2EM44_TRIVA,1.0,,,,,,1,,,,
A2EKU9,A2EKU9_TRIVA,1.0,,,,,,1,,,,
A2EKT6,A2EKT6_TRIVA,1.0,,,,,,1,,,,
A2EKT4,A2EKT4_TRIVA,1.0,,,,,,1,,,,
A2EKS8,A2EKS8_TRIVA,1.0,,,,,,1,,,,
A2EJY6,A2EJY6_TRIVA,1.0,,,,,,1,,,,
A2EJY9,A2EJY9_TRIVA,1.0,,,,,,1,,,,
A2EK91,A2EK91_TRIVA,1.0,,,,,,1,,,,
A2EK94,A2EK94_TRIVA,1.0,,,,,,1,,,,
A2EKH4,A2EKH4_TRIVA,1.0,,,,,,1,,,,
A2EKI1,A2EKI1_TRIVA,1.0,,,,,,1,,,,
A2EKI3,A2EKI3_TRIVA,1.0,,,,,,1,,,,
A2EKK2,A2EKK2_TRIVA,1.0,,,,,,1,,,,
A2EKK4,A2EKK4_TRIVA,1.0,,,,,,1,,,,
A2EKM7,A2EKM7_TRIVA,1.0,,,,,,1,,,,
A2EKM8,A2EKM8_TRIVA,1.0,,,,,,1,,,,
A2EKM9,A2EKM9_TRIVA,1.0,,,,,,1,,,,
A2EKN2,A2EKN2_TRIVA,1.0,,,,,,1,,,,
A2EKP4,A2EKP4_TRIVA,1.0,,,,,,1,,,,
A2EKP8,A2EKP8_TRIVA,1.0,,,,,,1,,,,
A2EKQ7,A2EKQ7_TRIVA,1.0,,,,,,1,,,,
A2EKR4,A2EKR4_TRIVA,1.0,,,,,,1,,,,
A2EM87,A2EM87_TRIVA,1.0,,,,,,1,,,,
A2EMA8,A2EMA8_TRIVA,1.0,,,,,,1,,,,
A2EMF2,A2EMF2_TRIVA,1.0,,,,,,1,,,,
A2ENT0,A2ENT0_TRIVA,1.0,,,,,,1,,,,
A2ENT3,A2ENT3_TRIVA,1.0,,,,,,1,,,,
A2ENT5,A2ENT5_TRIVA,1.0,,,,,,1,,,,
A2ENW5,A2ENW5_TRIVA,1.0,,,,,,1,,,,
A2ENY0,A2ENY0_TRIVA,1.0,,,,,,1,,,,
A2EP04,A2EP04_TRIVA,1.0,,,,,,1,,,,
A2EP11,A2EP11_TRIVA,1.0,,,,,,1,,,,
A2EP14,A2EP14_TRIVA,1.0,,,,,,1,,,,
A2EP38,A2EP38_TRIVA,1.0,,,,,,1,,,,
A2EPA2,A2EPA2_TRIVA,1.0,,,,,,1,,,,
A2EPB2,A2EPB2_TRIVA,1.0,,,,,,1,,,,
A2EPB4,A2EPB4_TRIVA,1.0,,,,,,1,,,,
A2EPC3,A2EPC3_TRIVA,1.0,,,,,,1,,,,
A2EPC4,A2EPC4_TRIVA,1.0,,,,,,1,,,,
A2EPC5,A2EPC5_TRIVA,1.0,,,,,,1,,,,
A2EPG7,A2EPG7_TRIVA,1.0,,,,,,1,,,,
A2EPH8,A2EPH8_TRIVA,1.0,,,,,,1,,,,
A2EPH9,A2EPH9_TRIVA,1.0,,,,,,1,,,,
A2ENT2,A2ENT2_TRIVA,1.0,,,,,,1,,,,
A2ENN0,A2ENN0_TRIVA,1.0,,,,,,1,,,,
A2EMH4,A2EMH4_TRIVA,1.0,,,,,,1,,,,
A2ENL6,A2ENL6_TRIVA,1.0,,,,,,1,,,,
A2EML1,A2EML1_TRIVA,1.0,,,,,,1,,,,
A2EMN5,A2EMN5_TRIVA,1.0,,,,,,1,,,,
A2EMP9,A2EMP9_TRIVA,1.0,,,,,,1,,,,
A2EMS9,A2EMS9_TRIVA,1.0,,,,,,1,,,,
A2EMT4,A2EMT4_TRIVA,1.0,,,,,,1,,,,
A2EMY6,A2EMY6_TRIVA,1.0,,,,,,1,,,,
A2EMY7,A2EMY7_TRIVA,1.0,,,,,,1,,,,
A2EN24,A2EN24_TRIVA,1.0,,,,,,1,,,,
A2EN40,A2EN40_TRIVA,1.0,,,,,,1,,,,
A2EN92,A2EN92_TRIVA,1.0,,,,,,1,,,,
A2ENB3,A2ENB3_TRIVA,1.0,,,,,,1,,,,
A2END7,A2END7_TRIVA,1.0,,,,,,1,,,,
A2ENE5,A2ENE5_TRIVA,1.0,,,,,,1,,,,
A2ENE8,A2ENE8_TRIVA,1.0,,,,,,1,,,,
A2ENG2,A2ENG2_TRIVA,1.0,,,,,,1,,,,
A2ENG5,A2ENG5_TRIVA,1.0,,,,,,1,,,,
A2ENG6,A2ENG6_TRIVA,1.0,,,,,,1,,,,
A2EU74,A2EU74_TRIVA,1.0,,,,,,1,,,,
A2EUB1,A2EUB1_TRIVA,1.0,,,,,,1,,,,
A2EJX9,A2EJX9_TRIVA,1.0,,,,,,1,,,,
A1AU49,A1AU49_PELPD,1.0,,,,,,1,,,,
A2F102,A2F102_TRIVA,1.0,,,,,,1,,,,
A2F107,A2F107_TRIVA,1.0,,,,,,1,,,,
A2F171,A2F171_TRIVA,1.0,,,,,,1,,,,
A2F1A0,A2F1A0_TRIVA,1.0,,,,,,1,,,,
A2F1E2,A2F1E2_TRIVA,1.0,,,,,,1,,,,
A2F1F7,A2F1F7_TRIVA,1.0,,,,,,1,,,,
A1BG03,A1BG03_CHLPD,1.0,,,,,,1,,,,
A1B9X0,A1B9X0_PARDP,1.0,,,,,,1,,,,
A1ABQ3,A1ABQ3_ECOK1,1.0,,,,,,1,,,,
A0Q6U2,A0Q6U2_FRATN,1.0,,,,,,1,,,,
A1A808,A1A808_ECOK1,1.0,,,,,,1,,,,
A1A5V8,A1A5V8_DANRE,1.0,,,,,,1,,,,
A1A5B0,A1A5B0_HUMAN,1.0,,,,,,1,,,,
A0RPT6,A0RPT6_CAMFF,1.0,,,,,,1,,,,
A0RPL3,A0RPL3_CAMFF,1.0,,,,,,1,,,,
A0RJR4,A0RJR4_BACAH,1.0,,,,,,1,,,,
A0RGJ2,A0RGJ2_BACAH,1.0,,,,,,1,,,,
A0R9K3,A0R9K3_BACAH,1.0,,,,,,1,,,,
A2F0Z5,A2F0Z5_TRIVA,1.0,,,,,,1,,,,
A2F0Z4,A2F0Z4_TRIVA,1.0,,,,,,1,,,,
A1JKJ2,A1JKJ2_YERE8,1.0,,,,,,1,,,,
A2F0S3,A2F0S3_TRIVA,1.0,,,,,,1,,,,
A2EZK1,A2EZK1_TRIVA,1.0,,,,,,1,,,,
A2EZL4,A2EZL4_TRIVA,1.0,,,,,,1,,,,
A2EZL8,A2EZL8_TRIVA,1.0,,,,,,1,,,,
A2F064,A2F064_TRIVA,1.0,,,,,,1,,,,
A2F0C2,A2F0C2_TRIVA,1.0,,,,,,1,,,,
A2F0D7,A2F0D7_TRIVA,1.0,,,,,,1,,,,
A2F0D8,A2F0D8_TRIVA,1.0,,,,,,1,,,,
A2F0E8,A2F0E8_TRIVA,1.0,,,,,,1,,,,
A2F0E9,A2F0E9_TRIVA,1.0,,,,,,1,,,,
A2F0K6,A2F0K6_TRIVA,1.0,,,,,,1,,,,
A2F0L7,A2F0L7_TRIVA,1.0,,,,,,1,,,,
A2F0M2,A2F0M2_TRIVA,1.0,,,,,,1,,,,
A2F0M5,A2F0M5_TRIVA,1.0,,,,,,1,,,,
A2F0N2,A2F0N2_TRIVA,1.0,,,,,,1,,,,
A2F0N3,A2F0N3_TRIVA,1.0,,,,,,1,,,,
A2F0Q4,A2F0Q4_TRIVA,1.0,,,,,,1,,,,
A2F0Q5,A2F0Q5_TRIVA,1.0,,,,,,1,,,,
A0Q6U3,A0Q6U3_FRATN,1.0,,,,,,1,,,,
A0Q6U1,A0Q6U1_FRATN,1.0,,,,,,1,,,,
A2EUD3,A2EUD3_TRIVA,1.0,,,,,,1,,,,
A2F203,A2F203_TRIVA,1.0,,,,,,1,,,,
A2F1H9,A2F1H9_TRIVA,1.0,,,,,,1,,,,
A2F1Q6,A2F1Q6_TRIVA,1.0,,,,,,1,,,,
A0L957,A0L957_MAGSM,1.0,,,,,,1,,,,
A2F1T3,A2F1T3_TRIVA,1.0,,,,,,1,,,,
A2F1T4,A2F1T4_TRIVA,1.0,,,,,,1,,,,
A2F1V7,A2F1V7_TRIVA,1.0,,,,,,1,,,,
A2F1X1,A2F1X1_TRIVA,1.0,,,,,,1,,,,
A2F1Z1,A2F1Z1_TRIVA,1.0,,,,,,1,,,,
A2F204,A2F204_TRIVA,1.0,,,,,,1,,,,
A0PJZ0,A20A5_HUMAN,1.0,,,,,,1,,,,
A2F222,A2F222_TRIVA,1.0,,,,,,1,,,,
A2F236,A2F236_TRIVA,1.0,,,,,,1,,,,
A2F263,A2F263_TRIVA,1.0,,,,,,1,,,,
A2F268,A2F268_TRIVA,1.0,,,,,,1,,,,
A2F270,A2F270_TRIVA,1.0,,,,,,1,,,,
A2F2E5,A2F2E5_TRIVA,1.0,,,,,,1,,,,
A2F2H0,A2F2H0_TRIVA,1.0,,,,,,1,,,,
A2F2I9,A2F2I9_TRIVA,1.0,,,,,,1,,,,
A0LAH9,A0LAH9_MAGSM,1.0,,,,,,1,,,,
A2F1H8,A2F1H8_TRIVA,1.0,,,,,,1,,,,
A0LD81,A0LD81_MAGSM,1.0,,,,,,1,,,,
A0LJD1,A0LJD1_SYNFM,1.0,,,,,,1,,,,
A0PGH6,A0PGH6_DANRE,1.0,,,,,,1,,,,
A0NGZ8,A0NGZ8_ANOGA,1.0,,,,,,1,,,,
A0NGK8,A0NGK8_ANOGA,1.0,,,,,,1,,,,
A0NEX0,A0NEX0_ANOGA,1.0,,,,,,1,,,,
A0NBJ1,A0NBJ1_ANOGA,1.0,,,,,,1,,,,
A0M8W2,A0M8W2_DANRE,1.0,,,,,,1,,,,
A2F1G3,A2F1G3_TRIVA,1.0,,,,,,1,,,,
A0M8W0,A0M8W0_DANRE,1.0,,,,,,1,,,,
A0M8V5,A0M8V5_CANFA,1.0,,,,,,1,,,,
A0M8V4,A0M8V4_CANFA,1.0,,,,,,1,,,,
A0M8U5,A0M8U5_CHICK,1.0,,,,,,1,,,,
B0W609,B0W609_CULQU,1.0,,,,,,1,,,,
A2F1G6,A2F1G6_TRIVA,1.0,,,,,,1,,,,
A0M8U3,A0M8U3_CHICK,1.0,,,,,,1,,,,
A0M8T3,ASZ1_FELCA,1.0,,,,,,1,,,,
A0LNV8,A0LNV8_SYNFM,1.0,,,,,,1,,,,
A0LNQ5,A0LNQ5_SYNFM,1.0,,,,,,1,,,,
A2EZC8,A2EZC8_TRIVA,1.0,,,,,,1,,,,
A2EYZ6,A2EYZ6_TRIVA,1.0,,,,,,1,,,,
A2EYZ4,A2EYZ4_TRIVA,1.0,,,,,,1,,,,
A2EVW7,A2EVW7_TRIVA,1.0,,,,,,1,,,,
A2EVH3,A2EVH3_TRIVA,1.0,,,,,,1,,,,
A2EVK5,A2EVK5_TRIVA,1.0,,,,,,1,,,,
A2EVN7,A2EVN7_TRIVA,1.0,,,,,,1,,,,
A2EVR3,A2EVR3_TRIVA,1.0,,,,,,1,,,,
A2EVS4,A2EVS4_TRIVA,1.0,,,,,,1,,,,
A2EVT4,A2EVT4_TRIVA,1.0,,,,,,1,,,,
A2EVV3,A2EVV3_TRIVA,1.0,,,,,,1,,,,
A2EVV9,A2EVV9_TRIVA,1.0,,,,,,1,,,,
A2EVX0,A2EVX0_TRIVA,1.0,,,,,,1,,,,
A2EYR2,A2EYR2_TRIVA,1.0,,,,,,1,,,,
A2EW05,A2EW05_TRIVA,1.0,,,,,,1,,,,
A2EW12,A2EW12_TRIVA,1.0,,,,,,1,,,,
A2EW19,A2EW19_TRIVA,1.0,,,,,,1,,,,
A2EW69,A2EW69_TRIVA,1.0,,,,,,1,,,,
A2EW84,A2EW84_TRIVA,1.0,,,,,,1,,,,
A2EWA1,A2EWA1_TRIVA,1.0,,,,,,1,,,,
A2EWB1,A2EWB1_TRIVA,1.0,,,,,,1,,,,
A2EWD9,A2EWD9_TRIVA,1.0,,,,,,1,,,,
A2EVH0,A2EVH0_TRIVA,1.0,,,,,,1,,,,
A2EVG0,A2EVG0_TRIVA,1.0,,,,,,1,,,,
A2EV99,A2EV99_TRIVA,1.0,,,,,,1,,,,
A2EV79,A2EV79_TRIVA,1.0,,,,,,1,,,,
A2EUG6,A2EUG6_TRIVA,1.0,,,,,,1,,,,
A2EUH2,A2EUH2_TRIVA,1.0,,,,,,1,,,,
A2EUH3,A2EUH3_TRIVA,1.0,,,,,,1,,,,
A2EUI1,A2EUI1_TRIVA,1.0,,,,,,1,,,,
A2EUJ2,A2EUJ2_TRIVA,1.0,,,,,,1,,,,
A2EUJ5,A2EUJ5_TRIVA,1.0,,,,,,1,,,,
A2EUK8,A2EUK8_TRIVA,1.0,,,,,,1,,,,
A2EUL2,A2EUL2_TRIVA,1.0,,,,,,1,,,,
A2EUL3,A2EUL3_TRIVA,1.0,,,,,,1,,,,
A2EUM8,A2EUM8_TRIVA,1.0,,,,,,1,,,,
A2EUQ0,A2EUQ0_TRIVA,1.0,,,,,,1,,,,
A2EUQ1,A2EUQ1_TRIVA,1.0,,,,,,1,,,,
A2EUQ8,A2EUQ8_TRIVA,1.0,,,,,,1,,,,
A2EUU0,A2EUU0_TRIVA,1.0,,,,,,1,,,,
A2EUZ7,A2EUZ7_TRIVA,1.0,,,,,,1,,,,
A2EV01,A2EV01_TRIVA,1.0,,,,,,1,,,,
A2EV73,A2EV73_TRIVA,1.0,,,,,,1,,,,
A2EWF4,A2EWF4_TRIVA,1.0,,,,,,1,,,,
A2EWF8,A2EWF8_TRIVA,1.0,,,,,,1,,,,
A2EWG1,A2EWG1_TRIVA,1.0,,,,,,1,,,,
A2EXG9,A2EXG9_TRIVA,1.0,,,,,,1,,,,
A2EXJ5,A2EXJ5_TRIVA,1.0,,,,,,1,,,,
A2EXK8,A2EXK8_TRIVA,1.0,,,,,,1,,,,
A2EXR1,A2EXR1_TRIVA,1.0,,,,,,1,,,,
A2EXT4,A2EXT4_TRIVA,1.0,,,,,,1,,,,
A2EXT5,A2EXT5_TRIVA,1.0,,,,,,1,,,,
A2EXV8,A2EXV8_TRIVA,1.0,,,,,,1,,,,
A2EXV9,A2EXV9_TRIVA,1.0,,,,,,1,,,,
A2EY02,A2EY02_TRIVA,1.0,,,,,,1,,,,
A2EY10,A2EY10_TRIVA,1.0,,,,,,1,,,,
A2EY38,A2EY38_TRIVA,1.0,,,,,,1,,,,
A2EYC1,A2EYC1_TRIVA,1.0,,,,,,1,,,,
A2EYC8,A2EYC8_TRIVA,1.0,,,,,,1,,,,
A2EYE2,A2EYE2_TRIVA,1.0,,,,,,1,,,,
A2EYE8,A2EYE8_TRIVA,1.0,,,,,,1,,,,
A2EYF1,A2EYF1_TRIVA,1.0,,,,,,1,,,,
A2EYF6,A2EYF6_TRIVA,1.0,,,,,,1,,,,
A2EYN4,A2EYN4_TRIVA,1.0,,,,,,1,,,,
A2EXI8,A2EXI8_TRIVA,1.0,,,,,,1,,,,
A2EX86,A2EX86_TRIVA,1.0,,,,,,1,,,,
A2EWG7,A2EWG7_TRIVA,1.0,,,,,,1,,,,
A2EX85,A2EX85_TRIVA,1.0,,,,,,1,,,,
A2EWK5,A2EWK5_TRIVA,1.0,,,,,,1,,,,
A2EWK8,A2EWK8_TRIVA,1.0,,,,,,1,,,,
A2EWM3,A2EWM3_TRIVA,1.0,,,,,,1,,,,
A2EWP0,A2EWP0_TRIVA,1.0,,,,,,1,,,,
A2EWP1,A2EWP1_TRIVA,1.0,,,,,,1,,,,
A2EWP2,A2EWP2_TRIVA,1.0,,,,,,1,,,,
A1K5W1,A1K5W1_AZOSB,1.0,,,,,,1,,,,
A2EWQ4,A2EWQ4_TRIVA,1.0,,,,,,1,,,,
A2EWR5,A2EWR5_TRIVA,1.0,,,,,,1,,,,
A2EWR7,A2EWR7_TRIVA,1.0,,,,,,1,,,,
A2EWS6,A2EWS6_TRIVA,1.0,,,,,,1,,,,
A2EWS7,A2EWS7_TRIVA,1.0,,,,,,1,,,,
A2EWV0,A2EWV0_TRIVA,1.0,,,,,,1,,,,
A2EWX0,A2EWX0_TRIVA,1.0,,,,,,1,,,,
A2EWZ1,A2EWZ1_TRIVA,1.0,,,,,,1,,,,
A2EX82,A2EX82_TRIVA,1.0,,,,,,1,,,,
A2EX83,A2EX83_TRIVA,1.0,,,,,,1,,,,
A2EJY0,A2EJY0_TRIVA,1.0,,,,,,1,,,,
A2EJW4,A2EJW4_TRIVA,1.0,,,,,,1,,,,
A2E1G8,A2E1G8_TRIVA,1.0,,,,,,1,,,,
A2E8N6,A2E8N6_TRIVA,1.0,,,,,,1,,,,
A2E8A5,A2E8A5_TRIVA,1.0,,,,,,1,,,,
A2E8E6,A2E8E6_TRIVA,1.0,,,,,,1,,,,
A2E8I4,A2E8I4_TRIVA,1.0,,,,,,1,,,,
A2E8I6,A2E8I6_TRIVA,1.0,,,,,,1,,,,
A2E8I8,A2E8I8_TRIVA,1.0,,,,,,1,,,,
A2E8K4,A2E8K4_TRIVA,1.0,,,,,,1,,,,
A2E8M9,A2E8M9_TRIVA,1.0,,,,,,1,,,,
A2E8N4,A2E8N4_TRIVA,1.0,,,,,,1,,,,
A2E8P6,A2E8P6_TRIVA,1.0,,,,,,1,,,,
A2E900,A2E900_TRIVA,1.0,,,,,,1,,,,
A2E8T4,A2E8T4_TRIVA,1.0,,,,,,1,,,,
A2E8T5,A2E8T5_TRIVA,1.0,,,,,,1,,,,
A2E8U2,A2E8U2_TRIVA,1.0,,,,,,1,,,,
A2E8U4,A2E8U4_TRIVA,1.0,,,,,,1,,,,
A2E8U5,A2E8U5_TRIVA,1.0,,,,,,1,,,,
A2E8V2,A2E8V2_TRIVA,1.0,,,,,,1,,,,
A2E8V6,A2E8V6_TRIVA,1.0,,,,,,1,,,,
A2E8V7,A2E8V7_TRIVA,1.0,,,,,,1,,,,
A2E8A1,A2E8A1_TRIVA,1.0,,,,,,1,,,,
A2E872,A2E872_TRIVA,1.0,,,,,,1,,,,
A2E857,A2E857_TRIVA,1.0,,,,,,1,,,,
A2E855,A2E855_TRIVA,1.0,,,,,,1,,,,
A2E6X9,A2E6X9_TRIVA,1.0,,,,,,1,,,,
A2E6Z2,A2E6Z2_TRIVA,1.0,,,,,,1,,,,
A2E712,A2E712_TRIVA,1.0,,,,,,1,,,,
A2E715,A2E715_TRIVA,1.0,,,,,,1,,,,
A2E720,A2E720_TRIVA,1.0,,,,,,1,,,,
A2E728,A2E728_TRIVA,1.0,,,,,,1,,,,
A2E730,A2E730_TRIVA,1.0,,,,,,1,,,,
A2E738,A2E738_TRIVA,1.0,,,,,,1,,,,
A2E743,A2E743_TRIVA,1.0,,,,,,1,,,,
A2E766,A2E766_TRIVA,1.0,,,,,,1,,,,
A2E797,A2E797_TRIVA,1.0,,,,,,1,,,,
A2E7A3,A2E7A3_TRIVA,1.0,,,,,,1,,,,
A2E7A5,A2E7A5_TRIVA,1.0,,,,,,1,,,,
A2E7L1,A2E7L1_TRIVA,1.0,,,,,,1,,,,
A2E823,A2E823_TRIVA,1.0,,,,,,1,,,,
A2E841,A2E841_TRIVA,1.0,,,,,,1,,,,
A2E850,A2E850_TRIVA,1.0,,,,,,1,,,,
A2E8W4,A2E8W4_TRIVA,1.0,,,,,,1,,,,
A2E908,A2E908_TRIVA,1.0,,,,,,1,,,,
A2EB18,A2EB18_TRIVA,1.0,,,,,,1,,,,
A2EAG6,A2EAG6_TRIVA,1.0,,,,,,1,,,,
A2EA39,A2EA39_TRIVA,1.0,,,,,,1,,,,
A2EA79,A2EA79_TRIVA,1.0,,,,,,1,,,,
A2EA87,A2EA87_TRIVA,1.0,,,,,,1,,,,
A2EAC9,A2EAC9_TRIVA,1.0,,,,,,1,,,,
A2EAD0,A2EAD0_TRIVA,1.0,,,,,,1,,,,
A2EAD7,A2EAD7_TRIVA,1.0,,,,,,1,,,,
A2EAE6,A2EAE6_TRIVA,1.0,,,,,,1,,,,
A2EAG3,A2EAG3_TRIVA,1.0,,,,,,1,,,,
A2EAI8,A2EAI8_TRIVA,1.0,,,,,,1,,,,
A2E944,A2E944_TRIVA,1.0,,,,,,1,,,,
A2EAJ9,A2EAJ9_TRIVA,1.0,,,,,,1,,,,
A2EAM1,A2EAM1_TRIVA,1.0,,,,,,1,,,,
A2EAX6,A2EAX6_TRIVA,1.0,,,,,,1,,,,
A2EAX7,A2EAX7_TRIVA,1.0,,,,,,1,,,,
A2EAY3,A2EAY3_TRIVA,1.0,,,,,,1,,,,
A2EAY6,A2EAY6_TRIVA,1.0,,,,,,1,,,,
A2EAZ1,A2EAZ1_TRIVA,1.0,,,,,,1,,,,
A2EB03,A2EB03_TRIVA,1.0,,,,,,1,,,,
A2EA24,A2EA24_TRIVA,1.0,,,,,,1,,,,
A2E9Z3,A2E9Z3_TRIVA,1.0,,,,,,1,,,,
A2E9Y8,A2E9Y8_TRIVA,1.0,,,,,,1,,,,
A2E9W4,A2E9W4_TRIVA,1.0,,,,,,1,,,,
A2E945,A2E945_TRIVA,1.0,,,,,,1,,,,
A2E946,A2E946_TRIVA,1.0,,,,,,1,,,,
A2E947,A2E947_TRIVA,1.0,,,,,,1,,,,
A2E948,A2E948_TRIVA,1.0,,,,,,1,,,,
A2E975,A2E975_TRIVA,1.0,,,,,,1,,,,
A2E9A2,A2E9A2_TRIVA,1.0,,,,,,1,,,,
A2E9D2,A2E9D2_TRIVA,1.0,,,,,,1,,,,
A2E9L2,A2E9L2_TRIVA,1.0,,,,,,1,,,,
A2E9N9,A2E9N9_TRIVA,1.0,,,,,,1,,,,
A2E9Q0,A2E9Q0_TRIVA,1.0,,,,,,1,,,,
A2E9Q2,A2E9Q2_TRIVA,1.0,,,,,,1,,,,
A2E9Q5,A2E9Q5_TRIVA,1.0,,,,,,1,,,,
A2E9R6,A2E9R6_TRIVA,1.0,,,,,,1,,,,
A2E9T6,A2E9T6_TRIVA,1.0,,,,,,1,,,,
A2E9U9,A2E9U9_TRIVA,1.0,,,,,,1,,,,
A2E9W2,A2E9W2_TRIVA,1.0,,,,,,1,,,,
A2E9W3,A2E9W3_TRIVA,1.0,,,,,,1,,,,
A2E6X8,A2E6X8_TRIVA,1.0,,,,,,1,,,,
A2E6W0,A2E6W0_TRIVA,1.0,,,,,,1,,,,
A2E6V8,A2E6V8_TRIVA,1.0,,,,,,1,,,,
A2E304,A2E304_TRIVA,1.0,,,,,,1,,,,
A2E2D5,A2E2D5_TRIVA,1.0,,,,,,1,,,,
A2E2E5,A2E2E5_TRIVA,1.0,,,,,,1,,,,
A2E2F9,A2E2F9_TRIVA,1.0,,,,,,1,,,,
A2E2L0,A2E2L0_TRIVA,1.0,,,,,,1,,,,
A2E2N0,A2E2N0_TRIVA,1.0,,,,,,1,,,,
A2E2P3,A2E2P3_TRIVA,1.0,,,,,,1,,,,
A2E2P8,A2E2P8_TRIVA,1.0,,,,,,1,,,,
A2E2Y9,A2E2Y9_TRIVA,1.0,,,,,,1,,,,
A2E338,A2E338_TRIVA,1.0,,,,,,1,,,,
A2E6U0,A2E6U0_TRIVA,1.0,,,,,,1,,,,
A2E340,A2E340_TRIVA,1.0,,,,,,1,,,,
A2E375,A2E375_TRIVA,1.0,,,,,,1,,,,
A2E388,A2E388_TRIVA,1.0,,,,,,1,,,,
A2E396,A2E396_TRIVA,1.0,,,,,,1,,,,
A2E3A4,A2E3A4_TRIVA,1.0,,,,,,1,,,,
A2E3B7,A2E3B7_TRIVA,1.0,,,,,,1,,,,
A2E3D6,A2E3D6_TRIVA,1.0,,,,,,1,,,,
A2E3F8,A2E3F8_TRIVA,1.0,,,,,,1,,,,
A2E2C7,A2E2C7_TRIVA,1.0,,,,,,1,,,,
A2E2C2,A2E2C2_TRIVA,1.0,,,,,,1,,,,
A2E2B8,A2E2B8_TRIVA,1.0,,,,,,1,,,,
A2E287,A2E287_TRIVA,1.0,,,,,,1,,,,
A2E1H4,A2E1H4_TRIVA,1.0,,,,,,1,,,,
A2E1I3,A2E1I3_TRIVA,1.0,,,,,,1,,,,
A2E1I7,A2E1I7_TRIVA,1.0,,,,,,1,,,,
A2E1J1,A2E1J1_TRIVA,1.0,,,,,,1,,,,
A2E1L3,A2E1L3_TRIVA,1.0,,,,,,1,,,,
A2E1L8,A2E1L8_TRIVA,1.0,,,,,,1,,,,
A2E1M6,A2E1M6_TRIVA,1.0,,,,,,1,,,,
A2E1N7,A2E1N7_TRIVA,1.0,,,,,,1,,,,
A2E1R1,A2E1R1_TRIVA,1.0,,,,,,1,,,,
A2E1S8,A2E1S8_TRIVA,1.0,,,,,,1,,,,
A2E1U0,A2E1U0_TRIVA,1.0,,,,,,1,,,,
A2E1U1,A2E1U1_TRIVA,1.0,,,,,,1,,,,
A2E1V5,A2E1V5_TRIVA,1.0,,,,,,1,,,,
A2E1Y1,A2E1Y1_TRIVA,1.0,,,,,,1,,,,
A2E202,A2E202_TRIVA,1.0,,,,,,1,,,,
A2E225,A2E225_TRIVA,1.0,,,,,,1,,,,
A2E271,A2E271_TRIVA,1.0,,,,,,1,,,,
A2E3P8,A2E3P8_TRIVA,1.0,,,,,,1,,,,
A2E3S7,A2E3S7_TRIVA,1.0,,,,,,1,,,,
A2E3T3,A2E3T3_TRIVA,1.0,,,,,,1,,,,
A2E518,A2E518_TRIVA,1.0,,,,,,1,,,,
A2E525,A2E525_TRIVA,1.0,,,,,,1,,,,
A2E554,A2E554_TRIVA,1.0,,,,,,1,,,,
A2E571,A2E571_TRIVA,1.0,,,,,,1,,,,
A2E5B3,A2E5B3_TRIVA,1.0,,,,,,1,,,,
A2E5B5,A2E5B5_TRIVA,1.0,,,,,,1,,,,
A2E5I5,A2E5I5_TRIVA,1.0,,,,,,1,,,,
A2E5I8,A2E5I8_TRIVA,1.0,,,,,,1,,,,
A2E5M9,A2E5M9_TRIVA,1.0,,,,,,1,,,,
A2E5P4,A2E5P4_TRIVA,1.0,,,,,,1,,,,
A2E5R2,A2E5R2_TRIVA,1.0,,,,,,1,,,,
A2E5T9,A2E5T9_TRIVA,1.0,,,,,,1,,,,
A2E5V8,A2E5V8_TRIVA,1.0,,,,,,1,,,,
A2E5X7,A2E5X7_TRIVA,1.0,,,,,,1,,,,
A2E6E8,A2E6E8_TRIVA,1.0,,,,,,1,,,,
A2E6G8,A2E6G8_TRIVA,1.0,,,,,,1,,,,
A2E6G9,A2E6G9_TRIVA,1.0,,,,,,1,,,,
A2E6S1,A2E6S1_TRIVA,1.0,,,,,,1,,,,
A2E524,A2E524_TRIVA,1.0,,,,,,1,,,,
A2E517,A2E517_TRIVA,1.0,,,,,,1,,,,
A2E3T6,A2E3T6_TRIVA,1.0,,,,,,1,,,,
A2E4Y1,A2E4Y1_TRIVA,1.0,,,,,,1,,,,
A2E3T9,A2E3T9_TRIVA,1.0,,,,,,1,,,,
A2E3W8,A2E3W8_TRIVA,1.0,,,,,,1,,,,
A2E431,A2E431_TRIVA,1.0,,,,,,1,,,,
A2E4D4,A2E4D4_TRIVA,1.0,,,,,,1,,,,
A2E4I4,A2E4I4_TRIVA,1.0,,,,,,1,,,,
A2E4I5,A2E4I5_TRIVA,1.0,,,,,,1,,,,
A2E4J0,A2E4J0_TRIVA,1.0,,,,,,1,,,,
A2E4K4,A2E4K4_TRIVA,1.0,,,,,,1,,,,
A2E4Q3,A2E4Q3_TRIVA,1.0,,,,,,1,,,,
A2E4Q4,A2E4Q4_TRIVA,1.0,,,,,,1,,,,
A2E4Q8,A2E4Q8_TRIVA,1.0,,,,,,1,,,,
A2E4S3,A2E4S3_TRIVA,1.0,,,,,,1,,,,
A2E4T6,A2E4T6_TRIVA,1.0,,,,,,1,,,,
A2E4V2,A2E4V2_TRIVA,1.0,,,,,,1,,,,
A2E4W1,A2E4W1_TRIVA,1.0,,,,,,1,,,,
A2E4W9,A2E4W9_TRIVA,1.0,,,,,,1,,,,
A2E4X3,A2E4X3_TRIVA,1.0,,,,,,1,,,,
A2EB16,A2EB16_TRIVA,1.0,,,,,,1,,,,
A2EBB7,A2EBB7_TRIVA,1.0,,,,,,1,,,,
A2EJS1,A2EJS1_TRIVA,1.0,,,,,,1,,,,
A2EGI7,A2EGI7_TRIVA,1.0,,,,,,1,,,,
A2EGD3,A2EGD3_TRIVA,1.0,,,,,,1,,,,
A2EGD9,A2EGD9_TRIVA,1.0,,,,,,1,,,,
A2EGE1,A2EGE1_TRIVA,1.0,,,,,,1,,,,
A2EGF2,A2EGF2_TRIVA,1.0,,,,,,1,,,,
A2EGG5,A2EGG5_TRIVA,1.0,,,,,,1,,,,
A2EGI1,A2EGI1_TRIVA,1.0,,,,,,1,,,,
A2EGI2,A2EGI2_TRIVA,1.0,,,,,,1,,,,
A2EGI3,A2EGI3_TRIVA,1.0,,,,,,1,,,,
A2EGK4,A2EGK4_TRIVA,1.0,,,,,,1,,,,
A2EHC7,A2EHC7_TRIVA,1.0,,,,,,1,,,,
A2EGL3,A2EGL3_TRIVA,1.0,,,,,,1,,,,
A2EGL5,A2EGL5_TRIVA,1.0,,,,,,1,,,,
A2EGQ7,A2EGQ7_TRIVA,1.0,,,,,,1,,,,
A2EGT0,A2EGT0_TRIVA,1.0,,,,,,1,,,,
A2EGT8,A2EGT8_TRIVA,1.0,,,,,,1,,,,
A2EGT9,A2EGT9_TRIVA,1.0,,,,,,1,,,,
A2EGW0,A2EGW0_TRIVA,1.0,,,,,,1,,,,
A2EH30,A2EH30_TRIVA,1.0,,,,,,1,,,,
A2EGC4,A2EGC4_TRIVA,1.0,,,,,,1,,,,
A2EGA8,A2EGA8_TRIVA,1.0,,,,,,1,,,,
A2EG29,A2EG29_TRIVA,1.0,,,,,,1,,,,
A2EG27,A2EG27_TRIVA,1.0,,,,,,1,,,,
A2EFB2,A2EFB2_TRIVA,1.0,,,,,,1,,,,
A2EFD8,A2EFD8_TRIVA,1.0,,,,,,1,,,,
A2EFE1,A2EFE1_TRIVA,1.0,,,,,,1,,,,
A2EFE9,A2EFE9_TRIVA,1.0,,,,,,1,,,,
A2EFG5,A2EFG5_TRIVA,1.0,,,,,,1,,,,
A2EFI7,A2EFI7_TRIVA,1.0,,,,,,1,,,,
A2EFP9,A2EFP9_TRIVA,1.0,,,,,,1,,,,
A2EFQ1,A2EFQ1_TRIVA,1.0,,,,,,1,,,,
A2EFQ6,A2EFQ6_TRIVA,1.0,,,,,,1,,,,
A2EFW3,A2EFW3_TRIVA,1.0,,,,,,1,,,,
A2EFW5,A2EFW5_TRIVA,1.0,,,,,,1,,,,
A2EFX6,A2EFX6_TRIVA,1.0,,,,,,1,,,,
A2EFY1,A2EFY1_TRIVA,1.0,,,,,,1,,,,
A2EFZ2,A2EFZ2_TRIVA,1.0,,,,,,1,,,,
A2EG03,A2EG03_TRIVA,1.0,,,,,,1,,,,
A2EG05,A2EG05_TRIVA,1.0,,,,,,1,,,,
A2EG19,A2EG19_TRIVA,1.0,,,,,,1,,,,
A2EHA9,A2EHA9_TRIVA,1.0,,,,,,1,,,,
A2EHC8,A2EHC8_TRIVA,1.0,,,,,,1,,,,
A2EBD5,A2EBD5_TRIVA,1.0,,,,,,1,,,,
A2EJ57,A2EJ57_TRIVA,1.0,,,,,,1,,,,
A2EIL1,A2EIL1_TRIVA,1.0,,,,,,1,,,,
A2EIM3,A2EIM3_TRIVA,1.0,,,,,,1,,,,
A2EIM6,A2EIM6_TRIVA,1.0,,,,,,1,,,,
A2EIP7,A2EIP7_TRIVA,1.0,,,,,,1,,,,
A2EIQ2,A2EIQ2_TRIVA,1.0,,,,,,1,,,,
A2EIS4,A2EIS4_TRIVA,1.0,,,,,,1,,,,
A2EJ39,A2EJ39_TRIVA,1.0,,,,,,1,,,,
A2EJ53,A2EJ53_TRIVA,1.0,,,,,,1,,,,
A2EJ78,A2EJ78_TRIVA,1.0,,,,,,1,,,,
A2EHD0,A2EHD0_TRIVA,1.0,,,,,,1,,,,
A2EJH5,A2EJH5_TRIVA,1.0,,,,,,1,,,,
A2EJH6,A2EJH6_TRIVA,1.0,,,,,,1,,,,
A2EJI3,A2EJI3_TRIVA,1.0,,,,,,1,,,,
A2EJP4,A2EJP4_TRIVA,1.0,,,,,,1,,,,
A2EJP9,A2EJP9_TRIVA,1.0,,,,,,1,,,,
A2EJR2,A2EJR2_TRIVA,1.0,,,,,,1,,,,
A2EJR3,A2EJR3_TRIVA,1.0,,,,,,1,,,,
A2EJS0,A2EJS0_TRIVA,1.0,,,,,,1,,,,
A2EIJ1,A2EIJ1_TRIVA,1.0,,,,,,1,,,,
A2EIF7,A2EIF7_TRIVA,1.0,,,,,,1,,,,
A2EIC4,A2EIC4_TRIVA,1.0,,,,,,1,,,,
A2EIB3,A2EIB3_TRIVA,1.0,,,,,,1,,,,
A2EHE9,A2EHE9_TRIVA,1.0,,,,,,1,,,,
A2EHF1,A2EHF1_TRIVA,1.0,,,,,,1,,,,
A2EHG0,A2EHG0_TRIVA,1.0,,,,,,1,,,,
A2EHH7,A2EHH7_TRIVA,1.0,,,,,,1,,,,
A2EHH9,A2EHH9_TRIVA,1.0,,,,,,1,,,,
A2EHL6,A2EHL6_TRIVA,1.0,,,,,,1,,,,
A2EHR6,A2EHR6_TRIVA,1.0,,,,,,1,,,,
A2EHT6,A2EHT6_TRIVA,1.0,,,,,,1,,,,
A2EHV2,A2EHV2_TRIVA,1.0,,,,,,1,,,,
A2EHV4,A2EHV4_TRIVA,1.0,,,,,,1,,,,
A2EHX6,A2EHX6_TRIVA,1.0,,,,,,1,,,,
A2EHX9,A2EHX9_TRIVA,1.0,,,,,,1,,,,
A2EHY7,A2EHY7_TRIVA,1.0,,,,,,1,,,,
A2EHZ4,A2EHZ4_TRIVA,1.0,,,,,,1,,,,
A2EI10,A2EI10_TRIVA,1.0,,,,,,1,,,,
A2EI37,A2EI37_TRIVA,1.0,,,,,,1,,,,
A2EI73,A2EI73_TRIVA,1.0,,,,,,1,,,,
A2EF96,A2EF96_TRIVA,1.0,,,,,,1,,,,
A2EF65,A2EF65_TRIVA,1.0,,,,,,1,,,,
A2EF64,A2EF64_TRIVA,1.0,,,,,,1,,,,
A2ECY6,A2ECY6_TRIVA,1.0,,,,,,1,,,,
A2ECR3,A2ECR3_TRIVA,1.0,,,,,,1,,,,
A2ECS4,A2ECS4_TRIVA,1.0,,,,,,1,,,,
A2ECT7,A2ECT7_TRIVA,1.0,,,,,,1,,,,
A2ECT8,A2ECT8_TRIVA,1.0,,,,,,1,,,,
A2ECU1,A2ECU1_TRIVA,1.0,,,,,,1,,,,
A2ECV3,A2ECV3_TRIVA,1.0,,,,,,1,,,,
A2ECX5,A2ECX5_TRIVA,1.0,,,,,,1,,,,
A2ECY5,A2ECY5_TRIVA,1.0,,,,,,1,,,,
A2ECZ8,A2ECZ8_TRIVA,1.0,,,,,,1,,,,
A2EF62,A2EF62_TRIVA,1.0,,,,,,1,,,,
A2ED14,A2ED14_TRIVA,1.0,,,,,,1,,,,
A2ED16,A2ED16_TRIVA,1.0,,,,,,1,,,,
A2ED20,A2ED20_TRIVA,1.0,,,,,,1,,,,
A2ED40,A2ED40_TRIVA,1.0,,,,,,1,,,,
A2ED57,A2ED57_TRIVA,1.0,,,,,,1,,,,
A2ED88,A2ED88_TRIVA,1.0,,,,,,1,,,,
A2EDA0,A2EDA0_TRIVA,1.0,,,,,,1,,,,
A2EDD5,A2EDD5_TRIVA,1.0,,,,,,1,,,,
A1K9U6,A1K9U6_AZOSB,1.0,,,,,,1,,,,
A2ECQ9,A2ECQ9_TRIVA,1.0,,,,,,1,,,,
A2ECQ4,A2ECQ4_TRIVA,1.0,,,,,,1,,,,
A2ECP2,A2ECP2_TRIVA,1.0,,,,,,1,,,,
A2EBF6,A2EBF6_TRIVA,1.0,,,,,,1,,,,
A2EBH8,A2EBH8_TRIVA,1.0,,,,,,1,,,,
A2EBJ5,A2EBJ5_TRIVA,1.0,,,,,,1,,,,
A2EC13,A2EC13_TRIVA,1.0,,,,,,1,,,,
A2EC96,A2EC96_TRIVA,1.0,,,,,,1,,,,
A2EC98,A2EC98_TRIVA,1.0,,,,,,1,,,,
A2ECC7,A2ECC7_TRIVA,1.0,,,,,,1,,,,
A2ECD0,A2ECD0_TRIVA,1.0,,,,,,1,,,,
A2ECI3,A2ECI3_TRIVA,1.0,,,,,,1,,,,
A2ECI4,A2ECI4_TRIVA,1.0,,,,,,1,,,,
A2ECJ0,A2ECJ0_TRIVA,1.0,,,,,,1,,,,
A2ECJ1,A2ECJ1_TRIVA,1.0,,,,,,1,,,,
A2ECJ6,A2ECJ6_TRIVA,1.0,,,,,,1,,,,
A2ECK3,A2ECK3_TRIVA,1.0,,,,,,1,,,,
A2ECM0,A2ECM0_TRIVA,1.0,,,,,,1,,,,
A2ECN0,A2ECN0_TRIVA,1.0,,,,,,1,,,,
A2ECP1,A2ECP1_TRIVA,1.0,,,,,,1,,,,
A2EDF9,A2EDF9_TRIVA,1.0,,,,,,1,,,,
A2EDI5,A2EDI5_TRIVA,1.0,,,,,,1,,,,
A2EDQ3,A2EDQ3_TRIVA,1.0,,,,,,1,,,,
A2EE98,A2EE98_TRIVA,1.0,,,,,,1,,,,
A2EEA5,A2EEA5_TRIVA,1.0,,,,,,1,,,,
A2EEC3,A2EEC3_TRIVA,1.0,,,,,,1,,,,
A2EEJ7,A2EEJ7_TRIVA,1.0,,,,,,1,,,,
A2EEP9,A2EEP9_TRIVA,1.0,,,,,,1,,,,
A2EEQ4,A2EEQ4_TRIVA,1.0,,,,,,1,,,,
A2EEQ7,A2EEQ7_TRIVA,1.0,,,,,,1,,,,
A2EER1,A2EER1_TRIVA,1.0,,,,,,1,,,,
A2EER3,A2EER3_TRIVA,1.0,,,,,,1,,,,
A2EES7,A2EES7_TRIVA,1.0,,,,,,1,,,,
A2EEW3,A2EEW3_TRIVA,1.0,,,,,,1,,,,
A2EEX1,A2EEX1_TRIVA,1.0,,,,,,1,,,,
A2EEX3,A2EEX3_TRIVA,1.0,,,,,,1,,,,
A2EEX6,A2EEX6_TRIVA,1.0,,,,,,1,,,,
A2EEZ1,A2EEZ1_TRIVA,1.0,,,,,,1,,,,
A2EF48,A2EF48_TRIVA,1.0,,,,,,1,,,,
A2EF49,A2EF49_TRIVA,1.0,,,,,,1,,,,
A2EF61,A2EF61_TRIVA,1.0,,,,,,1,,,,
A2EEA2,A2EEA2_TRIVA,1.0,,,,,,1,,,,
A2EE40,A2EE40_TRIVA,1.0,,,,,,1,,,,
A2EDQ6,A2EDQ6_TRIVA,1.0,,,,,,1,,,,
A2EE21,A2EE21_TRIVA,1.0,,,,,,1,,,,
A2EDS7,A2EDS7_TRIVA,1.0,,,,,,1,,,,
A2EDT5,A2EDT5_TRIVA,1.0,,,,,,1,,,,
A2EDT8,A2EDT8_TRIVA,1.0,,,,,,1,,,,
A2EDU3,A2EDU3_TRIVA,1.0,,,,,,1,,,,
A2EDU7,A2EDU7_TRIVA,1.0,,,,,,1,,,,
A2EDV1,A2EDV1_TRIVA,1.0,,,,,,1,,,,
A2EDV4,A2EDV4_TRIVA,1.0,,,,,,1,,,,
A2EDV9,A2EDV9_TRIVA,1.0,,,,,,1,,,,
A2EDW0,A2EDW0_TRIVA,1.0,,,,,,1,,,,
A2EDW3,A2EDW3_TRIVA,1.0,,,,,,1,,,,
A2EDW4,A2EDW4_TRIVA,1.0,,,,,,1,,,,
A2EDW9,A2EDW9_TRIVA,1.0,,,,,,1,,,,
A2EDY5,A2EDY5_TRIVA,1.0,,,,,,1,,,,
A2EDY7,A2EDY7_TRIVA,1.0,,,,,,1,,,,
A2EDZ1,A2EDZ1_TRIVA,1.0,,,,,,1,,,,
A2EE00,A2EE00_TRIVA,1.0,,,,,,1,,,,
A2EE08,A2EE08_TRIVA,1.0,,,,,,1,,,,
B0W5K9,B0W5K9_CULQU,1.0,,,,,,1,,,,
B0WS65,B0WS65_CULQU,1.0,,,,,,1,,,,
B0W610,B0W610_CULQU,1.0,,,,,,1,,,,
Q3TPE9,ANKY2_MOUSE,1.0,,,,,,1,,,,
Q3MU93,Q3MU93_BOVIN,1.0,,,,,,1,,,,
Q3S405,Q3S405_MAGGR,1.0,,,,,,1,,,,
Q3SWY2,ILK_BOVIN,1.0,,,,,,1,,,,
Q3SX00,ANR46_BOVIN,1.0,,,,,,1,,,,
Q3SX45,ASB2_BOVIN,1.0,,,,,,1,,,,
Q3SYQ9,Q3SYQ9_BOVIN,1.0,,,,,,1,,,,
Q3SZE4,ASB11_BOVIN,1.0,,,,,,1,,,,
Q3T0F7,MTPN_BOVIN,1.0,,,,,,1,,,,
Q3TS37,Q3TS37_MOUSE,1.0,,,,,,1,,,,
Q3YAM1,Q3YAM1_MACMU,1.0,,,,,,1,,,,
Q3U0D9,HACE1_MOUSE,1.0,,,,,,1,,,,
Q3U5I3,Q3U5I3_MOUSE,1.0,,,,,,1,,,,
Q3UES3,TNKS2_MOUSE,1.0,,,,,,1,,,,
Q3UMR0,ANR27_MOUSE,1.0,,,,,,1,,,,
Q3UMT1,PP12C_MOUSE,1.0,,,,,,1,,,,
Q3US51,Q3US51_MOUSE,1.0,,,,,,1,,,,
Q3UYR4,ESPNL_MOUSE,1.0,,,,,,1,,,,
Q3V096,ANR42_MOUSE,1.0,,,,,,1,,,,
Q3M8H4,Q3M8H4_ANAVT,1.0,,,,,,1,,,,
Q3M637,Q3M637_ANAVT,1.0,,,,,,1,,,,
Q3M524,Q3M524_ANAVT,1.0,,,,,,1,,,,
Q3M2S0,Q3M2S0_ANAVT,1.0,,,,,,1,,,,
Q39FI2,Q39FI2_BURL3,1.0,,,,,,1,,,,
Q39S94,Q39S94_GEOMG,1.0,,,,,,1,,,,
Q39S95,Q39S95_GEOMG,1.0,,,,,,1,,,,
Q39S98,Q39S98_GEOMG,1.0,,,,,,1,,,,
Q39Y49,Q39Y49_GEOMG,1.0,,,,,,1,,,,
Q39ZB5,Q39ZB5_GEOMG,1.0,,,,,,1,,,,
Q3ALE0,Q3ALE0_SYNSC,1.0,,,,,,1,,,,
Q3B7V4,Q3B7V4_RAT,1.0,,,,,,1,,,,
Q3BMW2,Q3BMW2_XANC5,1.0,,,,,,1,,,,
Q3BN11,Q3BN11_XANC5,1.0,,,,,,1,,,,
Q3BR44,Q3BR44_XANC5,1.0,,,,,,1,,,,
Q3BXS2,Q3BXS2_XANC5,1.0,,,,,,1,,,,
Q3EC11,ZDHC2_ARATH,1.0,,,,,,1,,,,
Q3ID56,Q3ID56_PSEHT,1.0,,,,,,1,,,,
Q3JRH0,Q3JRH0_BURP1,1.0,,,,,,1,,,,
Q3KFI4,Q3KFI4_PSEPF,1.0,,,,,,1,,,,
Q3KUS2,Q3KUS2_BOVIN,1.0,,,,,,1,,,,
Q3V0J4,ANR53_MOUSE,1.0,,,,,,1,,,,
Q3YAQ5,Q3YAQ5_MACMU,1.0,,,,,,1,,,,
Q393R0,Q393R0_BURL3,1.0,,,,,,1,,,,
Q4I8B6,AKR1_GIBZE,1.0,,,,,,1,,,,
Q4ACU6,SHAN3_MOUSE,1.0,,,,,,1,,,,
Q4FE45,XB33_ARATH,1.0,,,,,,1,,,,
Q4FF02,Q4FF02_CANAX,1.0,,,,,,1,,,,
Q4G039,Q4G039_RAT,1.0,,,,,,1,,,,
Q4G3W9,Q4G3W9_MACMU,1.0,,,,,,1,,,,
Q4G3X5,Q4G3X5_MACMU,1.0,,,,,,1,,,,
Q4H3C2,Q4H3C2_CIOIN,1.0,,,,,,1,,,,
Q4H3U9,Q4H3U9_CIOIN,1.0,,,,,,1,,,,
Q4JHE0,XB36_ORYSJ,1.0,,,,,,1,,,,
Q3YAR8,Q3YAR8_MACMU,1.0,,,,,,1,,,,
Q4K3I2,Q4K3I2_PSEF5,1.0,,,,,,1,,,,
Q4K5Q8,Q4K5Q8_PSEF5,1.0,,,,,,1,,,,
Q4K8J8,Q4K8J8_PSEF5,1.0,,,,,,1,,,,
Q4KK64,Q4KK64_PSEF5,1.0,,,,,,1,,,,
Q4KM28,Q4KM28_RAT,1.0,,,,,,1,,,,
Q4N4A3,Q4N4A3_THEPA,1.0,,,,,,1,,,,
Q4N7N6,Q4N7N6_THEPA,1.0,,,,,,1,,,,
Q4N8F7,Q4N8F7_THEPA,1.0,,,,,,1,,,,
Q499M5,ANR16_RAT,1.0,,,,,,1,,,,
Q495V7,Q495V7_HUMAN,1.0,,,,,,1,,,,
Q495V5,Q495V5_HUMAN,1.0,,,,,,1,,,,
Q495M9,USH1G_HUMAN,1.0,,,,,,1,,,,
Q3YS97,Q3YS97_EHRCJ,1.0,,,,,,1,,,,
Q3YSN5,Q3YSN5_EHRCJ,1.0,,,,,,1,,,,
Q3YTU2,Q3YTU2_SHISS,1.0,,,,,,1,,,,
Q3YTY4,Q3YTY4_SHISS,1.0,,,,,,1,,,,
Q3ZBX7,ANKR1_BOVIN,1.0,,,,,,1,,,,
Q469Z1,Q469Z1_METBF,1.0,,,,,,1,,,,
Q46Q19,Q46Q19_CUPPJ,1.0,,,,,,1,,,,
Q471X5,Q471X5_CUPPJ,1.0,,,,,,1,,,,
Q474I0,Q474I0_CUPPJ,1.0,,,,,,1,,,,
Q47A32,Q47A32_DECAR,1.0,,,,,,1,,,,
Q47BE1,Q47BE1_DECAR,1.0,,,,,,1,,,,
Q47DZ9,Q47DZ9_DECAR,1.0,,,,,,1,,,,
Q47G59,Q47G59_DECAR,1.0,,,,,,1,,,,
Q47PP8,Q47PP8_THEFY,1.0,,,,,,1,,,,
Q48GP8,Q48GP8_PSE14,1.0,,,,,,1,,,,
Q48KM2,Q48KM2_PSE14,1.0,,,,,,1,,,,
Q495B1,AKD1A_HUMAN,1.0,,,,,,1,,,,
Q39BH3,Q39BH3_BURL3,1.0,,,,,,1,,,,
Q38EI3,Q38EI3_TRYB2,1.0,,,,,,1,,,,
Q4PLU7,Q4PLU7_DANRE,1.0,,,,,,1,,,,
Q2JJ25,Q2JJ25_SYNJB,1.0,,,,,,1,,,,
Q29Q26,Q29Q26_ARATH,1.0,,,,,,1,,,,
Q29R25,Q29R25_DROME,1.0,,,,,,1,,,,
Q29RM5,FEM1A_BOVIN,1.0,,,,,,1,,,,
Q29RV0,CDN2D_BOVIN,1.0,,,,,,1,,,,
Q2G4D5,Q2G4D5_NOVAD,1.0,,,,,,1,,,,
Q2GFW1,Q2GFW1_EHRCR,1.0,,,,,,1,,,,
Q2GGE3,Q2GGE3_EHRCR,1.0,,,,,,1,,,,
Q2GJY2,Q2GJY2_ANAPZ,1.0,,,,,,1,,,,
Q2JJ36,Q2JJ36_SYNJB,1.0,,,,,,1,,,,
Q2LSH9,Q2LSH9_SYNAS,1.0,,,,,,1,,,,
Q2JRH5,Q2JRH5_SYNJA,1.0,,,,,,1,,,,
Q2JRI6,Q2JRI6_SYNJA,1.0,,,,,,1,,,,
Q2KI59,Q2KI59_BOVIN,1.0,,,,,,1,,,,
Q2KI79,ANRA2_BOVIN,1.0,,,,,,1,,,,
Q2KYZ1,Q2KYZ1_BORA1,1.0,,,,,,1,,,,
Q2L0U2,Q2L0U2_BORA1,1.0,,,,,,1,,,,
Q2L104,Q2L104_BORA1,1.0,,,,,,1,,,,
Q2L697,Q2L697_CIOIN,1.0,,,,,,1,,,,
Q29291,Q29291_PIG,1.0,,,,,,1,,,,
Q28HF4,Q28HF4_XENTR,1.0,,,,,,1,,,,
Q28GR9,Q28GR9_XENTR,1.0,,,,,,1,,,,
Q28FM4,Q28FM4_XENTR,1.0,,,,,,1,,,,
Q1RJR6,Y317_RICBR,1.0,,,,,,1,,,,
Q1RK02,Q1RK02_RICBR,1.0,,,,,,1,,,,
Q1RK13,Y220_RICBR,1.0,,,,,,1,,,,
Q1RLA7,Q1RLA7_CIOIN,1.0,,,,,,1,,,,
Q1RLW6,Q1RLW6_DANRE,1.0,,,,,,1,,,,
Q1RMI3,GABP1_BOVIN,1.0,,,,,,1,,,,
Q20500,Q20500_CAEEL,1.0,,,,,,1,,,,
Q208C2,Q208C2_CRYPV,1.0,,,,,,1,,,,
Q21117,Q21117_CAEEL,1.0,,,,,,1,,,,
Q21920,ANKHM_CAEEL,1.0,,,,,,1,,,,
Q21K79,Q21K79_SACD2,1.0,,,,,,1,,,,
Q21Q78,Q21Q78_RHOFT,1.0,,,,,,1,,,,
Q21W72,Q21W72_RHOFT,1.0,,,,,,1,,,,
Q25709,Q25709_PLAFA,1.0,,,,,,1,,,,
Q28BK1,HACE1_XENTR,1.0,,,,,,1,,,,
Q28BY9,Q28BY9_XENTR,1.0,,,,,,1,,,,
Q28CI4,Q28CI4_XENTR,1.0,,,,,,1,,,,
Q2LS27,Q2LS27_SYNAS,1.0,,,,,,1,,,,
Q2NDW4,Q2NDW4_ERYLH,1.0,,,,,,1,,,,
Q38DB1,Q38DB1_TRYB2,1.0,,,,,,1,,,,
Q32PB6,Q32PB6_BOVIN,1.0,,,,,,1,,,,
Q2W6M6,Q2W6M6_MAGSA,1.0,,,,,,1,,,,
Q2Y988,Q2Y988_NITMU,1.0,,,,,,1,,,,
Q30RL1,Q30RL1_SULDN,1.0,,,,,,1,,,,
Q31SL0,Q31SL0_SHIBS,1.0,,,,,,1,,,,
Q31SS0,Q31SS0_SHIBS,1.0,,,,,,1,,,,
Q327D9,Q327D9_SHIDS,1.0,,,,,,1,,,,
Q327I5,Q327I5_SHIDS,1.0,,,,,,1,,,,
Q329A9,Q329A9_SHIDS,1.0,,,,,,1,,,,
Q32Q00,Q32Q00_RAT,1.0,,,,,,1,,,,
Q2P8E3,Q2P8E3_XANOM,1.0,,,,,,1,,,,
Q337A0,XB33_ORYSJ,1.0,,,,,,1,,,,
Q381Z6,Q381Z6_TRYB2,1.0,,,,,,1,,,,
Q385S7,Q385S7_TRYB2,1.0,,,,,,1,,,,
Q387U1,Q387U1_TRYB2,1.0,,,,,,1,,,,
Q387X0,Q387X0_TRYB2,1.0,,,,,,1,,,,
Q38898,AKT2_ARATH,1.0,,,,,,1,,,,
Q388U7,Q388U7_TRYB2,1.0,,,,,,1,,,,
Q38998,AKT1_ARATH,1.0,,,,,,1,,,,
Q2TGJ6,Q2TGJ6_RAT,1.0,,,,,,1,,,,
Q2TGJ2,Q2TGJ2_RAT,1.0,,,,,,1,,,,
Q2T9W8,ANR61_BOVIN,1.0,,,,,,1,,,,
Q2SWM0,Q2SWM0_BURTA,1.0,,,,,,1,,,,
Q2P8J2,Q2P8J2_XANOM,1.0,,,,,,1,,,,
Q2PBC0,Q2PBC0_CHICK,1.0,,,,,,1,,,,
Q2PUK8,Q2PUK8_MAGGR,1.0,,,,,,1,,,,
Q2QL93,Q2QL93_MONDO,1.0,,,,,,1,,,,
Q2QL95,Q2QL95_MONDO,1.0,,,,,,1,,,,
Q2QLA2,CTTB2_HORSE,1.0,,,,,,1,,,,
Q2QLA4,ASZ1_HORSE,1.0,,,,,,1,,,,
Q2QLD4,Q2QLD4_PIG,1.0,,,,,,1,,,,
Q2QLE4,Q2QLE4_PANTR,1.0,,,,,,1,,,,
Q2QVH3,Q2QVH3_ORYSJ,1.0,,,,,,1,,,,
Q2R460,Q2R460_ORYSJ,1.0,,,,,,1,,,,
Q2RZX8,Q2RZX8_SALRD,1.0,,,,,,1,,,,
Q2S8D4,Q2S8D4_HAHCH,1.0,,,,,,1,,,,
Q2SF52,Q2SF52_HAHCH,1.0,,,,,,1,,,,
Q2SFE7,Q2SFE7_HAHCH,1.0,,,,,,1,,,,
Q2SFF0,Q2SFF0_HAHCH,1.0,,,,,,1,,,,
Q2SP97,Q2SP97_HAHCH,1.0,,,,,,1,,,,
Q4P6L3,AKR1_USTMA,1.0,,,,,,1,,,,
Q4QQC5,Q4QQC5_DROME,1.0,,,,,,1,,,,
C9RPN5,C9RPN5_FIBSS,1.0,,,,,,1,,,,
Q4UKT5,Y987_RICFE,1.0,,,,,,1,,,,
Q4U9K5,Q4U9K5_THEAN,1.0,,,,,,1,,,,
Q4UCQ1,Q4UCQ1_THEAN,1.0,,,,,,1,,,,
Q4UH61,Q4UH61_THEAN,1.0,,,,,,1,,,,
Q4UHX4,Q4UHX4_THEAN,1.0,,,,,,1,,,,
Q4UJC0,Y2042_RICFE,1.0,,,,,,1,,,,
Q4UJY2,Y1306_RICFE,1.0,,,,,,1,,,,
Q4UKI1,Y1099_RICFE,1.0,,,,,,1,,,,
Q4UKJ3,Y1087_RICFE,1.0,,,,,,1,,,,
Q4UKX2,Y950_RICFE,1.0,,,,,,1,,,,
Q4V1Q2,Q4V1Q2_BACCZ,1.0,,,,,,1,,,,
Q4ULZ2,Y580_RICFE,1.0,,,,,,1,,,,
Q4UMH6,Y381_RICFE,1.0,,,,,,1,,,,
Q4UMU1,Y266_RICFE,1.0,,,,,,1,,,,
Q4UP99,Q4UP99_XANC8,1.0,,,,,,1,,,,
Q4UPE8,Q4UPE8_XANC8,1.0,,,,,,1,,,,
Q4UPP8,Q4UPP8_XANC8,1.0,,,,,,1,,,,
Q4UTZ5,Q4UTZ5_XANC8,1.0,,,,,,1,,,,
Q4UWW0,Q4UWW0_XANC8,1.0,,,,,,1,,,,
Q4U975,Q4U975_THEAN,1.0,,,,,,1,,,,
Q4TIQ3,Q4TIQ3_TETNG,1.0,,,,,,1,,,,
Q4THQ8,Q4THQ8_TETNG,1.0,,,,,,1,,,,
Q4TGY8,Q4TGY8_TETNG,1.0,,,,,,1,,,,
Q4SWB2,Q4SWB2_TETNG,1.0,,,,,,1,,,,
Q4SY24,Q4SY24_TETNG,1.0,,,,,,1,,,,
Q4SZ69,Q4SZ69_TETNG,1.0,,,,,,1,,,,
Q4SZG5,Q4SZG5_TETNG,1.0,,,,,,1,,,,
Q4SZP6,Q4SZP6_TETNG,1.0,,,,,,1,,,,
Q4T031,Q4T031_TETNG,1.0,,,,,,1,,,,
Q4T089,Q4T089_TETNG,1.0,,,,,,1,,,,
Q4T0L4,Q4T0L4_TETNG,1.0,,,,,,1,,,,
Q4T297,Q4T297_TETNG,1.0,,,,,,1,,,,
Q4T2A1,Q4T2A1_TETNG,1.0,,,,,,1,,,,
Q4T3E5,Q4T3E5_TETNG,1.0,,,,,,1,,,,
Q4T3T4,Q4T3T4_TETNG,1.0,,,,,,1,,,,
Q4T6E0,Q4T6E0_TETNG,1.0,,,,,,1,,,,
Q4T6N0,Q4T6N0_TETNG,1.0,,,,,,1,,,,
Q4T9B1,Q4T9B1_TETNG,1.0,,,,,,1,,,,
Q4T9H1,Q4T9H1_TETNG,1.0,,,,,,1,,,,
Q4TBG3,Q4TBG3_TETNG,1.0,,,,,,1,,,,
Q4UYW1,Q4UYW1_XANC8,1.0,,,,,,1,,,,
Q4V578,Q4V578_DROME,1.0,,,,,,1,,,,
Q4STS3,Q4STS3_TETNG,1.0,,,,,,1,,,,
Q54VR6,Q54VR6_DICDI,1.0,,,,,,1,,,,
Q54LF0,SIR2B_DICDI,1.0,,,,,,1,,,,
Q54MA7,Q54MA7_DICDI,1.0,,,,,,1,,,,
Q54MB0,Q54MB0_DICDI,1.0,,,,,,1,,,,
Q54P80,Q54P80_DICDI,1.0,,,,,,1,,,,
Q54PH2,Q54PH2_DICDI,1.0,,,,,,1,,,,
Q54Q43,Q54Q43_DICDI,1.0,,,,,,1,,,,
Q54Q60,Q54Q60_DICDI,1.0,,,,,,1,,,,
Q54Q82,Q54Q82_DICDI,1.0,,,,,,1,,,,
Q54VV9,Q54VV9_DICDI,1.0,,,,,,1,,,,
Q4V8G1,Q4V8G1_RAT,1.0,,,,,,1,,,,
Q54WS7,Q54WS7_DICDI,1.0,,,,,,1,,,,
Q54X83,Q54X83_DICDI,1.0,,,,,,1,,,,
Q54XT4,Q54XT4_DICDI,1.0,,,,,,1,,,,
Q551D4,Q551D4_DICDI,1.0,,,,,,1,,,,
Q552J9,Q552J9_DICDI,1.0,,,,,,1,,,,
Q554E7,ZDHC5_DICDI,1.0,,,,,,1,,,,
Q55BK3,Y1118_DICDI,1.0,,,,,,1,,,,
Q55C56,Q55C56_DICDI,1.0,,,,,,1,,,,
Q54KH3,ANR39_DICDI,1.0,,,,,,1,,,,
Q54KE5,Q54KE5_DICDI,1.0,,,,,,1,,,,
Q54JY9,Q54JY9_DICDI,1.0,,,,,,1,,,,
Q54J43,Q54J43_DICDI,1.0,,,,,,1,,,,
Q4V8X4,ACBD6_DANRE,1.0,,,,,,1,,,,
Q4VAG7,Q4VAG7_XENTR,1.0,,,,,,1,,,,
Q4VBW1,Q4VBW1_DANRE,1.0,,,,,,1,,,,
Q4X251,AKR1_ASPFU,1.0,,,,,,1,,,,
Q4ZR36,Q4ZR36_PSEU2,1.0,,,,,,1,,,,
Q4ZVB5,Q4ZVB5_PSEU2,1.0,,,,,,1,,,,
Q502K3,ANR52_DANRE,1.0,,,,,,1,,,,
Q502M6,ANR29_DANRE,1.0,,,,,,1,,,,
Q505D1,ANR28_MOUSE,1.0,,,,,,1,,,,
Q52T38,ZDH22_ARATH,1.0,,,,,,1,,,,
Q53I76,Q53I76_CANFA,1.0,,,,,,1,,,,
Q53RE8,ANR39_HUMAN,1.0,,,,,,1,,,,
Q54BA2,Y3800_DICDI,1.0,,,,,,1,,,,
Q54E42,Q54E42_DICDI,1.0,,,,,,1,,,,
Q54EQ2,Q54EQ2_DICDI,1.0,,,,,,1,,,,
Q54GL1,Q54GL1_DICDI,1.0,,,,,,1,,,,
Q54HW1,PSD10_DICDI,1.0,,,,,,1,,,,
Q4SUQ5,Q4SUQ5_TETNG,1.0,,,,,,1,,,,
Q4STR8,Q4STR8_TETNG,1.0,,,,,,1,,,,
Q4RAH4,Q4RAH4_TETNG,1.0,,,,,,1,,,,
Q4RTN9,Q4RTN9_TETNG,1.0,,,,,,1,,,,
Q4RQK0,Q4RQK0_TETNG,1.0,,,,,,1,,,,
Q4RQS6,Q4RQS6_TETNG,1.0,,,,,,1,,,,
Q4RQZ4,Q4RQZ4_TETNG,1.0,,,,,,1,,,,
Q4RS53,Q4RS53_TETNG,1.0,,,,,,1,,,,
Q4RSE5,Q4RSE5_TETNG,1.0,,,,,,1,,,,
Q4RT13,Q4RT13_TETNG,1.0,,,,,,1,,,,
Q4RT92,Q4RT92_TETNG,1.0,,,,,,1,,,,
Q4RTA2,Q4RTA2_TETNG,1.0,,,,,,1,,,,
Q4RTU1,Q4RTU1_TETNG,1.0,,,,,,1,,,,
Q4S0E4,Q4S0E4_TETNG,1.0,,,,,,1,,,,
Q4RUF0,Q4RUF0_TETNG,1.0,,,,,,1,,,,
Q4RVG8,Q4RVG8_TETNG,1.0,,,,,,1,,,,
Q4RVW5,Q4RVW5_TETNG,1.0,,,,,,1,,,,
Q4RWM8,Q4RWM8_TETNG,1.0,,,,,,1,,,,
Q4RWV5,Q4RWV5_TETNG,1.0,,,,,,1,,,,
Q4RYB7,Q4RYB7_TETNG,1.0,,,,,,1,,,,
Q4RZD8,Q4RZD8_TETNG,1.0,,,,,,1,,,,
Q4RZG4,Q4RZG4_TETNG,1.0,,,,,,1,,,,
Q4RPT7,Q4RPT7_TETNG,1.0,,,,,,1,,,,
Q4RNF0,Q4RNF0_TETNG,1.0,,,,,,1,,,,
Q4RM80,Q4RM80_TETNG,1.0,,,,,,1,,,,
Q4RLH7,Q4RLH7_TETNG,1.0,,,,,,1,,,,
Q4RAI0,Q4RAI0_TETNG,1.0,,,,,,1,,,,
Q4RCL3,Q4RCL3_TETNG,1.0,,,,,,1,,,,
Q4RD62,Q4RD62_TETNG,1.0,,,,,,1,,,,
Q4RDM9,Q4RDM9_TETNG,1.0,,,,,,1,,,,
Q4RDV8,Q4RDV8_TETNG,1.0,,,,,,1,,,,
Q4RF36,Q4RF36_TETNG,1.0,,,,,,1,,,,
Q4RG97,Q4RG97_TETNG,1.0,,,,,,1,,,,
Q4RGC9,Q4RGC9_TETNG,1.0,,,,,,1,,,,
Q4RGD7,Q4RGD7_TETNG,1.0,,,,,,1,,,,
Q4RHF2,Q4RHF2_TETNG,1.0,,,,,,1,,,,
Q4RHL9,Q4RHL9_TETNG,1.0,,,,,,1,,,,
Q4RHT8,Q4RHT8_TETNG,1.0,,,,,,1,,,,
Q4RHX3,Q4RHX3_TETNG,1.0,,,,,,1,,,,
Q4RJ56,Q4RJ56_TETNG,1.0,,,,,,1,,,,
Q4RJL2,Q4RJL2_TETNG,1.0,,,,,,1,,,,
Q4RJY8,Q4RJY8_TETNG,1.0,,,,,,1,,,,
Q4RKA3,Q4RKA3_TETNG,1.0,,,,,,1,,,,
Q4S078,Q4S078_TETNG,1.0,,,,,,1,,,,
Q4S0I0,Q4S0I0_TETNG,1.0,,,,,,1,,,,
Q4SS84,Q4SS84_TETNG,1.0,,,,,,1,,,,
Q4SLN1,Q4SLN1_TETNG,1.0,,,,,,1,,,,
Q4SFW4,Q4SFW4_TETNG,1.0,,,,,,1,,,,
Q4SGV7,Q4SGV7_TETNG,1.0,,,,,,1,,,,
Q4SGV8,Q4SGV8_TETNG,1.0,,,,,,1,,,,
Q4SHK4,Q4SHK4_TETNG,1.0,,,,,,1,,,,
Q4SHU9,Q4SHU9_TETNG,1.0,,,,,,1,,,,
Q4SJP0,Q4SJP0_TETNG,1.0,,,,,,1,,,,
Q4SK35,Q4SK35_TETNG,1.0,,,,,,1,,,,
Q4SLE3,Q4SLE3_TETNG,1.0,,,,,,1,,,,
Q4SLR4,Q4SLR4_TETNG,1.0,,,,,,1,,,,
Q4S0J6,Q4S0J6_TETNG,1.0,,,,,,1,,,,
Q4SM66,Q4SM66_TETNG,1.0,,,,,,1,,,,
Q4SM71,Q4SM71_TETNG,1.0,,,,,,1,,,,
Q4SMV3,Q4SMV3_TETNG,1.0,,,,,,1,,,,
Q4SN07,Q4SN07_TETNG,1.0,,,,,,1,,,,
Q4SP36,Q4SP36_TETNG,1.0,,,,,,1,,,,
Q4SRM9,Q4SRM9_TETNG,1.0,,,,,,1,,,,
Q4SS43,Q4SS43_TETNG,1.0,,,,,,1,,,,
Q4SS48,Q4SS48_TETNG,1.0,,,,,,1,,,,
Q4SEZ6,Q4SEZ6_TETNG,1.0,,,,,,1,,,,
Q4SEZ1,Q4SEZ1_TETNG,1.0,,,,,,1,,,,
Q4SE60,Q4SE60_TETNG,1.0,,,,,,1,,,,
Q4SE52,Q4SE52_TETNG,1.0,,,,,,1,,,,
Q4S2C6,Q4S2C6_TETNG,1.0,,,,,,1,,,,
Q4S2D2,Q4S2D2_TETNG,1.0,,,,,,1,,,,
Q4S371,Q4S371_TETNG,1.0,,,,,,1,,,,
Q4S372,Q4S372_TETNG,1.0,,,,,,1,,,,
Q4S3U2,Q4S3U2_TETNG,1.0,,,,,,1,,,,
Q4S4Q9,Q4S4Q9_TETNG,1.0,,,,,,1,,,,
Q4S4R0,Q4S4R0_TETNG,1.0,,,,,,1,,,,
Q4S5E2,Q4S5E2_TETNG,1.0,,,,,,1,,,,
Q4S5P1,Q4S5P1_TETNG,1.0,,,,,,1,,,,
Q4S821,Q4S821_TETNG,1.0,,,,,,1,,,,
Q4S8G9,Q4S8G9_TETNG,1.0,,,,,,1,,,,
Q4S9E2,Q4S9E2_TETNG,1.0,,,,,,1,,,,
Q4S9K9,Q4S9K9_TETNG,1.0,,,,,,1,,,,
Q4SA01,Q4SA01_TETNG,1.0,,,,,,1,,,,
Q4SCA2,Q4SCA2_TETNG,1.0,,,,,,1,,,,
Q4SD32,Q4SD32_TETNG,1.0,,,,,,1,,,,
Q4SE47,Q4SE47_TETNG,1.0,,,,,,1,,,,
Q1RJR4,Y319_RICBR,1.0,,,,,,1,,,,
Q1RJN6,Y347_RICBR,1.0,,,,,,1,,,,
Q1RIZ4,Y589_RICBR,1.0,,,,,,1,,,,
Q02979,GDE1_YEAST,1.0,,,,,,1,,,,
Q01NJ6,Q01NJ6_SOLUE,1.0,,,,,,1,,,,
Q01Q16,Q01Q16_SOLUE,1.0,,,,,,1,,,,
Q01RF8,Q01RF8_SOLUE,1.0,,,,,,1,,,,
Q01U99,Q01U99_SOLUE,1.0,,,,,,1,,,,
Q01VM8,Q01VM8_SOLUE,1.0,,,,,,1,,,,
Q02357,ANK1_MOUSE,1.0,,,,,,1,,,,
Q025Y2,Q025Y2_SOLUE,1.0,,,,,,1,,,,
Q026P6,Q026P6_SOLUE,1.0,,,,,,1,,,,
Q029S2,Q029S2_SOLUE,1.0,,,,,,1,,,,
Q04NW6,Q04NW6_LEPBJ,1.0,,,,,,1,,,,
Q02A24,Q02A24_SOLUE,1.0,,,,,,1,,,,
Q02CU9,Q02CU9_SOLUE,1.0,,,,,,1,,,,
Q02G65,Q02G65_PSEAB,1.0,,,,,,1,,,,
Q02MU7,Q02MU7_PSEAB,1.0,,,,,,1,,,,
Q02QC0,Q02QC0_PSEAB,1.0,,,,,,1,,,,
Q03017,CACT_DROME,1.0,,,,,,1,,,,
Q04721,NOTC2_HUMAN,1.0,,,,,,1,,,,
Q04749,AVO2_YEAST,1.0,,1,,,,,,,,
Q01D56,Q01D56_OSTTA,1.0,,,,,,1,,,,
Q01B14,Q01B14_OSTTA,1.0,,,,,,1,,,,
Q019D5,Q019D5_OSTTA,1.0,,,,,,1,,,,
Q01705,NOTC1_MOUSE,1.0,,,,,,1,,,,
P62774,MTPN_MOUSE,1.0,,,,,,1,,,,
P62775,MTPN_RAT,1.0,,,,,,1,,,,
P72763,P72763_SYNY3,1.0,,,,,,1,,,,
P77736,YAHD_ECOLI,1.0,,,,,,1,,,,
P81069,GABP2_MOUSE,1.0,,,,,,1,,,,
P83757,CACT_DROYA,1.0,,,,,,1,,,,
P90902,P90902_CAEEL,1.0,,,,,,1,,,,
P97570,PLPL9_RAT,1.0,,,,,,1,,,,
P97582,P97582_RAT,1.0,,,,,,1,,,,
P97819,PLPL9_MOUSE,1.0,,,,,,1,,,,
Q00420,GABP1_MOUSE,1.0,,,,,,1,,,,
Q00653,NFKB2_HUMAN,1.0,,,,,,1,,,,
Q00S14,Q00S14_OSTTA,1.0,,,,,,1,,,,
Q00X33,Q00X33_OSTTA,1.0,,,,,,1,,,,
Q01317,NUC2_NEUCR,1.0,,,,,,1,,,,
Q013Z1,Q013Z1_OSTTA,1.0,,,,,,1,,,,
Q01484,ANK2_HUMAN,1.0,,,,,,1,,,,
Q04861,NFKB1_CHICK,1.0,,,,,,1,,,,
Q04PM0,Q04PM0_LEPBJ,1.0,,,,,,1,,,,
P58546,MTPN_HUMAN,1.0,,,,,,1,,,,
Q09103,DGK2_DROME,1.0,,,,,,1,,,,
Q080H3,Q080H3_SHEFN,1.0,,,,,,1,,,,
Q08353,IKBA_PIG,1.0,,,,,,1,,,,
Q08BM2,Q08BM2_DANRE,1.0,,,,,,,,,,1
Q08BR9,Q08BR9_DANRE,1.0,,,,,,1,,,,
Q08CC0,Q08CC0_DANRE,1.0,,,,,,1,,,,
Q08D44,Q08D44_XENTR,1.0,,,,,,1,,,,
Q08DV6,ASB3_BOVIN,1.0,,,,,,1,,,,
Q08E43,ASB8_BOVIN,1.0,,,,,,1,,,,
Q09701,AKR1_SCHPO,1.0,,,,,,1,,,,
Q04QT1,Q04QT1_LEPBJ,1.0,,,,,,1,,,,
Q09YM8,CTTB2_RABIT,1.0,,,,,,1,,,,
Q09YN0,ASZ1_RABIT,1.0,,,,,,1,,,,
Q0A581,Q0A581_ALKEH,1.0,,,,,,1,,,,
Q0AD88,Q0AD88_NITEC,1.0,,,,,,1,,,,
Q0AGJ7,Q0AGJ7_NITEC,1.0,,,,,,1,,,,
Q0ANG4,Q0ANG4_MARMM,1.0,,,,,,1,,,,
Q0AS96,Q0AS96_MARMM,1.0,,,,,,1,,,,
Q0BEP0,Q0BEP0_BURCM,1.0,,,,,,1,,,,
Q07E43,ASZ1_DASNO,1.0,,,,,,1,,,,
Q07E06,Q07E06_CAVPO,1.0,,,,,,1,,,,
Q07E04,Q07E04_CAVPO,1.0,,,,,,1,,,,
Q07008,NOTC1_RAT,1.0,,,,,,1,,,,
Q04QV1,Q04QV1_LEPBJ,1.0,,,,,,1,,,,
Q04SF6,Q04SF6_LEPBJ,1.0,,,,,,1,,,,
Q04SH8,Q04SH8_LEPBJ,1.0,,,,,,1,,,,
Q04UT7,Q04UT7_LEPBJ,1.0,,,,,,1,,,,
Q04VW3,Q04VW3_LEPBJ,1.0,,,,,,1,,,,
Q04X53,Q04X53_LEPBL,1.0,,,,,,1,,,,
Q04XK8,Q04XK8_LEPBL,1.0,,,,,,1,,,,
Q050I6,Q050I6_LEPBL,1.0,,,,,,1,,,,
Q053S7,Q053S7_LEPBL,1.0,,,,,,1,,,,
Q053U8,Q053U8_LEPBL,1.0,,,,,,1,,,,
Q05753,AKRP_ARATH,1.0,,,,,,1,,,,
Q05823,RN5A_HUMAN,1.0,,,,,,1,,,,
Q05921,RN5A_MOUSE,1.0,,,,,,1,,,,
Q05AI6,Q05AI6_DANRE,1.0,,,,,,1,,,,
Q05CM6,Q05CM6_MOUSE,1.0,,,,,,1,,,,
Q06547,GABP1_HUMAN,1.0,,,,,,1,,,,
Q067Y1,Q067Y1_CAEEL,1.0,,,,,,1,,,,
P59672,ANS1A_MOUSE,1.0,,,,,,1,,,,
P57044,ILK_CAVPO,1.0,,,,,,1,,,,
Q1RIY2,Y601_RICBR,1.0,,,,,,1,,,,
O54910,IKBE_MOUSE,1.0,,,,,,1,,,,
O14974,MYPT1_HUMAN,1.0,,,,,,1,,,,
O15084,ANR28_HUMAN,1.0,,,,,,1,,,,
O23295,O23295_ARATH,1.0,,,,,,1,,,,
O35516,NOTC2_MOUSE,1.0,,,,,,1,,,,
O42373,O42373_DANRE,1.0,,,,,,1,,,,
O44997,DAPK_CAEEL,1.0,,,,,,1,,,,
O45398,O45398_CAEEL,1.0,,,,,,1,,,,
O51360,Y399_BORBU,1.0,,,,,,1,,,,
O55222,ILK_MOUSE,1.0,,,,,,1,,,,
O89019,INVS_MOUSE,1.0,,,,,,1,,,,
O60237,MYPT2_HUMAN,1.0,,,,,,1,,,,
O60733,PLPL9_HUMAN,1.0,,,,,,1,,,,
O70445,BARD1_MOUSE,1.0,,,,,,1,,,,
O70510,O70510_RAT,1.0,,,,,,1,,,,
O75179,ANR17_HUMAN,1.0,,,,,,1,,,,
O75762,TRPA1_HUMAN,1.0,,,,,,1,,,,
O75832,PSD10_HUMAN,1.0,,,,,,1,,,,
O83515,Y502_TREPA,1.0,,,,,,1,,,,
O14772,FPGT_HUMAN,1.0,,,,,,1,,,,
O14593,RFXK_HUMAN,1.0,,,,,,1,,,,
O14340,YB35_SCHPO,1.0,,,,,,1,,,,
O13987,YEG5_SCHPO,1.0,,,,,,1,,,,
D0J4P6,D0J4P6_COMT2,1.0,,,,,,1,,,,
D0J4V2,D0J4V2_COMT2,1.0,,,,,,1,,,,
D0KC98,D0KC98_PECWW,1.0,,,,,,1,,,,
D0KC99,D0KC99_PECWW,1.0,,,,,,1,,,,
D0KCA0,D0KCA0_PECWW,1.0,,,,,,1,,,,
D0KCA1,D0KCA1_PECWW,1.0,,,,,,1,,,,
D0KJ70,D0KJ70_PECWW,1.0,,,,,,1,,,,
D0LB96,D0LB96_GORB4,1.0,,,,,,1,,,,
D2HWB5,D2HWB5_AILME,1.0,,,,,,,1,,,
D6R9N4,D6R9N4_HUMAN,1.0,,1,,,,,,,,
E1C656,HACE1_CHICK,1.0,,,,,,1,,,,
E1JIW0,E1JIW0_DROME,1.0,,,,,,1,,,,
E9Q0E9,E9Q0E9_MOUSE,1.0,,1,,,,,,,,
F6VMJ6,F6VMJ6_CHICK,1.0,,,,,,1,,,,
F7EVU0,F7EVU0_CALJA,1.0,,1,,,,,,,,
O00221,IKBE_HUMAN,1.0,,,,,,1,,,,
O13149,O13149_TAKRU,1.0,,,,,,1,,,,
O88202,LPP60_RAT,1.0,,,,,,1,,,,
O94057,O94057_CANAX,1.0,,,,,,1,,,,
P55273,CDN2D_HUMAN,1.0,,,,,,1,,,,
P40418,SWI6_KLULA,1.0,,,,,,1,,,,
P25963,IKBA_HUMAN,1.0,,,,,,1,,,,
P31695,NOTC4_MOUSE,1.0,,,,,,1,,,,
P33520,RES1_SCHPO,1.0,,,,,,1,,,,
P35210,SPT23_YEAST,1.0,,,,,,1,,,,
P35845,OSH1_YEAST,1.0,,,,,,1,,,,
P39010,AKR1_YEAST,1.0,,,,,,1,,,,
P39678,MBP1_YEAST,1.0,,,,,,1,,,,
P39679,MBP1_KLULA,1.0,,,,,,1,,,,
P40480,HOS4_YEAST,1.0,,,,,,1,,,,
O95271,TNKS1_HUMAN,1.0,,,,,,1,,,,
P40560,YIA1_YEAST,1.0,,,,,,1,,,,
P40578,MGA2_YEAST,1.0,,,,,,1,,,,
P42773,CDN2C_HUMAN,1.0,,,,,,1,,,,
P46530,NOTC1_DANRE,1.0,,,,,,1,,,,
P46531,NOTC1_HUMAN,1.0,,,,,,1,,,,
P50086,PSD10_YEAST,1.0,,,,,,1,,,,
P53066,YGZ2_YEAST,1.0,,,,,,1,,,,
P53355,DAPK1_HUMAN,1.0,,,,,,1,,,,
P25799,NFKB1_MOUSE,1.0,,,,,,1,,,,
P25631,YCU1_YEAST,1.0,,,,,,1,,,,
P25302,SWI4_YEAST,1.0,,,,,,1,,,,
P23325,ARPA_ECOLI,1.0,,,,,,1,,,,
O96458,O96458_STRPU,1.0,,,,,,1,,,,
P01129,CDC10_SCHPO,1.0,,,,,,1,,,,
P07207,NOTCH_DROME,1.0,,,,,,1,,,,
P09959,SWI6_YEAST,1.0,,,,,,1,,,,
P0C0T2,ANKS6_RAT,1.0,,,,,,1,,,,
P0C550,AKT1_ORYSI,1.0,,,,,,1,,,,
P0C6P7,FEM1B_RAT,1.0,,,,,,1,,,,
P0C6S7,ANS1B_RAT,1.0,,,,,,1,,,,
P0C7A6,BTBBB_DANRE,1.0,,,,,,1,,,,
P0C927,ASB14_RAT,1.0,,,,,,1,,,,
P13508,GLP1_CAEEL,1.0,,,,,,1,,,,
P14585,LIN12_CAEEL,1.0,,,,,,1,,,,
P16157,ANK1_HUMAN,1.0,,,,,,1,,,,
P17221,FEM1_CAEEL,1.0,,,,,,1,,,,
P17442,PHO81_YEAST,1.0,,,,,,1,,,,
P19838,NFKB1_HUMAN,1.0,,,,,,1,,,,
P20749,BCL3_HUMAN,1.0,,,,,,1,,,,
Q0BQY9,Q0BQY9_GRABC,1.0,,,,,,1,,,,
Q0D804,Q0D804_ORYSJ,1.0,,,,,,1,,,,
Q0DJD7,Q0DJD7_ORYSJ,1.0,,,,,,1,,,,
Q17KX7,Q17KX7_AEDAE,1.0,,,,,,1,,,,
Q17FK9,Q17FK9_AEDAE,1.0,,,,,,1,,,,
Q17H15,Q17H15_AEDAE,1.0,,,,,,1,,,,
Q17H26,Q17H26_AEDAE,1.0,,,,,,1,,,,
Q17IE7,Q17IE7_AEDAE,1.0,,,,,,1,,,,
Q17IG6,Q17IG6_AEDAE,1.0,,,,,,1,,,,
Q17IW4,Q17IW4_AEDAE,1.0,,,,,,1,,,,
Q17K38,Q17K38_AEDAE,1.0,,,,,,1,,,,
Q17KL9,Q17KL9_AEDAE,1.0,,,,,,1,,,,
Q17LW6,Q17LW6_AEDAE,1.0,,,,,,1,,,,
Q18663,Q18663_CAEEL,1.0,,,,,,1,,,,
Q17MR9,Q17MR9_AEDAE,1.0,,,,,,1,,,,
Q17NG6,Q17NG6_AEDAE,1.0,,,,,,1,,,,
Q17P63,Q17P63_AEDAE,1.0,,,,,,1,,,,
Q17PJ5,Q17PJ5_AEDAE,1.0,,,,,,1,,,,
Q17PP6,Q17PP6_AEDAE,1.0,,,,,,1,,,,
Q17Q58,Q17Q58_AEDAE,1.0,,,,,,1,,,,
Q17QS6,ASB5_BOVIN,1.0,,,,,,1,,,,
Q17R12,Q17R12_BOVIN,1.0,,,,,,1,,,,
Q17EL8,Q17EL8_AEDAE,1.0,,,,,,1,,,,
Q17D42,Q17D42_AEDAE,1.0,,,,,,1,,,,
Q17C93,Q17C93_AEDAE,1.0,,,,,,1,,,,
Q17AF7,Q17AF7_AEDAE,1.0,,,,,,1,,,,
Q16QT4,Q16QT4_AEDAE,1.0,,,,,,1,,,,
Q16RW7,Q16RW7_AEDAE,1.0,,,,,,1,,,,
Q16TK9,Q16TK9_AEDAE,1.0,,,,,,1,,,,
Q16TW5,Q16TW5_AEDAE,1.0,,,,,,1,,,,
Q16VA2,Q16VA2_AEDAE,1.0,,,,,,1,,,,
Q16VW1,Q16VW1_AEDAE,1.0,,,,,,1,,,,
Q16VZ7,Q16VZ7_AEDAE,1.0,,,,,,1,,,,
Q16WA3,Q16WA3_AEDAE,1.0,,,,,,1,,,,
Q16XP3,Q16XP3_AEDAE,1.0,,,,,,1,,,,
Q16YW5,Q16YW5_AEDAE,1.0,,,,,,1,,,,
Q16YX6,Q16YX6_AEDAE,1.0,,,,,,1,,,,
Q16Z25,Q16Z25_AEDAE,1.0,,,,,,1,,,,
Q17341,Q17341_CAEEL,1.0,,,,,,1,,,,
Q174Y0,Q174Y0_AEDAE,1.0,,,,,,1,,,,
Q17583,Q17583_CAEEL,1.0,,,,,,1,,,,
Q176Z0,Q176Z0_AEDAE,1.0,,,,,,1,,,,
Q177X2,Q177X2_AEDAE,1.0,,,,,,1,,,,
Q18297,TRPA1_CAEEL,1.0,,,,,,1,,,,
Q1BH52,Q1BH52_BURCA,1.0,,,,,,1,,,,
Q0DNE2,Q0DNE2_ORYSJ,1.0,,,,,,1,,,,
Q1MF35,Q1MF35_RHIL3,1.0,,,,,,1,,,,
Q1LMC3,Q1LMC3_RALME,1.0,,,,,,1,,,,
Q1LVW0,BTBBA_DANRE,1.0,,,,,,1,,,,
Q1LWA7,Q1LWA7_DANRE,1.0,,,,,,1,,,,
Q1LX06,Q1LX06_DANRE,1.0,,,,,,1,,,,
Q1LX89,Q1LX89_DANRE,1.0,,,,,,1,,,,
Q1LX92,Q1LX92_DANRE,1.0,,,,,,1,,,,
Q1LZC5,ANR54_BOVIN,1.0,,,,,,1,,,,
Q1LZH7,KANK2_BOVIN,1.0,,,,,,1,,,,
Q1QSQ0,Q1QSQ0_CHRSD,1.0,,,,,,1,,,,
Q1BM04,Q1BM04_BURCA,1.0,,,,,,1,,,,
Q1RB74,Q1RB74_ECOUT,1.0,,,,,,1,,,,
Q1RB75,Q1RB75_ECOUT,1.0,,,,,,1,,,,
Q1RFL5,Q1RFL5_ECOUT,1.0,,,,,,1,,,,
Q1RHQ8,Y1025_RICBR,1.0,,,,,,1,,,,
Q1RHT6,Y997_RICBR,1.0,,,,,,1,,,,
Q1RHU9,Y984_RICBR,1.0,,,,,,1,,,,
Q1RI12,Y921_RICBR,1.0,,,,,,1,,,,
Q1RI31,Y902_RICBR,1.0,,,,,,1,,,,
Q1LK15,Q1LK15_RALME,1.0,,,,,,1,,,,
Q1LBL7,Q1LBL7_RALME,1.0,,,,,,1,,,,
Q1JQD8,Q1JQD8_BOVIN,1.0,,,,,,1,,,,
Q1IX55,Q1IX55_DEIGD,1.0,,,,,,1,,,,
Q1C2K2,Q1C2K2_YERPA,1.0,,,,,,1,,,,
Q1C455,Q1C455_YERPA,1.0,,,,,,1,,,,
Q1C567,Q1C567_YERPA,1.0,,,,,,1,,,,
Q1CEM3,Q1CEM3_YERPN,1.0,,,,,,1,,,,
Q1CKF5,Q1CKF5_YERPN,1.0,,,,,,1,,,,
Q1CLP4,Q1CLP4_YERPN,1.0,,,,,,1,,,,
Q1CX27,Q1CX27_MYXXD,1.0,,,,,,1,,,,
Q1CXM3,Q1CXM3_MYXXD,1.0,,,,,,1,,,,
Q1D1A4,Q1D1A4_MYXXD,1.0,,,,,,1,,,,
Q1D460,Q1D460_MYXXD,1.0,,,,,,1,,,,
Q1DAD8,Q1DAD8_MYXXD,1.0,,,,,,1,,,,
Q1DFK8,Q1DFK8_MYXXD,1.0,,,,,,1,,,,
Q1H033,Q1H033_METFK,1.0,,,,,,1,,,,
Q1I9T7,Q1I9T7_PSEE4,1.0,,,,,,1,,,,
Q1ID61,Q1ID61_PSEE4,1.0,,,,,,1,,,,
Q1II12,Q1II12_KORVE,1.0,,,,,,1,,,,
Q1IL18,Q1IL18_KORVE,1.0,,,,,,1,,,,
Q16PP6,Q16PP6_AEDAE,1.0,,,,,,1,,,,
Q16PD7,Q16PD7_AEDAE,1.0,,,,,,1,,,,
Q16NP6,Q16NP6_AEDAE,1.0,,,,,,1,,,,
Q0TKV2,Q0TKV2_ECOL5,1.0,,,,,,1,,,,
Q0P597,Q0P597_BOVIN,1.0,,,,,,1,,,,
Q0P5B9,ANR39_BOVIN,1.0,,,,,,1,,,,
Q0P5G1,TONSL_BOVIN,1.0,,,,,,1,,,,
Q0S3M0,Q0S3M0_RHOJR,1.0,,,,,,1,,,,
Q0S9E9,Q0S9E9_RHOJR,1.0,,,,,,1,,,,
Q0SNA8,Q0SNA8_BORAP,1.0,,,,,,1,,,,
Q0THA8,Q0THA8_ECOL5,1.0,,,,,,1,,,,
Q0THA9,Q0THA9_ECOL5,1.0,,,,,,1,,,,
Q0UT12,Q0UT12_PHANO,1.0,,,,,,,,,,1
Q16NN6,Q16NN6_AEDAE,1.0,,,,,,1,,,,
Q0V8G2,GABP2_BOVIN,1.0,,,,,,1,,,,
Q0V8G6,Q0V8G6_BOVIN,1.0,,,,,,1,,,,
Q0V8P7,Q0V8P7_BOVIN,1.0,,,,,,1,,,,
Q0V9P8,Q0V9P8_XENTR,1.0,,,,,,1,,,,
Q0VCA6,Q0VCA6_BOVIN,1.0,,,,,,1,,,,
Q0VCS9,ANKY2_BOVIN,1.0,,,,,,1,,,,
Q0VFP1,Q0VFP1_XENTR,1.0,,,,,,1,,,,
Q0VGY8,TANC1_MOUSE,1.0,,,,,,1,,,,
Q0P4R1,Q0P4R1_XENTR,1.0,,,,,,1,,,,
Q0P4P6,Q0P4P6_XENTR,1.0,,,,,,1,,,,
Q0P4M6,Q0P4M6_XENTR,1.0,,,,,,1,,,,
Q0KIE7,Q0KIE7_DROME,1.0,,,,,,1,,,,
Q0DPM5,Q0DPM5_ORYSJ,1.0,,,,,,1,,,,
Q0DQ96,Q0DQ96_ORYSJ,1.0,,,,,,1,,,,
Q0IEF3,Q0IEF3_AEDAE,1.0,,,,,,1,,,,
Q0IEQ8,Q0IEQ8_AEDAE,1.0,,,,,,1,,,,
Q0IFA4,Q0IFA4_AEDAE,1.0,,,,,,1,,,,
Q0IFP5,Q0IFP5_AEDAE,1.0,,,,,,1,,,,
Q0IFQ4,Q0IFQ4_AEDAE,1.0,,,,,,1,,,,
Q0IS80,Q0IS80_ORYSJ,1.0,,,,,,1,,,,
Q0IU62,Q0IU62_ORYSJ,1.0,,,,,,1,,,,
Q0J2Q1,Q0J2Q1_ORYSJ,1.0,,,,,,1,,,,
Q0J407,Q0J407_ORYSJ,1.0,,,,,,1,,,,
Q0JC61,Q0JC61_ORYSJ,1.0,,,,,,1,,,,
Q0JKV1,AKT1_ORYSJ,1.0,,,,,,1,,,,
Q0K334,Q0K334_CUPNH,1.0,,,,,,1,,,,
Q0K7Z9,Q0K7Z9_CUPNH,1.0,,,,,,1,,,,
Q0KBB5,Q0KBB5_CUPNH,1.0,,,,,,1,,,,
Q0KHR2,Q0KHR2_DROME,1.0,,,,,,1,,,,
Q0ZA23,Q0ZA23_PIG,1.0,,,,,,1,,,,
Q10225,BTB3_SCHPO,1.0,,,,,,1,,,,
Q10311,YD58_SCHPO,1.0,,,,,,1,,,,
Q14678,KANK1_HUMAN,1.0,,,,,,1,,,,
Q15327,ANKR1_HUMAN,1.0,,,,,,1,,,,
Q15WV4,Q15WV4_PSEA6,1.0,,,,,,1,,,,
Q16EF2,Q16EF2_AEDAE,1.0,,,,,,1,,,,
Q16EZ1,Q16EZ1_AEDAE,1.0,,,,,,1,,,,
Q16FI9,Q16FI9_AEDAE,1.0,,,,,,1,,,,
Q16FJ0,Q16FJ0_AEDAE,1.0,,,,,,1,,,,
Q16FR1,Q16FR1_AEDAE,1.0,,,,,,1,,,,
Q16FR2,Q16FR2_AEDAE,1.0,,,,,,1,,,,
Q16G51,Q16G51_AEDAE,1.0,,,,,,1,,,,
Q16GN0,Q16GN0_AEDAE,1.0,,,,,,1,,,,
Q16HF6,Q16HF6_AEDAE,1.0,,,,,,1,,,,
Q16HR1,Q16HR1_AEDAE,1.0,,,,,,1,,,,
Q16J24,Q16J24_AEDAE,1.0,,,,,,1,,,,
Q16JM7,Q16JM7_AEDAE,1.0,,,,,,1,,,,
Q16K83,Q16K83_AEDAE,1.0,,,,,,1,,,,
Q16KY2,Q16KY2_AEDAE,1.0,,,,,,1,,,,
Q16L65,Q16L65_AEDAE,1.0,,,,,,1,,,,
Q14DN9,AKD1B_MOUSE,1.0,,,,,,1,,,,
Q13YX9,Q13YX9_BURXL,1.0,,,,,,1,,,,
Q10728,MYPT1_RAT,1.0,,,,,,1,,,,
Q13QR1,Q13QR1_BURXL,1.0,,,,,,1,,,,
Q10729,Q10729_CHICK,1.0,,,,,,1,,,,
Q10F57,Q10F57_ORYSJ,1.0,,,,,,1,,,,
Q10ZI0,Q10ZI0_TRIEI,1.0,,,,,,1,,,,
Q117E6,Q117E6_TRIEI,1.0,,,,,,1,,,,
Q117F6,Q117F6_TRIEI,1.0,,,,,,1,,,,
Q117G2,Q117G2_TRIEI,1.0,,,,,,1,,,,
Q12013,AKR2_YEAST,1.0,,,,,,1,,,,
Q12451,OSH2_YEAST,1.0,,,,,,1,,,,
Q124P6,Q124P6_POLSJ,1.0,,,,,,1,,,,
Q12955,ANK3_HUMAN,1.0,,,,,,1,,,,
Q12AL0,Q12AL0_POLSJ,1.0,,,,,,1,,,,
Q12IG3,Q12IG3_SHEDO,1.0,,,,,,1,,,,
Q12RQ7,Q12RQ7_SHEDO,1.0,,,,,,1,,,,
Q13418,ILK_HUMAN,1.0,,,,,,1,,,,
Q13MS0,Q13MS0_BURXL,1.0,,,,,,1,,,,
Q13N36,Q13N36_BURXL,1.0,,,,,,1,,,,
Q13N37,Q13N37_BURXL,1.0,,,,,,1,,,,
Q55CR4,Q55CR4_DICDI,1.0,,,,,,1,,,,
Q55CU4,Q55CU4_DICDI,1.0,,,,,,1,,,,
Q55E04,Q55E04_DICDI,1.0,,,,,,1,,,,
Q8VE42,ANR49_MOUSE,1.0,,,,,,1,,,,
Q8TC84,FANK1_HUMAN,1.0,,,,,,1,,,,
Q8TF21,ANR24_HUMAN,1.0,,,,,,1,,,,
Q8UVC1,INVS_DANRE,1.0,,,,,,1,,,,
Q8UVC3,INVS_CHICK,1.0,,,,,,1,,,,
Q8UW38,Q8UW38_TAKRU,1.0,,,,,,1,,,,
Q8UW52,Q8UW52_TAKRU,1.0,,,,,,1,,,,
Q8VBX0,ASB13_MOUSE,1.0,,,,,,1,,,,
Q8VD46,ASZ1_MOUSE,1.0,,,,,,1,,,,
Q8VHA6,ASB18_MOUSE,1.0,,,,,,1,,,,
Q8WS23,Q8WS23_DROME,1.0,,,,,,1,,,,
Q8VHF9,Q8VHF9_RAT,1.0,,,,,,1,,,,
Q8VHK1,CSKI2_MOUSE,1.0,,,,,,1,,,,
Q8VHK2,CSKI1_RAT,1.0,,,,,,1,,,,
Q8VHQ3,PP16B_MOUSE,1.0,,,,,,1,,,,
Q8VHS5,ASB16_MOUSE,1.0,,,,,,1,,,,
Q8VHS6,ASB15_MOUSE,1.0,,,,,,1,,,,
Q8WMX6,ASZ1_PANTR,1.0,,,,,,1,,,,
Q8WMX8,ASZ1_BOVIN,1.0,,,,,,1,,,,
Q8TAK5,GABP2_HUMAN,1.0,,,,,,1,,,,
Q8T5W3,Q8T5W3_CAERE,1.0,,,,,,1,,,,
Q8T4F8,Q8T4F8_DROME,1.0,,,,,,1,,,,
Q8T3S0,Q8T3S0_DROME,1.0,,,,,,1,,,,
Q8N6D5,ANR29_HUMAN,1.0,,,,,,1,,,,
Q8N7Z5,ANR31_HUMAN,1.0,,,,,,1,,,,
Q8N8A2,ANR44_HUMAN,1.0,,,,,,1,,,,
Q8N8V4,ANS4B_HUMAN,1.0,,,,,,1,,,,
Q8N9B4,ANR42_HUMAN,1.0,,,,,,1,,,,
Q8N9V6,ANR53_HUMAN,1.0,,,,,,1,,,,
Q8NB46,ANR52_HUMAN,1.0,,,,,,1,,,,
Q8Q0U0,Y045_METMA,1.0,,,,,,1,,,,
Q8R516,MIB2_MOUSE,1.0,,,,,,1,,,,
Q8R560,ANKR1_RAT,1.0,,,,,,1,,,,
Q8R5G4,Q8R5G4_RAT,1.0,,,,,,1,,,,
Q8RE83,Q8RE83_FUSNN,1.0,,,,,,,,,,1
Q8SPT6,Q8SPT6_MACMU,1.0,,,,,,1,,,,
Q8SR46,Q8SR46_ENCCU,1.0,,,,,,1,,,,
Q8SS74,Q8SS74_ENCCU,1.0,,,,,,1,,,,
Q8SY34,Q8SY34_DROME,1.0,,,,,,1,,,,
Q8T2Q0,ZDHC6_DICDI,1.0,,,,,,1,,,,
Q8WNW7,Q8WNW7_BOVIN,1.0,,,,,,1,,,,
Q8WVL7,ANR49_HUMAN,1.0,,,,,,1,,,,
Q8N283,ANR35_HUMAN,1.0,,,,,,1,,,,
Q92625,ANS1A_HUMAN,1.0,,,,,,1,,,,
Q91XL9,OSBL1_MOUSE,1.0,,,,,,1,,,,
Q91ZT7,ASB10_MOUSE,1.0,,,,,,1,,,,
Q91ZT8,ASB9_MOUSE,1.0,,,,,,1,,,,
Q91ZT9,ASB8_MOUSE,1.0,,,,,,1,,,,
Q91ZU0,ASB7_MOUSE,1.0,,,,,,1,,,,
Q91ZU1,ASB6_MOUSE,1.0,,,,,,1,,,,
Q923M0,PP16A_MOUSE,1.0,,,,,,1,,,,
Q92527,ANKR7_HUMAN,1.0,,,,,,1,,,,
Q92HB1,Y860_RICCN,1.0,,,,,,1,,,,
Q8WWH4,ASZ1_HUMAN,1.0,,,,,,1,,,,
Q92HS0,Y701_RICCN,1.0,,,,,,1,,,,
Q93117,Q93117_APIME,1.0,,,,,,1,,,,
Q941V9,Q941V9_ORYSJ,1.0,,,,,,1,,,,
Q94A76,GORK_ARATH,1.0,,,,,,1,,,,
Q94B55,XB31_ARATH,1.0,,,,,,1,,,,
Q94CT7,XB31_ORYSJ,1.0,,,,,,1,,,,
Q95N27,PP16B_BOVIN,1.0,,,,,,1,,,,
Q95RU8,Q95RU8_DROME,1.0,,,,,,1,,,,
Q91WK7,ANR54_MOUSE,1.0,,,,,,1,,,,
Q91974,IKBA_CHICK,1.0,,,,,,1,,,,
Q91955,MTPN_CHICK,1.0,,,,,,1,,,,
Q90ZH6,Q90ZH6_CHICK,1.0,,,,,,1,,,,
Q8WWX0,ASB5_HUMAN,1.0,,,,,,1,,,,
Q8WXD9,CSKI1_HUMAN,1.0,,,,,,1,,,,
Q8WXE0,CSKI2_HUMAN,1.0,,,,,,1,,,,
Q8WXH4,ASB11_HUMAN,1.0,,,,,,1,,,,
Q8WXI3,ASB10_HUMAN,1.0,,,,,,1,,,,
Q8WXK1,ASB15_HUMAN,1.0,,,,,,1,,,,
Q8WXK3,ASB13_HUMAN,1.0,,,,,,1,,,,
Q8WXK4,ASB12_HUMAN,1.0,,,,,,1,,,,
Q8WZ74,CTTB2_HUMAN,1.0,,,,,,1,,,,
Q8YKQ0,Q8YKQ0_NOSS1,1.0,,,,,,1,,,,
Q8YTG9,Q8YTG9_NOSS1,1.0,,,,,,1,,,,
Q8YWZ3,Q8YWZ3_NOSS1,1.0,,,,,,1,,,,
Q8ZWC4,Y1861_PYRAE,1.0,,,,,,1,,,,
Q90623,MYPT1_CHICK,1.0,,,,,,1,,,,
Q90715,Q90715_CHICK,1.0,,,,,,1,,,,
Q90716,Q90716_CHICK,1.0,,,,,,1,,,,
Q90717,Q90717_CHICK,1.0,,,,,,1,,,,
Q8N2N9,AN36B_HUMAN,1.0,,,,,,1,,,,
Q8MP77,Q8MP77_DICDI,1.0,,,,,,1,,,,
Q7T3P8,FEM1C_DANRE,1.0,,,,,,1,,,,
Q862Z2,ASB5_RABIT,1.0,,,,,,1,,,,
Q810B6,ANFY1_MOUSE,1.0,,,,,,1,,,,
Q811D2,ANR26_MOUSE,1.0,,,,,,1,,,,
Q812A3,ANR23_MOUSE,1.0,,,,,,1,,,,
Q816Z2,Q816Z2_BACCR,1.0,,,,,,1,,,,
Q81CB7,Q81CB7_BACCR,1.0,,,,,,1,,,,
Q81I54,Q81I54_BACCR,1.0,,,,,,1,,,,
Q84QJ2,Q84QJ2_CHLRE,1.0,,,,,,1,,,,
Q84YE0,Q84YE0_SORBI,1.0,,,,,,1,,,,
Q863Z4,MTPN_CANFA,1.0,,,,,,1,,,,
Q86YR6,POTED_HUMAN,1.0,,,,,,1,,,,
Q865U8,ANKR1_PIG,1.0,,,,,,1,,,,
Q86AG6,Q86AG6_DICDI,1.0,,,,,,1,,,,
Q86AT8,SPKA_DICDI,1.0,,,,,,1,,,,
Q86FJ9,Q86FJ9_CAERE,1.0,,,,,,1,,,,
Q86JC1,Q86JC1_DICDI,1.0,,,,,,1,,,,
Q86K42,Q86K42_DICDI,1.0,,,,,,1,,,,
Q86SG2,ANR23_HUMAN,1.0,,,,,,1,,,,
Q86U10,LPP60_HUMAN,1.0,,,,,,1,,,,
Q80Z38,SHAN2_MOUSE,1.0,,,,,,1,,,,
Q80WM6,Q80WM6_RAT,1.0,,,,,,1,,,,
Q80VV3,4EBP3_MOUSE,1.0,,,,,,1,,,,
Q80VM7,ANR24_MOUSE,1.0,,,,,,1,,,,
Q7X6P5,Q7X6P5_ORYSJ,1.0,,,,,,1,,,,
Q7XI08,XB34_ORYSJ,1.0,,,,,,1,,,,
Q7YR86,Q7YR86_BOVIN,1.0,,,,,,1,,,,
Q7YZ52,Q7YZ52_CRYPV,1.0,,,,,,1,,,,
Q7YZ62,Q7YZ62_CRYPV,1.0,,,,,,1,,,,
Q7Z020,TRPA1_DROME,1.0,,,,,,1,,,,
Q7Z6G8,ANS1B_HUMAN,1.0,,,,,,1,,,,
Q7Z8U2,AKR1_ASPOR,1.0,,,,,,1,,,,
Q7ZT11,ANKR1_CHICK,1.0,,,,,,1,,,,
Q7ZUF7,Q7ZUF7_DANRE,1.0,,,,,,1,,,,
Q800D9,Q800D9_CHICK,1.0,,,,,,1,,,,
Q800E0,Q800E0_CHICK,1.0,,,,,,1,,,,
Q803N0,Q803N0_DANRE,1.0,,,,,,1,,,,
Q804S5,MIB1_DANRE,1.0,,,,,,1,,,,
Q80SY4,MIB1_MOUSE,1.0,,,,,,1,,,,
Q80T11,USH1G_MOUSE,1.0,,,,,,1,,,,
Q80TN5,ZDH17_MOUSE,1.0,,,,,,1,,,,
Q86W74,ANR46_HUMAN,1.0,,,,,,1,,,,
Q86YT6,MIB1_HUMAN,1.0,,,,,,1,,,,
Q8MI32,Q8MI32_PIG,1.0,,,,,,1,,,,
Q8IUH5,ZDH17_HUMAN,1.0,,,,,,1,,,,
Q8CGN4,BCOR_MOUSE,1.0,,,,,,1,,,,
Q8DKN1,Q8DKN1_THEEB,1.0,,,,,,1,,,,
Q8GZ22,Q8GZ22_ARATH,1.0,,,,,,1,,,,
Q8H8W7,Q8H8W7_ORYSJ,1.0,,,,,,1,,,,
Q8HXA6,ASB15_BOVIN,1.0,,,,,,1,,,,
Q8HYY4,UACA_BOVIN,1.0,,,,,,1,,,,
Q8IQT4,Q8IQT4_DROME,1.0,,,,,,1,,,,
Q8IUH4,ZDH13_HUMAN,1.0,,,,,,1,,,,
Q8IV38,ANKY2_HUMAN,1.0,,,,,,1,,,,
Q872S8,Q872S8_NEUCS,1.0,,,,,,1,,,,
Q8IVF6,AN18A_HUMAN,1.0,,,,,,1,,,,
Q8IWB6,TEX14_HUMAN,1.0,,,,,,1,,,,
Q8IWZ3,ANKH1_HUMAN,1.0,,,,,,1,,,,
Q8IYU2,HACE1_HUMAN,1.0,,,,,,1,,,,
Q8JHU3,Q8JHU3_DANRE,1.0,,,,,,1,,,,
Q8K0L0,ASB2_MOUSE,1.0,,,,,,1,,,,
Q8K3X6,ANS4B_MOUSE,1.0,,,,,,1,,,,
Q8L5U8,Q8L5U8_ARATH,1.0,,,,,,1,,,,
Q8CGB3,UACA_MOUSE,1.0,,,,,,1,,,,
Q8CEF1,FEM1C_MOUSE,1.0,,,,,,1,,,,
Q8C8R3,ANK2_MOUSE,1.0,,,,,,1,,,,
Q8C6Y6,ASB14_MOUSE,1.0,,,,,,1,,,,
Q875M2,AKR1_KLULA,1.0,,,,,,1,,,,
Q87CE0,Q87CE0_XYLFT,1.0,,,,,,1,,,,
Q87Z48,Q87Z48_PSESM,1.0,,,,,,1,,,,
Q884N7,Q884N7_PSESM,1.0,,,,,,1,,,,
Q88LU3,Q88LU3_PSEPK,1.0,,,,,,1,,,,
Q8AX92,Q8AX92_TAKRU,1.0,,,,,,1,,,,
Q8AYR0,Q8AYR0_ORYLA,1.0,,,,,,1,,,,
Q8BG95,MYPT2_MOUSE,1.0,,,,,,1,,,,
Q8BLA8,TRPA1_MOUSE,1.0,,,,,,1,,,,
Q8BTI7,ANR52_MOUSE,1.0,,,,,,1,,,,
Q8BTZ5,ANR46_MOUSE,1.0,,,,,,1,,,,
Q8BV14,Q8BV14_MOUSE,1.0,,1,,,,,,,,
Q8BX02,KANK2_MOUSE,1.0,,,,,,1,,,,
Q8BYH9,Q8BYH9_MOUSE,1.0,,1,,,,,,,,
Q8BZ25,ANKK1_MOUSE,1.0,,,,,,1,,,,
Q8C0T1,FM1AB_MOUSE,1.0,,,,,,1,,,,
Q8C646,Q8C646_MOUSE,1.0,,,,,,1,,,,
Q95YF8,Q95YF8_CIOSA,1.0,,,,,,1,,,,
Q969K4,ABTB1_HUMAN,1.0,,,,,,1,,,,
Q96AX9,MIB2_HUMAN,1.0,,,,,,1,,,,
Q9UK73,FEM1B_HUMAN,1.0,,,,,,1,,,,
Q9SYK5,Q9SYK5_ARATH,1.0,,,,,,1,,,,
Q9TU71,ANKR1_RABIT,1.0,,,,,,1,,,,
Q9TXQ1,PME5_CAEEL,1.0,,,,,,1,,,,
Q9TYQ6,Q9TYQ6_CAEEL,1.0,,,,,,1,,,,
Q9U0E2,Q9U0E2_TRICA,1.0,,,,,,1,,,,
Q9U2C5,Q9U2C5_CAEEL,1.0,,,,,,1,,,,
Q9U2L2,Q9U2L2_CAEEL,1.0,,,,,,1,,,,
Q9U722,Q9U722_DROME,1.0,,,,,,1,,,,
Q9ULH0,KDIS_HUMAN,1.0,,,,,,1,,,,
Q9VH61,Q9VH61_DROME,1.0,,,,,,1,,,,
Q9ULJ7,ANR50_HUMAN,1.0,,,,,,1,,,,
Q9UM47,NOTC3_HUMAN,1.0,,,,,,1,,,,
Q9UPS8,ANR26_HUMAN,1.0,,,,,,1,,,,
Q9UU77,YQMA_SCHPO,1.0,,,,,,1,,,,
Q9VB40,Q9VB40_DROME,1.0,,,,,,1,,,,
Q9VBP3,TNKS_DROME,1.0,,,,,,1,,,,
Q9VCA8,ANKHM_DROME,1.0,,,,,,1,,,,
Q9VCM6,Q9VCM6_DROME,1.0,,,,,,1,,,,
Q9STP8,ACBP2_ARATH,1.0,,,,,,1,,,,
Q9SQK3,EM506_ARATH,1.0,,,,,,1,,,,
Q9SM23,ACBP1_ARATH,1.0,,,,,,1,,,,
Q9SKB8,Q9SKB8_ARATH,1.0,,,,,,1,,,,
Q9NWX5,ASB6_HUMAN,1.0,,,,,,1,,,,
Q9NXR5,ANR10_HUMAN,1.0,,,,,,1,,,,
Q9P0K7,RAI14_HUMAN,1.0,,,,,,1,,,,
Q9P2R3,ANFY1_HUMAN,1.0,,,,,,1,,,,
Q9P3P6,Q9P3P6_NEUCS,1.0,,,,,,1,,,,
Q9P4Z2,Q9P4Z2_NEUCS,1.0,,,,,,1,,,,
Q9P543,Q9P543_NEUCS,1.0,,,,,,1,,,,
Q9P5X1,Q9P5X1_NEUCS,1.0,,,,,,1,,,,
Q9P7I0,YIT2_SCHPO,1.0,,,,,,1,,,,
Q9QW30,NOTC2_RAT,1.0,,,,,,1,,,,
Q9QX74,SHAN2_RAT,1.0,,,,,,1,,,,
Q9QZH2,BARD1_RAT,1.0,,,,,,1,,,,
Q9R172,NOTC3_RAT,1.0,,,,,,1,,,,
Q9SAR5,AKR2_ARATH,1.0,,,,,,1,,,,
Q9SCX5,AKT5_ARATH,1.0,,,,,,1,,,,
Q9SF48,Q9SF48_ARATH,1.0,,,,,,1,,,,
Q9SJ85,Y2474_ARATH,1.0,,,,,,1,,,,
Q9VFD5,FEM1A_DROME,1.0,,,,,,1,,,,
Q9VJ14,Q9VJ14_DROME,1.0,,,,,,1,,,,
Q96DX5,ASB9_HUMAN,1.0,,,,,,1,,,,
Q9Z2X2,PSD10_MOUSE,1.0,,,,,,1,,,,
Q9Y6X6,MYO16_HUMAN,1.0,,,,,,1,,,,
Q9Z148,EHMT2_MOUSE,1.0,,,,,,1,,,,
Q9Z1E3,IKBA_MOUSE,1.0,,,,,,1,,,,
Q9Z1P7,KANK3_MOUSE,1.0,,,,,,1,,,,
Q9Z205,RFXK_MOUSE,1.0,,,,,,1,,,,
Q9Z2F6,BCL3_MOUSE,1.0,,,,,,1,,,,
Q9Z2G0,FEM1B_MOUSE,1.0,,,,,,1,,,,
Q9Z2G1,FM1AA_MOUSE,1.0,,,,,,1,,,,
Q9ZCL3,Y714_RICPR,1.0,,,,,,1,,,,
Q9VL58,Q9VL58_DROME,1.0,,,,,,1,,,,
Q9ZT78,Q9ZT78_ARATH,1.0,,,,,,1,,,,
Q9ZU96,Y2168_ARATH,1.0,,,,,,1,,,,
S4REG5,S4REG5_PETMA,1.0,,1,,,,,,,,
S4RFA4,S4RFA4_PETMA,1.0,,1,,,,,,,,
U3IPK6,U3IPK6_ANAPL,1.0,,1,,,,,,,,
U3IZ52,U3IZ52_ANAPL,1.0,,1,,,,,,,,
U3IZ56,U3IZ56_ANAPL,1.0,,1,,,,,,,,
W5KT63,W5KT63_ASTMX,1.0,,1,,,,,,,,
Q9Y6H5,SNCAP_HUMAN,1.0,,,,,,1,,,,
Q9Y576,ASB1_HUMAN,1.0,,,,,,1,,,,
Q9Y575,ASB3_HUMAN,1.0,,,,,,1,,,,
Q9Y574,ASB4_HUMAN,1.0,,,,,,1,,,,
Q9VQI1,Q9VQI1_DROME,1.0,,,,,,1,,,,
Q9VSA4,TONSL_DROME,1.0,,,,,,1,,,,
Q9VT59,Q9VT59_DROME,1.0,,,,,,1,,,,
Q9VUW9,Q9VUW9_DROME,1.0,,,,,,1,,,,
Q9VUX2,MIB_DROME,1.0,,,,,,1,,,,
Q9W0T5,PYX_DROME,1.0,,,,,,1,,,,
Q9W4N6,Q9W4N6_DROME,1.0,,,,,,1,,,,
Q9WTK5,NFKB2_MOUSE,1.0,,,,,,1,,,,
Q9WTT2,CLPB_RAT,1.0,,,,,,1,,,,
Q9WV06,ANKR2_MOUSE,1.0,,,,,,1,,,,
Q9WV48,SHAN1_RAT,1.0,,,,,,1,,,,
Q9WV71,ASB4_MOUSE,1.0,,,,,,1,,,,
Q9WV72,ASB3_MOUSE,1.0,,,,,,1,,,,
Q9WV74,ASB1_MOUSE,1.0,,,,,,1,,,,
Q9Y283,INVS_HUMAN,1.0,,,,,,1,,,,
Q9Y2G4,ANKR6_HUMAN,1.0,,,,,,1,,,,
Q9Y566,SHAN1_HUMAN,1.0,,,,,,1,,,,
Q9NU02,ANKE1_HUMAN,1.0,,,,,,1,,,,
Q9NHC7,Q9NHC7_DROME,1.0,,,,,,1,,,,
Q9NG00,Q9NG00_CAEEL,1.0,,,,,,1,,,,
Q9C0D5,TANC1_HUMAN,1.0,,,,,,1,,,,
Q9BSK4,FEM1A_HUMAN,1.0,,,,,,1,,,,
Q9BXW6,OSBL1_HUMAN,1.0,,,,,,1,,,,
Q9BXX3,AN30A_HUMAN,1.0,,,,,,1,,,,
Q9BYB0,SHAN3_HUMAN,1.0,,,,,,1,,,,
Q9BYX7,ACTBM_HUMAN,1.0,,,,,,1,,,,
Q9BZ19,ANR60_HUMAN,1.0,,,,,,1,,,,
Q9BZF9,UACA_HUMAN,1.0,,,,,,1,,,,
Q9BZL4,PP12C_HUMAN,1.0,,,,,,1,,,,
Q9C104,GDE1_SCHPO,1.0,,,,,,1,,,,
Q9N3Y9,Q9N3Y9_CAEEL,1.0,,,,,,1,,,,
Q9C6C3,AGD2_ARATH,1.0,,,,,,1,,,,
Q9CQ31,ASB11_MOUSE,1.0,,,,,,1,,,,
Q9CQM6,ANR61_MOUSE,1.0,,,,,,1,,,,
Q9CR42,ANKR1_MOUSE,1.0,,,,,,1,,,,
Q9CWU2,ZDH13_MOUSE,1.0,,,,,,1,,,,
Q9CZK6,ANKS3_MOUSE,1.0,,,,,,1,,,,
Q9D061,ACBD6_MOUSE,1.0,,,,,,1,,,,
Q9D1A4,ASB5_MOUSE,1.0,,,,,,1,,,,
Q9BR61,ACBD6_HUMAN,1.0,,,,,,1,,,,
Q9BPN3,Q9BPN3_CAEEL,1.0,,,,,,1,,,,
Q99PE2,ANRA2_MOUSE,1.0,,,,,,1,,,,
Q99NH0,ANR17_MOUSE,1.0,,,,,,1,,,,
Q96HA7,TONSL_HUMAN,1.0,,,,,,1,,,,
Q96I34,PP16A_HUMAN,1.0,,,,,,1,,,,
Q96JP0,FEM1C_HUMAN,1.0,,,,,,1,,,,
Q96KQ7,EHMT2_HUMAN,1.0,,,,,,1,,,,
Q96NS5,ASB16_HUMAN,1.0,,,,,,1,,,,
Q96NW4,ANR27_HUMAN,1.0,,,,,,1,,,,
Q96Q27,ASB2_HUMAN,1.0,,,,,,1,,,,
Q96T49,PP16B_HUMAN,1.0,,,,,,1,,,,
Q978J0,Y1425_THEVO,1.0,,,,,,1,,,,
Q98UI4,Q98UI4_CHICK,1.0,,,,,,1,,,,
Q99466,NOTC4_HUMAN,1.0,,,,,,1,,,,
Q99549,MPP8_HUMAN,1.0,,,,,,1,,,,
Q99728,BARD1_HUMAN,1.0,,,,,,1,,,,
Q99J82,ILK_RAT,1.0,,,,,,1,,,,
Q99LJ2,ABTB1_MOUSE,1.0,,,,,,1,,,,
Q99LW0,ANR10_MOUSE,1.0,,,,,,1,,,,
Q99MD2,Q99MD2_RAT,1.0,,,,,,1,,,,
Q9D2J7,ANKE1_MOUSE,1.0,,,,,,1,,,,
Q9D2X0,ANR39_MOUSE,1.0,,,,,,1,,,,
Q9D3J5,ANR22_MOUSE,1.0,,,,,,1,,,,
Q9H078,CLPB_HUMAN,1.0,,,,,,1,,,,
Q9H560,ANR19_HUMAN,1.0,,,,,,1,,,,
Q9H672,ASB7_HUMAN,1.0,,,,,,1,,,,
Q9H765,ASB8_HUMAN,1.0,,,,,,1,,,,
Q9H9B1,EHMT1_HUMAN,1.0,,,,,,1,,,,
Q9H9E1,ANRA2_HUMAN,1.0,,,,,,1,,,,
Q9HCD6,TANC2_HUMAN,1.0,,,,,,1,,,,
Q9HLN1,Y196_THEAC,1.0,,,,,,1,,,,
Q9HYV6,Y3287_PSEAE,1.0,,,,,,1,,,,
Q9JLU4,SHAN3_RAT,1.0,,,,,,1,,,,
Q9JRZ6,Y1133_NEIMB,1.0,,,,,,1,,,,
Q9JUF2,Y1343_NEIMA,1.0,,,,,,1,,,,
Q9LQP7,Q9LQP7_ARATH,1.0,,,,,,1,,,,
Q9LR59,Q9LR59_ARATH,1.0,,,,,,1,,,,
Q9LR60,Q9LR60_ARATH,1.0,,,,,,1,,,,
Q9LVG7,Q9LVG7_ARATH,1.0,,,,,,1,,,,
Q9LYA6,Q9LYA6_ARATH,1.0,,,,,,1,,,,
Q9N180,Q9N180_BOVIN,1.0,,,,,,1,,,,
Q9H2K2,TNKS2_HUMAN,1.0,,,,,,1,,,,
Q9GZV1,ANKR2_HUMAN,1.0,,,,,,1,,,,
Q9D504,ANKR7_MOUSE,1.0,,,,,,1,,,,
Q9GYM5,Q9GYM5_CAEEL,1.0,,,,,,1,,,,
Q9D738,ASB12_MOUSE,1.0,,,,,,1,,,,
Q9DAM9,FANK1_MOUSE,1.0,,,,,,1,,,,
Q9DBR7,MYPT1_MOUSE,1.0,,,,,,1,,,,
Q9DED0,Q9DED0_CHICK,1.0,,,,,,1,,,,
Q9DES3,Q9DES3_TAKRU,1.0,,,,,,1,,,,
Q9DEY7,Q9DEY7_TAEGU,1.0,,,,,,1,,,,
Q9DF58,Q9DF58_CHICK,1.0,,,,,,1,,,,
Q9EP71,RAI14_MOUSE,1.0,,,,,,1,,,,
Q9EQG6,KDIS_RAT,1.0,,,,,,1,,,,
Q9ERC1,MYO16_RAT,1.0,,,,,,1,,,,
Q9ERK0,RIPK4_MOUSE,1.0,,,,,,1,,,,
Q9ET47,ESPN_MOUSE,1.0,,,,,,1,,,,
Q9FIT8,AGD1_ARATH,1.0,,,,,,1,,,,
Q9FX13,Q9FX13_ARATH,1.0,,,,,,1,,,,
Q9FY48,KEG_ARATH,1.0,,,,,,1,,,,
Q9GL21,UACA_CANFA,1.0,,,,,,1,,,,
Q9GRV5,Q9GRV5_CAEEL,1.0,,,,,,1,,,,
Q7TQP6,TNI3K_RAT,1.0,,,,,,1,,,,
Q7T386,Q7T386_DANRE,1.0,,,,,,1,,,,
Q55EE1,Q55EE1_DICDI,1.0,,,,,,1,,,,
Q5TT64,Q5TT64_ANOGA,1.0,,,,,,1,,,,
Q5RIL5,Q5RIL5_DANRE,1.0,,,,,,1,,,,
Q5RJK8,ACBD6_RAT,1.0,,,,,,1,,,,
Q5SQ80,A20A2_HUMAN,1.0,,,,,,1,,,,
Q5T7N3,KANK4_HUMAN,1.0,,,,,,1,,,,
Q5TMU0,Q5TMU0_ANOGA,1.0,,,,,,1,,,,
Q5TP28,Q5TP28_ANOGA,1.0,,,,,,1,,,,
Q5TQ92,Q5TQ92_ANOGA,1.0,,,,,,1,,,,
Q5TSF2,Q5TSF2_ANOGA,1.0,,,,,,1,,,,
Q5TVQ7,Q5TVQ7_ANOGA,1.0,,,,,,1,,,,
Q5WUV9,Q5WUV9_LEGPL,1.0,,,,,,1,,,,
Q5TYM7,Q5TYM7_DANRE,1.0,,,,,,1,,,,
Q5TYW2,A20A1_HUMAN,1.0,,,,,,1,,,,
Q5TZ64,Q5TZ64_DANRE,1.0,,,,,,1,,,,
Q5U2S6,ASB2_RAT,1.0,,,,,,1,,,,
Q5U2Z4,Q5U2Z4_RAT,1.0,,,,,,1,,,,
Q5U312,RAI14_RAT,1.0,,,,,,1,,,,
Q5VUR7,A20A3_HUMAN,1.0,,,,,,1,,,,
Q5VYY1,ANR22_HUMAN,1.0,,,,,,1,,,,
Q5RGR4,Q5RGR4_DANRE,1.0,,,,,,1,,,,
Q5R1X3,ACTB_PANTR,1.0,,,,,,1,,,,
Q5QNR3,Q5QNR3_MOUSE,1.0,,,,,,1,,,,
Q5PRB8,Q5PRB8_DANRE,1.0,,,,,,1,,,,
Q5F478,ANR44_CHICK,1.0,,,,,,1,,,,
Q5F8F1,Q5F8F1_NEIG1,1.0,,,,,,1,,,,
Q5FFJ5,Q5FFJ5_EHRRG,1.0,,,,,,1,,,,
Q5FH29,Q5FH29_EHRRG,1.0,,,,,,1,,,,
Q5FVV9,Q5FVV9_XENTR,1.0,,,,,,1,,,,
Q5GIG6,TNI3K_MOUSE,1.0,,,,,,1,,,,
Q5GSY9,Q5GSY9_WOLTR,1.0,,,,,,1,,,,
Q5HBF4,Q5HBF4_EHRRW,1.0,,,,,,1,,,,
Q5HBV7,Q5HBV7_EHRRW,1.0,,,,,,1,,,,
Q5HT25,Q5HT25_CAMJR,1.0,,,,,,1,,,,
Q5HUW2,Q5HUW2_CAMJR,1.0,,,,,,1,,,,
Q5HZU8,Q5HZU8_XENTR,1.0,,,,,,1,,,,
Q5JPF3,AN36C_HUMAN,1.0,,,,,,1,,,,
Q5M9H0,ANKS3_RAT,1.0,,,,,,1,,,,
Q5NXE7,Q5NXE7_AROAE,1.0,,,,,,1,,,,
Q5P0F9,Q5P0F9_AROAE,1.0,,,,,,1,,,,
Q5PA44,Q5PA44_ANAMM,1.0,,,,,,1,,,,
Q5WS48,Q5WS48_LEGPA,1.0,,,,,,1,,,,
Q5WUW6,Q5WUW6_LEGPL,1.0,,,,,,1,,,,
Q5F3B0,Q5F3B0_CHICK,1.0,,,,,,1,,,,
Q60649,CLPB_MOUSE,1.0,,,,,,1,,,,
Q5ZKJ1,Q5ZKJ1_CHICK,1.0,,,,,,1,,,,
Q5ZKS9,Q5ZKS9_CHICK,1.0,,,,,,1,,,,
Q5ZLC6,ANR10_CHICK,1.0,,,,,,1,,,,
Q5ZLC8,ANR52_CHICK,1.0,,,,,,1,,,,
Q5ZM55,FEM1B_CHICK,1.0,,,,,,1,,,,
Q5ZMD2,ANKY2_CHICK,1.0,,,,,,1,,,,
Q5ZXN6,ANKX_LEGPH,1.0,,,,,,1,,,,
Q5ZYG9,Q5ZYG9_LEGPH,1.0,,,,,,1,,,,
Q60772,CDN2C_MOUSE,1.0,,,,,,1,,,,
Q5WUW9,Q5WUW9_LEGPL,1.0,,,,,,1,,,,
Q60773,CDN2D_MOUSE,1.0,,,,,,1,,,,
Q60778,IKBB_MOUSE,1.0,,,,,,1,,,,
Q60J38,ANKHM_CAEBR,1.0,,,,,,1,,,,
Q61982,NOTC3_MOUSE,1.0,,,,,,1,,,,
Q63369,NFKB1_RAT,1.0,,,,,,1,,,,
Q633C0,Q633C0_BACCZ,1.0,,,,,,1,,,,
Q63618,ESPN_RAT,1.0,,,,,,1,,,,
Q63746,IKBA_RAT,1.0,,,,,,1,,,,
Q5ZK62,ACAP2_CHICK,1.0,,,,,,1,,,,
Q5ZJG2,Q5ZJG2_CHICK,1.0,,,,,,1,,,,
Q5ZIM1,Q5ZIM1_CHICK,1.0,,,,,,1,,,,
Q5ZIJ9,MIB2_CHICK,1.0,,,,,,1,,,,
Q5WYK4,Q5WYK4_LEGPL,1.0,,,,,,1,,,,
Q5WZD7,Q5WZD7_LEGPL,1.0,,,,,,1,,,,
Q5X3H5,Q5X3H5_LEGPA,1.0,,,,,,1,,,,
Q5X3H8,Q5X3H8_LEGPA,1.0,,,,,,1,,,,
Q5X3X6,Q5X3X6_LEGPA,1.0,,,,,,1,,,,
Q5X755,Q5X755_LEGPA,1.0,,,,,,1,,,,
Q5X7Y6,Q5X7Y6_LEGPA,1.0,,,,,,1,,,,
Q5XI12,Q5XI12_RAT,1.0,,,,,,1,,,,
Q5XIP7,Q5XIP7_RAT,1.0,,,,,,1,,,,
Q5XIU1,ABTB1_RAT,1.0,,,,,,1,,,,
Q5XJ13,ANKS6_DANRE,1.0,,,,,,1,,,,
Q5XP09,Q5XP09_RABIT,1.0,,,,,,1,,,,
Q5ZHL4,Q5ZHL4_CHICK,1.0,,,,,,1,,,,
Q5ZHY3,Q5ZHY3_CHICK,1.0,,,,,,1,,,,
Q5ZHY6,Q5ZHY6_CHICK,1.0,,,,,,1,,,,
Q5ZIC2,Q5ZIC2_CHICK,1.0,,,,,,1,,,,
Q5ZIE7,Q5ZIE7_CHICK,1.0,,,,,,1,,,,
Q5F3H1,Q5F3H1_CHICK,1.0,,,,,,1,,,,
Q5EA33,ANR49_BOVIN,1.0,,,,,,1,,,,
Q7T2P5,Q7T2P5_DANRE,1.0,,,,,,1,,,,
Q5AYG7,Q5AYG7_EMENI,1.0,,,,,,1,,,,
Q5ASG3,Q5ASG3_EMENI,1.0,,,,,,1,,,,
Q5ATS6,Q5ATS6_EMENI,1.0,,,,,,1,,,,
Q5ATT0,Q5ATT0_EMENI,1.0,,,,,,1,,,,
Q5AUE5,Q5AUE5_EMENI,1.0,,,,,,1,,,,
Q5AUL1,Q5AUL1_EMENI,1.0,,,,,,1,,,,
Q5AX25,Q5AX25_EMENI,1.0,,,,,,1,,,,
Q5AXA1,Q5AXA1_EMENI,1.0,,,,,,1,,,,
Q5AYB5,Q5AYB5_EMENI,1.0,,,,,,1,,,,
Q5AZ13,Q5AZ13_EMENI,1.0,,,,,,1,,,,
Q5B863,Q5B863_EMENI,1.0,,,,,,1,,,,
Q5B0V6,AKR1_EMENI,1.0,,,,,,1,,,,
Q5B2R2,Q5B2R2_EMENI,1.0,,,,,,1,,,,
Q5B570,Q5B570_EMENI,1.0,,,,,,1,,,,
Q5B5G0,Q5B5G0_EMENI,1.0,,,,,,1,,,,
Q5B5V8,Q5B5V8_EMENI,1.0,,,,,,1,,,,
Q5B6Q5,Q5B6Q5_EMENI,1.0,,,,,,1,,,,
Q5B7D7,Q5B7D7_EMENI,1.0,,,,,,1,,,,
Q5B7D9,Q5B7D9_EMENI,1.0,,,,,,1,,,,
Q5ART1,Q5ART1_EMENI,1.0,,,,,,1,,,,
Q5ARS7,Q5ARS7_EMENI,1.0,,,,,,1,,,,
Q5ARL7,Q5ARL7_EMENI,1.0,,,,,,1,,,,
Q5AR93,Q5AR93_EMENI,1.0,,,,,,1,,,,
Q562Q5,Q562Q5_HUMAN,1.0,,,,,,1,,,,
Q562R4,Q562R4_HUMAN,1.0,,,,,,1,,,,
Q566C8,ANR54_RAT,1.0,,,,,,1,,,,
Q57WN9,Q57WN9_TRYB2,1.0,,,,,,1,,,,
Q580E5,Q580E5_TRYB2,1.0,,,,,,1,,,,
Q587C7,Q587C7_TRYB2,1.0,,,,,,1,,,,
Q58CT0,DYH12_BOVIN,1.0,,,,,,1,,,,
Q59TI4,Q59TI4_CANAL,1.0,,,,,,,,,,1
Q59Z44,Q59Z44_CANAL,1.0,,,,,,1,,,,
Q5A767,Q5A767_CANAL,1.0,,,,,,1,,,,
Q5AFF9,Q5AFF9_CANAL,1.0,,,,,,1,,,,
Q5AFQ8,Q5AFQ8_CANAL,1.0,,,,,,1,,,,
Q5AK84,Q5AK84_CANAL,1.0,,,,,,1,,,,
Q5AL27,AKR1_CANAL,1.0,,,,,,1,,,,
Q5ANE2,Q5ANE2_CANAL,1.0,,,,,,1,,,,
Q5APN7,Q5APN7_CANAL,1.0,,,,,,1,,,,
Q5APP0,Q5APP0_CANAL,1.0,,,,,,1,,,,
Q5B7G7,Q5B7G7_EMENI,1.0,,,,,,1,,,,
Q5B8H6,Q5B8H6_EMENI,1.0,,,,,,1,,,,
Q5DWF7,Q5DWF7_CHICK,1.0,,,,,,1,,,,
Q5C3C0,Q5C3C0_SCHJA,1.0,,,,,,1,,,,
Q5BY15,Q5BY15_SCHJA,1.0,,,,,,1,,,,
Q5BZ29,Q5BZ29_SCHJA,1.0,,,,,,1,,,,
Q5BZF3,Q5BZF3_SCHJA,1.0,,,,,,1,,,,
Q5BZF6,Q5BZF6_SCHJA,1.0,,,,,,1,,,,
Q5C171,Q5C171_SCHJA,1.0,,,,,,1,,,,
Q5C1H2,Q5C1H2_SCHJA,1.0,,,,,,1,,,,
Q5C250,Q5C250_SCHJA,1.0,,,,,,1,,,,
Q5C277,Q5C277_SCHJA,1.0,,,,,,1,,,,
Q5D8Z6,Q5D8Z6_SCHJA,1.0,,,,,,1,,,,
Q5B8N7,Q5B8N7_EMENI,1.0,,,,,,1,,,,
Q5DAB7,Q5DAB7_SCHJA,1.0,,,,,,1,,,,
Q5DDJ9,Q5DDJ9_SCHJA,1.0,,,,,,1,,,,
Q5DER7,Q5DER7_SCHJA,1.0,,,,,,1,,,,
Q5DF73,Q5DF73_SCHJA,1.0,,,,,,1,,,,
Q5DGJ5,Q5DGJ5_SCHJA,1.0,,,,,,1,,,,
Q5DGY0,Q5DGY0_SCHJA,1.0,,,,,,1,,,,
Q5DU14,MYO16_MOUSE,1.0,,,,,,1,,,,
Q5DW34,EHMT1_MOUSE,1.0,,,,,,1,,,,
Q5BX96,Q5BX96_SCHJA,1.0,,,,,,1,,,,
Q5BVK3,Q5BVK3_SCHJA,1.0,,,,,,1,,,,
Q5BVK1,Q5BVK1_SCHJA,1.0,,,,,,1,,,,
Q5BKI6,ANKR1_XENTR,1.0,,,,,,1,,,,
Q5B8Y6,Q5B8Y6_EMENI,1.0,,,,,,1,,,,
Q5B9I3,Q5B9I3_EMENI,1.0,,,,,,1,,,,
Q5BAQ7,Q5BAQ7_EMENI,1.0,,,,,,1,,,,
Q5BAR6,Q5BAR6_EMENI,1.0,,,,,,1,,,,
Q5BAT2,Q5BAT2_EMENI,1.0,,,,,,1,,,,
Q5BAT4,Q5BAT4_EMENI,1.0,,,,,,1,,,,
Q5BB85,Q5BB85_EMENI,1.0,,,,,,1,,,,
Q5BDT5,Q5BDT5_EMENI,1.0,,,,,,1,,,,
Q5BE21,Q5BE21_EMENI,1.0,,,,,,1,,,,
Q5BEA0,Q5BEA0_EMENI,1.0,,,,,,1,,,,
Q5BEJ1,Q5BEJ1_EMENI,1.0,,,,,,1,,,,
Q5BF97,Q5BF97_EMENI,1.0,,,,,,1,,,,
Q5BF98,Q5BF98_EMENI,1.0,,,,,,1,,,,
Q5BFD0,Q5BFD0_EMENI,1.0,,,,,,1,,,,
Q5BGW6,Q5BGW6_EMENI,1.0,,,,,,1,,,,
Q5BH43,Q5BH43_EMENI,1.0,,,,,,1,,,,
Q5BJ03,Q5BJ03_DANRE,1.0,,,,,,1,,,,
Q63G78,Q63G78_BACCZ,1.0,,,,,,1,,,,
Q63ZY3,KANK2_HUMAN,1.0,,,,,,1,,,,
Q641X1,ANR61_RAT,1.0,,,,,,1,,,,
Q7PVR2,Q7PVR2_ANOGA,1.0,,,,,,1,,,,
Q7PJB6,Q7PJB6_ANOGA,1.0,,,,,,1,,,,
Q7PK24,Q7PK24_ANOGA,1.0,,,,,,1,,,,
Q7PLP5,Q7PLP5_DROME,1.0,,,,,,,,,,1
Q7PQL3,Q7PQL3_ANOGA,1.0,,,,,,1,,,,
Q7PR32,Q7PR32_ANOGA,1.0,,,,,,1,,,,
Q7PRJ1,Q7PRJ1_ANOGA,1.0,,,,,,1,,,,
Q7PS93,Q7PS93_ANOGA,1.0,,,,,,1,,,,
Q7PSV8,Q7PSV8_ANOGA,1.0,,,,,,1,,,,
Q7PWK8,Q7PWK8_ANOGA,1.0,,,,,,1,,,,
Q7Q4G9,Q7Q4G9_ANOGA,1.0,,,,,,1,,,,
Q7PWU2,Q7PWU2_ANOGA,1.0,,,,,,1,,,,
Q7PYH8,Q7PYH8_ANOGA,1.0,,,,,,1,,,,
Q7PZ46,Q7PZ46_ANOGA,1.0,,,,,,1,,,,
Q7PZ51,Q7PZ51_ANOGA,1.0,,,,,,1,,,,
Q7PZI6,Q7PZI6_ANOGA,1.0,,,,,,1,,,,
Q7PZY2,Q7PZY2_ANOGA,1.0,,,,,,1,,,,
Q7Q0M1,Q7Q0M1_ANOGA,1.0,,,,,,1,,,,
Q7Q172,Q7Q172_ANOGA,1.0,,,,,,1,,,,
Q7PH97,Q7PH97_ANOGA,1.0,,,,,,1,,,,
Q7PDN3,Q7PDN3_PLAYO,1.0,,,,,,1,,,,
Q7PDK1,Q7PDK1_PLAYO,1.0,,,,,,1,,,,
Q7MFM8,Q7MFM8_VIBVY,1.0,,,,,,1,,,,
Q73I91,Q73I91_WOLPM,1.0,,,,,,1,,,,
Q73IL3,Q73IL3_WOLPM,1.0,,,,,,1,,,,
Q73IS7,Q73IS7_WOLPM,1.0,,,,,,1,,,,
Q73IV9,Q73IV9_WOLPM,1.0,,,,,,1,,,,
Q74ZH9,GDE1_ASHGO,1.0,,,,,,1,,,,
Q755Y0,AKR1_ASHGO,1.0,,,,,,1,,,,
Q75HP9,AKT2_ORYSJ,1.0,,,,,,1,,,,
Q75HQ6,Q75HQ6_ORYSJ,1.0,,,,,,1,,,,
Q75M28,Q75M28_ORYSJ,1.0,,,,,,1,,,,
Q76K24,ANR46_RAT,1.0,,,,,,1,,,,
Q7EZ44,XB35_ORYSJ,1.0,,,,,,1,,,,
Q7JUF2,Q7JUF2_DROME,1.0,,,,,,1,,,,
Q7K028,Q7K028_DROME,1.0,,,,,,1,,,,
Q7K5K0,Q7K5K0_DROME,1.0,,,,,,1,,,,
Q7KTP7,Q7KTP7_DROME,1.0,,,,,,1,,,,
Q7KWL1,Q7KWL1_DICDI,1.0,,,,,,1,,,,
Q7M6U3,TEX14_MOUSE,1.0,,,,,,1,,,,
Q7Q3L5,Q7Q3L5_ANOGA,1.0,,,,,,1,,,,
Q7Q595,Q7Q595_ANOGA,1.0,,,,,,1,,,,
Q65XV2,XB3_ORYSJ,1.0,,,,,,1,,,,
Q7S9A4,Q7S9A4_NEUCR,1.0,,,,,,1,,,,
Q7RTH5,Q7RTH5_PLAYO,1.0,,,,,,1,,,,
Q7RW59,Q7RW59_NEUCR,1.0,,,,,,1,,,,
Q7RYS2,Q7RYS2_NEUCR,1.0,,,,,,1,,,,
Q7S064,Q7S064_NEUCR,1.0,,,,,,1,,,,
Q7S384,Q7S384_NEUCR,1.0,,,,,,1,,,,
Q7S3M5,AKR1_NEUCR,1.0,,,,,,1,,,,
Q7S552,Q7S552_NEUCR,1.0,,,,,,1,,,,
Q7S8L8,Q7S8L8_NEUCR,1.0,,,,,,1,,,,
Q7S9Y4,Q7S9Y4_NEUCR,1.0,,,,,,1,,,,
Q7Q5K5,Q7Q5K5_ANOGA,1.0,,,,,,1,,,,
Q7SAI4,Q7SAI4_NEUCR,1.0,,,,,,1,,,,
Q7SBG9,Q7SBG9_NEUCR,1.0,,,,,,1,,,,
Q7SF79,Q7SF79_NEUCR,1.0,,,,,,1,,,,
Q7SGY2,Q7SGY2_NEUCR,1.0,,,,,,1,,,,
Q7SZV7,Q7SZV7_DANRE,1.0,,,,,,1,,,,
Q7T163,KDIS_DANRE,1.0,,,,,,1,,,,
Q7T1G6,Q7T1G6_DANRE,1.0,,,,,,1,,,,
Q7T2B9,MTPN_DANRE,1.0,,,,,,1,,,,
Q7RS45,Q7RS45_PLAYO,1.0,,,,,,1,,,,
Q7RND6,Q7RND6_PLAYO,1.0,,,,,,1,,,,
Q7RN26,Q7RN26_PLAYO,1.0,,,,,,1,,,,
Q7RL09,Q7RL09_PLAYO,1.0,,,,,,1,,,,
Q7Q642,Q7Q642_ANOGA,1.0,,,,,,1,,,,
Q7Q6V5,Q7Q6V5_ANOGA,1.0,,,,,,1,,,,
Q7Q8L0,Q7Q8L0_ANOGA,1.0,,,,,,1,,,,
Q7QA03,Q7QA03_ANOGA,1.0,,,,,,1,,,,
Q7QB28,Q7QB28_ANOGA,1.0,,,,,,1,,,,
Q7QC13,Q7QC13_ANOGA,1.0,,,,,,1,,,,
Q7QDY6,Q7QDY6_ANOGA,1.0,,,,,,1,,,,
Q7QE60,Q7QE60_ANOGA,1.0,,,,,,1,,,,
Q7QEQ9,Q7QEQ9_ANOGA,1.0,,,,,,1,,,,
Q7QF89,Q7QF89_ANOGA,1.0,,,,,,1,,,,
Q7QFM2,Q7QFM2_ANOGA,1.0,,,,,,1,,,,
Q7QG61,Q7QG61_ANOGA,1.0,,,,,,1,,,,
Q7QJA5,Q7QJA5_ANOGA,1.0,,,,,,1,,,,
Q7QKA9,Q7QKA9_ANOGA,1.0,,,,,,1,,,,
Q7QKD3,Q7QKD3_ANOGA,1.0,,,,,,1,,,,
Q7QKH6,Q7QKH6_ANOGA,1.0,,,,,,1,,,,
Q7RJV9,Q7RJV9_PLAYO,1.0,,,,,,1,,,,
Q73I90,Q73I90_WOLPM,1.0,,,,,,1,,,,
Q73I85,Q73I85_WOLPM,1.0,,,,,,1,,,,
Q73I82,Q73I82_WOLPM,1.0,,,,,,1,,,,
Q6J757,Q6J757_RAT,1.0,,,,,,1,,,,
Q6DIZ3,Q6DIZ3_XENTR,1.0,,,,,,1,,,,
Q6DJ84,Q6DJ84_XENTR,1.0,,,,,,1,,,,
Q6DRG7,MYPT1_DANRE,1.0,,,,,,1,,,,
Q6ERI3,Q6ERI3_ORYSJ,1.0,,,,,,1,,,,
Q6F6B3,TANC1_RAT,1.0,,,,,,1,,,,
Q6GL40,Q6GL40_XENTR,1.0,,,,,,1,,,,
Q6GQW0,BTBDB_MOUSE,1.0,,,,,,1,,,,
Q6GQX6,ANKS6_MOUSE,1.0,,,,,,1,,,,
Q6J9I7,Q6J9I7_PANTR,1.0,,,,,,1,,,,
Q73I01,Q73I01_WOLPM,1.0,,,,,,1,,,,
Q6JAN1,INVS_CANFA,1.0,,,,,,1,,,,
Q6K195,Q6K195_DANRE,1.0,,,,,,1,,,,
Q6K196,Q6K196_DANRE,1.0,,,,,,1,,,,
Q6K268,Q6K268_ORYSJ,1.0,,,,,,1,,,,
Q6K4H9,Q6K4H9_ORYSJ,1.0,,,,,,1,,,,
Q6K4I4,Q6K4I4_ORYSJ,1.0,,,,,,1,,,,
Q6K5N5,Q6K5N5_ORYSJ,1.0,,,,,,1,,,,
Q6K5P4,Q6K5P4_ORYSJ,1.0,,,,,,1,,,,
Q6DGX3,ANR54_DANRE,1.0,,,,,,1,,,,
Q6DGH5,Q6DGH5_DANRE,1.0,,,,,,1,,,,
Q6DF00,Q6DF00_XENTR,1.0,,,,,,1,,,,
Q6C520,AKR1_YARLI,1.0,,,,,,1,,,,
Q66H07,FANK1_RAT,1.0,,,,,,1,,,,
Q66JD7,ACBD6_XENTR,1.0,,,,,,1,,,,
Q66NG2,Q66NG2_ORYLA,1.0,,,,,,1,,,,
Q67WP3,Q67WP3_ORYSJ,1.0,,,,,,1,,,,
Q689C7,Q689C7_PLAFA,1.0,,,,,,1,,,,
Q68DC2,ANKS6_HUMAN,1.0,,,,,,1,,,,
Q68EL0,Q68EL0_DANRE,1.0,,,,,,1,,,,
Q68LP1,MIB2_RAT,1.0,,,,,,1,,,,
Q69IU6,Q69IU6_ORYSJ,1.0,,,,,,1,,,,
Q69S55,Q69S55_ORYSJ,1.0,,,,,,1,,,,
Q69ZU8,ANKR6_MOUSE,1.0,,,,,,1,,,,
Q6AFL2,Y958_LEIXX,1.0,,,,,,1,,,,
Q6AWW5,Y5262_ARATH,1.0,,,,,,1,,,,
Q6AXT6,Q6AXT6_RAT,1.0,,,,,,1,,,,
Q6AYC9,Q6AYC9_RAT,1.0,,,,,,1,,,,
Q6B858,FANK1_BOVIN,1.0,,,,,,1,,,,
Q6BP80,AKR1_DEBHA,1.0,,,,,,1,,,,
Q6KAE5,XB32_ORYSJ,1.0,,,,,,1,,,,
Q6MAN6,Q6MAN6_PARUW,1.0,,,,,,1,,,,
Q6MAR1,Q6MAR1_PARUW,1.0,,,,,,1,,,,
Q6S8J3,POTEE_HUMAN,1.0,,,,,,1,,,,
Q6TNT2,ANR46_DANRE,1.0,,,,,,1,,,,
Q6UB98,ANR12_HUMAN,1.0,,,,,,1,,,,
Q6UB99,ANR11_HUMAN,1.0,,,,,,1,,,,
Q6W2J9,BCOR_HUMAN,1.0,,,,,,1,,,,
Q6ZVH7,ESPNL_HUMAN,1.0,,,,,,1,,,,
Q6ZVZ8,ASB18_HUMAN,1.0,,,,,,1,,,,
Q6ZW76,ANKS3_HUMAN,1.0,,,,,,1,,,,
Q736L7,Q736L7_BACC1,1.0,,,,,,1,,,,
Q73DT5,Q73DT5_BACC1,1.0,,,,,,1,,,,
Q73H10,Q73H10_WOLPM,1.0,,,,,,1,,,,
Q73HC9,Q73HC9_WOLPM,1.0,,,,,,1,,,,
Q73HD0,Q73HD0_WOLPM,1.0,,,,,,1,,,,
Q73HD3,Q73HD3_WOLPM,1.0,,,,,,1,,,,
Q73HG6,Q73HG6_WOLPM,1.0,,,,,,1,,,,
Q73HK7,Q73HK7_WOLPM,1.0,,,,,,1,,,,
Q73HN5,Q73HN5_WOLPM,1.0,,,,,,1,,,,
Q73HP8,Q73HP8_WOLPM,1.0,,,,,,1,,,,
Q6S8J7,POTEA_HUMAN,1.0,,,,,,1,,,,
Q6S5H5,POTEG_HUMAN,1.0,,,,,,1,,,,
Q6MG72,Q6MG72_RAT,1.0,,,,,,1,,,,
Q6S5H4,POTEB_HUMAN,1.0,,,,,,1,,,,
Q6MG89,Q6MG89_RAT,1.0,,,,,,1,,,,
Q6NLQ8,XB32_ARATH,1.0,,,,,,1,,,,
Q6NSI1,AR26L_HUMAN,1.0,,,,,,1,,,,
Q6NXT1,ANR54_HUMAN,1.0,,,,,,1,,,,
Q6NY19,KANK3_HUMAN,1.0,,,,,,1,,,,
Q6NZL6,TONSL_MOUSE,1.0,,,,,,1,,,,
Q6NZU6,Q6NZU6_DANRE,1.0,,,,,,1,,,,
Q6P6B7,ANR16_HUMAN,1.0,,,,,,1,,,,
Q6P780,Q6P780_RAT,1.0,,,,,,1,,,,
Q6P9J5,KANK4_MOUSE,1.0,,,,,,1,,,,
Q6P9K8,CSKI1_MOUSE,1.0,,,,,,1,,,,
Q6PFX9,TNKS1_MOUSE,1.0,,,,,,1,,,,
Q6PHD6,Q6PHD6_DANRE,1.0,,,,,,1,,,,
Q6Q287,Q6Q287_RAT,1.0,,,,,,1,,,,
Q6QA70,Q6QA70_HUMAN,1.0,,,,,,1,,,,
Q6RI86,TRPA1_RAT,1.0,,,,,,1,,,,
Q6S545,POTEH_HUMAN,1.0,,,,,,1,,,,
D0J0P8,D0J0P8_COMT2,1.0,,,,,,1,,,,
C9RJN3,C9RJN3_FIBSS,1.0,,,,,,1,,,,
B0W6F8,B0W6F8_CULQU,1.0,,,,,,1,,,,
B4MN83,B4MN83_DROWI,1.0,,,,,,1,,,,
B4ME93,B4ME93_DROVI,1.0,,,,,,1,,,,
B4MEW4,B4MEW4_DROVI,1.0,,,,,,1,,,,
B4MF25,B4MF25_DROVI,1.0,,,,,,1,,,,
B4MK69,B4MK69_DROWI,1.0,,,,,,1,,,,
B4ML54,B4ML54_DROWI,1.0,,,,,,1,,,,
B4MLI4,B4MLI4_DROWI,1.0,,,,,,1,,,,
B4MMD0,B4MMD0_DROWI,1.0,,,,,,1,,,,
B4MN14,B4MN14_DROWI,1.0,,,,,,1,,,,
B4MPI5,B4MPI5_DROWI,1.0,,,,,,1,,,,
B4N114,B4N114_DROWI,1.0,,,,,,1,,,,
B4MPJ8,B4MPJ8_DROWI,1.0,,,,,,1,,,,
B4MQ04,B4MQ04_DROWI,1.0,,,,,,1,,,,
B4MRE5,B4MRE5_DROWI,1.0,,,,,,1,,,,
B4MU63,B4MU63_DROWI,1.0,,,,,,1,,,,
B4MVL1,B4MVL1_DROWI,1.0,,,,,,1,,,,
B4MYG4,B4MYG4_DROWI,1.0,,,,,,1,,,,
B4MZ73,B4MZ73_DROWI,1.0,,,,,,1,,,,
B4N003,B4N003_DROWI,1.0,,,,,,1,,,,
B4MDA3,B4MDA3_DROVI,1.0,,,,,,1,,,,
B4MCT2,B4MCT2_DROVI,1.0,,,,,,1,,,,
B4MCC1,B4MCC1_DROVI,1.0,,,,,,1,,,,
B4MBJ4,B4MBJ4_DROVI,1.0,,,,,,1,,,,
B4LTV7,B4LTV7_DROVI,1.0,,,,,,1,,,,
B4LTV9,B4LTV9_DROVI,1.0,,,,,,1,,,,
B4LU24,B4LU24_DROVI,1.0,,,,,,1,,,,
B4LWN9,B4LWN9_DROVI,1.0,,,,,,1,,,,
B4LXA7,B4LXA7_DROVI,1.0,,,,,,1,,,,
B4LXU8,B4LXU8_DROVI,1.0,,,,,,1,,,,
B4M017,B4M017_DROVI,1.0,,,,,,1,,,,
B4M0L4,B4M0L4_DROVI,1.0,,,,,,1,,,,
B4M0Q9,B4M0Q9_DROVI,1.0,,,,,,1,,,,
B4M0V1,B4M0V1_DROVI,1.0,,,,,,1,,,,
B4M171,B4M171_DROVI,1.0,,,,,,1,,,,
B4M4N0,B4M4N0_DROVI,1.0,,,,,,1,,,,
B4M5Q9,B4M5Q9_DROVI,1.0,,,,,,1,,,,
B4M655,B4M655_DROVI,1.0,,,,,,1,,,,
B4M7I5,B4M7I5_DROVI,1.0,,,,,,1,,,,
B4M9F6,B4M9F6_DROVI,1.0,,,,,,1,,,,
B4MAC2,B4MAC2_DROVI,1.0,,,,,,1,,,,
B4N0Y3,B4N0Y3_DROWI,1.0,,,,,,1,,,,
B4N115,B4N115_DROWI,1.0,,,,,,1,,,,
B4LSF8,B4LSF8_DROVI,1.0,,,,,,1,,,,
B4NX98,B4NX98_DROYA,1.0,,,,,,1,,,,
B4NIW9,B4NIW9_DROWI,1.0,,,,,,1,,,,
B4NJD5,B4NJD5_DROWI,1.0,,,,,,1,,,,
B4NKK4,B4NKK4_DROWI,1.0,,,,,,1,,,,
B4NPB4,B4NPB4_DROWI,1.0,,,,,,1,,,,
B4NPX8,B4NPX8_DROWI,1.0,,,,,,1,,,,
B4NQ59,B4NQ59_DROWI,1.0,,,,,,1,,,,
B4NQM7,B4NQM7_DROWI,1.0,,,,,,1,,,,
B4NQZ3,B4NQZ3_DROWI,1.0,,,,,,1,,,,
B4NYQ3,B4NYQ3_DROYA,1.0,,,,,,1,,,,
B4N1I0,B4N1I0_DROWI,1.0,,,,,,1,,,,
B4P068,B4P068_DROYA,1.0,,,,,,1,,,,
B4P0X0,B4P0X0_DROYA,1.0,,,,,,1,,,,
B4P1Y8,B4P1Y8_DROYA,1.0,,,,,,1,,,,
B4P2P6,B4P2P6_DROYA,1.0,,,,,,1,,,,
B4P3U0,B4P3U0_DROYA,1.0,,,,,,1,,,,
B4P3U1,B4P3U1_DROYA,1.0,,,,,,1,,,,
B4P6L7,B4P6L7_DROYA,1.0,,,,,,1,,,,
B4P7R7,B4P7R7_DROYA,1.0,,,,,,1,,,,
B4NI42,B4NI42_DROWI,1.0,,,,,,1,,,,
B4NHJ3,B4NHJ3_DROWI,1.0,,,,,,1,,,,
B4NGQ6,B4NGQ6_DROWI,1.0,,,,,,1,,,,
B4NCY3,B4NCY3_DROWI,1.0,,,,,,1,,,,
B4N427,B4N427_DROWI,1.0,,,,,,1,,,,
B4N485,B4N485_DROWI,1.0,,,,,,1,,,,
B4N4H7,B4N4H7_DROWI,1.0,,,,,,1,,,,
B4N6V2,B4N6V2_DROWI,1.0,,,,,,1,,,,
B4N6W5,B4N6W5_DROWI,1.0,,,,,,1,,,,
B4N6W8,B4N6W8_DROWI,1.0,,,,,,1,,,,
B4N727,B4N727_DROWI,1.0,,,,,,1,,,,
B4N730,B4N730_DROWI,1.0,,,,,,1,,,,
B4N775,B4N775_DROWI,1.0,,,,,,1,,,,
B4N8D0,B4N8D0_DROWI,1.0,,,,,,1,,,,
B4N8M8,B4N8M8_DROWI,1.0,,,,,,1,,,,
B4N8P4,B4N8P4_DROWI,1.0,,,,,,1,,,,
B4N928,B4N928_DROWI,1.0,,,,,,1,,,,
B4N9R9,B4N9R9_DROWI,1.0,,,,,,1,,,,
B4NAF9,B4NAF9_DROWI,1.0,,,,,,1,,,,
B4NAP1,B4NAP1_DROWI,1.0,,,,,,1,,,,
B4NC83,B4NC83_DROWI,1.0,,,,,,1,,,,
B4LTD2,B4LTD2_DROVI,1.0,,,,,,1,,,,
B4LS35,B4LS35_DROVI,1.0,,,,,,1,,,,
B4P9E0,B4P9E0_DROYA,1.0,,,,,,1,,,,
B4J5Y7,B4J5Y7_DROGR,1.0,,,,,,1,,,,
B4IYJ7,B4IYJ7_DROGR,1.0,,,,,,1,,,,
B4J133,B4J133_DROGR,1.0,,,,,,1,,,,
B4J225,B4J225_DROGR,1.0,,,,,,1,,,,
B4J226,B4J226_DROGR,1.0,,,,,,1,,,,
B4J321,B4J321_DROGR,1.0,,,,,,1,,,,
B4J3L7,B4J3L7_DROGR,1.0,,,,,,1,,,,
B4J3N8,B4J3N8_DROGR,1.0,,,,,,1,,,,
B4J5M1,B4J5M1_DROGR,1.0,,,,,,1,,,,
B4J7H6,B4J7H6_DROGR,1.0,,,,,,1,,,,
B4JGZ1,B4JGZ1_DROGR,1.0,,,,,,1,,,,
B4J964,B4J964_DROGR,1.0,,,,,,1,,,,
B4J9E6,B4J9E6_DROGR,1.0,,,,,,1,,,,
B4JAB5,B4JAB5_DROGR,1.0,,,,,,1,,,,
B4JAG5,B4JAG5_DROGR,1.0,,,,,,1,,,,
B4JAL8,B4JAL8_DROGR,1.0,,,,,,1,,,,
B4JAS6,B4JAS6_DROGR,1.0,,,,,,1,,,,
B4JAW4,B4JAW4_DROGR,1.0,,,,,,1,,,,
B4JBT9,B4JBT9_DROGR,1.0,,,,,,1,,,,
B4IYF7,B4IYF7_DROGR,1.0,,,,,,1,,,,
B4IXY6,B4IXY6_DROGR,1.0,,,,,,1,,,,
B4IX91,B4IX91_DROGR,1.0,,,,,,1,,,,
B4IX88,B4IX88_DROGR,1.0,,,,,,1,,,,
B3S6K3,B3S6K3_TRIAD,1.0,,,,,,1,,,,
B3S7J4,B3S7J4_TRIAD,1.0,,,,,,1,,,,
B3S843,B3S843_TRIAD,1.0,,,,,,1,,,,
B3S9D2,B3S9D2_TRIAD,1.0,,,,,,1,,,,
B3SCY4,B3SCY4_TRIAD,1.0,,,,,,1,,,,
B3SDY9,B3SDY9_TRIAD,1.0,,,,,,1,,,,
B3SE67,B3SE67_TRIAD,1.0,,,,,,1,,,,
B3TZB9,B3TZB9_CHICK,1.0,,,,,,1,,,,
B3VTB0,B3VTB0_SORBI,1.0,,,,,,1,,,,
B4DEL8,B4DEL8_HUMAN,1.0,,,,,,1,,,,
B4EBI9,B4EBI9_BURCJ,1.0,,,,,,1,,,,
B4EF75,B4EF75_BURCJ,1.0,,,,,,1,,,,
B4F6U5,B4F6U5_XENTR,1.0,,,,,,1,,,,
B4ITH9,B4ITH9_DROYA,1.0,,,,,,1,,,,
B4ITV2,B4ITV2_DROYA,1.0,,,,,,1,,,,
B4ITV5,B4ITV5_DROYA,1.0,,,,,,1,,,,
B4IWU4,B4IWU4_DROGR,1.0,,,,,,1,,,,
B4JCG5,B4JCG5_DROGR,1.0,,,,,,1,,,,
B4JH34,B4JH34_DROGR,1.0,,,,,,1,,,,
B4LS20,B4LS20_DROVI,1.0,,,,,,1,,,,
B4LGR8,B4LGR8_DROVI,1.0,,,,,,1,,,,
B4LCC3,B4LCC3_DROVI,1.0,,,,,,1,,,,
B4LCC4,B4LCC4_DROVI,1.0,,,,,,1,,,,
B4LDZ7,B4LDZ7_DROVI,1.0,,,,,,1,,,,
B4LEP7,B4LEP7_DROVI,1.0,,,,,,1,,,,
B4LFX3,B4LFX3_DROVI,1.0,,,,,,1,,,,
B4LG30,B4LG30_DROVI,1.0,,,,,,1,,,,
B4LGN5,B4LGN5_DROVI,1.0,,,,,,1,,,,
B4LGR6,B4LGR6_DROVI,1.0,,,,,,1,,,,
B4LH92,B4LH92_DROVI,1.0,,,,,,1,,,,
B4JHT7,B4JHT7_DROGR,1.0,,,,,,1,,,,
B4LHA7,B4LHA7_DROVI,1.0,,,,,,1,,,,
B4LL74,B4LL74_DROVI,1.0,,,,,,1,,,,
B4LLK5,B4LLK5_DROVI,1.0,,,,,,1,,,,
B4LMF8,B4LMF8_DROVI,1.0,,,,,,1,,,,
B4LNR6,B4LNR6_DROVI,1.0,,,,,,1,,,,
B4LPI2,B4LPI2_DROVI,1.0,,,,,,1,,,,
B4LQD4,B4LQD4_DROVI,1.0,,,,,,1,,,,
B4LRY8,B4LRY8_DROVI,1.0,,,,,,1,,,,
B4LC26,B4LC26_DROVI,1.0,,,,,,1,,,,
B4K3L2,B4K3L2_DROGR,1.0,,,,,,1,,,,
B4K2W2,B4K2W2_DROGR,1.0,,,,,,1,,,,
B4K253,B4K253_DROGR,1.0,,,,,,1,,,,
B4JI37,B4JI37_DROGR,1.0,,,,,,1,,,,
B4JJG8,B4JJG8_DROGR,1.0,,,,,,1,,,,
B4JKD8,B4JKD8_DROGR,1.0,,,,,,1,,,,
B4JKE3,B4JKE3_DROGR,1.0,,,,,,1,,,,
B4JML5,B4JML5_DROGR,1.0,,,,,,1,,,,
B4JN02,B4JN02_DROGR,1.0,,,,,,1,,,,
B4JQN9,B4JQN9_DROGR,1.0,,,,,,1,,,,
B4JRI7,B4JRI7_DROGR,1.0,,,,,,1,,,,
B4JS14,B4JS14_DROGR,1.0,,,,,,1,,,,
B4JTE5,B4JTE5_DROGR,1.0,,,,,,1,,,,
B4JTX2,B4JTX2_DROGR,1.0,,,,,,1,,,,
B4JUA1,B4JUA1_DROGR,1.0,,,,,,1,,,,
B4JVH5,B4JVH5_DROGR,1.0,,,,,,1,,,,
B4JYA0,B4JYA0_DROGR,1.0,,,,,,1,,,,
B4JYT6,B4JYT6_DROGR,1.0,,,,,,1,,,,
B4JZG3,B4JZG3_DROGR,1.0,,,,,,1,,,,
B4JZS6,B4JZS6_DROGR,1.0,,,,,,1,,,,
B4P830,B4P830_DROYA,1.0,,,,,,1,,,,
B4PA29,B4PA29_DROYA,1.0,,,,,,1,,,,
C9JTQ0,ANR63_HUMAN,1.0,,,,,,1,,,,
B6HM65,B6HM65_PENCW,1.0,,,,,,1,,,,
B6HIR4,B6HIR4_PENCW,1.0,,,,,,1,,,,
B6HJB2,B6HJB2_PENCW,1.0,,,,,,1,,,,
B6HJB8,B6HJB8_PENCW,1.0,,,,,,1,,,,
B6HJF2,B6HJF2_PENCW,1.0,,,,,,1,,,,
B6HJM8,B6HJM8_PENCW,1.0,,,,,,1,,,,
B6HJM9,B6HJM9_PENCW,1.0,,,,,,1,,,,
B6HKH7,B6HKH7_PENCW,1.0,,,,,,1,,,,
B6HLJ1,B6HLJ1_PENCW,1.0,,,,,,1,,,,
B6HPB2,B6HPB2_PENCW,1.0,,,,,,1,,,,
B6HWF6,B6HWF6_PENCW,1.0,,,,,,1,,,,
B6HQ52,B6HQ52_PENCW,1.0,,,,,,1,,,,
B6HRN3,B6HRN3_PENCW,1.0,,,,,,1,,,,
B6HSU7,B6HSU7_PENCW,1.0,,,,,,1,,,,
B6HSZ6,B6HSZ6_PENCW,1.0,,,,,,1,,,,
B6HTV0,B6HTV0_PENCW,1.0,,,,,,1,,,,
B6HVV9,B6HVV9_PENCW,1.0,,,,,,1,,,,
B6HW23,B6HW23_PENCW,1.0,,,,,,1,,,,
B6HW74,B6HW74_PENCW,1.0,,,,,,1,,,,
B6HIP2,B6HIP2_PENCW,1.0,,,,,,1,,,,
B6HI20,B6HI20_PENCW,1.0,,,,,,1,,,,
B6HH12,B6HH12_PENCW,1.0,,,,,,1,,,,
B6HH01,B6HH01_PENCW,1.0,,,,,,1,,,,
B6HA66,B6HA66_PENCW,1.0,,,,,,1,,,,
B6HA86,B6HA86_PENCW,1.0,,,,,,1,,,,
B6HA91,B6HA91_PENCW,1.0,,,,,,1,,,,
B6HAK5,B6HAK5_PENCW,1.0,,,,,,1,,,,
B6HAV2,B6HAV2_PENCW,1.0,,,,,,1,,,,
B6HAY4,B6HAY4_PENCW,1.0,,,,,,1,,,,
B6HB33,B6HB33_PENCW,1.0,,,,,,1,,,,
B6HBF6,B6HBF6_PENCW,1.0,,,,,,1,,,,
B6HBK9,B6HBK9_PENCW,1.0,,,,,,1,,,,
B6HCV8,B6HCV8_PENCW,1.0,,,,,,1,,,,
B6HD52,B6HD52_PENCW,1.0,,,,,,1,,,,
B6HF29,B6HF29_PENCW,1.0,,,,,,1,,,,
B6HFQ4,B6HFQ4_PENCW,1.0,,,,,,1,,,,
B6HG69,B6HG69_PENCW,1.0,,,,,,1,,,,
B6HGE5,B6HGE5_PENCW,1.0,,,,,,1,,,,
B6HGF4,B6HGF4_PENCW,1.0,,,,,,1,,,,
B6HGH4,B6HGH4_PENCW,1.0,,,,,,1,,,,
B6HWA8,B6HWA8_PENCW,1.0,,,,,,1,,,,
B6HWJ6,B6HWJ6_PENCW,1.0,,,,,,1,,,,
B6H904,B6H904_PENCW,1.0,,,,,,1,,,,
B7J1X0,B7J1X0_BORBZ,1.0,,,,,,1,,,,
B7H730,B7H730_BACC4,1.0,,,,,,1,,,,
B7H9X2,B7H9X2_BACC4,1.0,,,,,,1,,,,
B7HA77,B7HA77_BACC4,1.0,,,,,,1,,,,
B7HV71,B7HV71_BACC7,1.0,,,,,,1,,,,
B7I206,B7I206_ACIB5,1.0,,,,,,1,,,,
B7IJS9,B7IJS9_BACC2,1.0,,,,,,1,,,,
B7IKT5,B7IKT5_BACC2,1.0,,,,,,1,,,,
B7IWT9,B7IWT9_BACC2,1.0,,,,,,1,,,,
B7JA79,B7JA79_ACIF2,1.0,,,,,,1,,,,
B6HWX5,B6HWX5_PENCW,1.0,,,,,,1,,,,
B7JPF3,B7JPF3_BACC0,1.0,,,,,,1,,,,
B7JS46,B7JS46_BACC0,1.0,,,,,,1,,,,
B7KG57,B7KG57_CYAP7,1.0,,,,,,1,,,,
B7KGA7,B7KGA7_CYAP7,1.0,,,,,,1,,,,
B7KN91,B7KN91_METC4,1.0,,,,,,1,,,,
B7L448,B7L448_ECO55,1.0,,,,,,1,,,,
B7LSD0,B7LSD0_ESCF3,1.0,,,,,,1,,,,
B7LT14,B7LT14_ESCF3,1.0,,,,,,1,,,,
B7H4H5,B7H4H5_ACIB3,1.0,,,,,,1,,,,
B7H308,B7H308_ACIB3,1.0,,,,,,1,,,,
B7GH42,B7GH42_ANOFW,1.0,,,,,,1,,,,
B7E8K4,B7E8K4_ORYSJ,1.0,,,,,,1,,,,
B6HX29,B6HX29_PENCW,1.0,,,,,,1,,,,
B6HX38,B6HX38_PENCW,1.0,,,,,,1,,,,
B6HX40,B6HX40_PENCW,1.0,,,,,,1,,,,
B6I099,B6I099_ECOSE,1.0,,,,,,1,,,,
B6I5M5,B6I5M5_ECOSE,1.0,,,,,,1,,,,
B6IBD8,B6IBD8_ECOSE,1.0,,,,,,1,,,,
B6IBD9,B6IBD9_ECOSE,1.0,,,,,,1,,,,
B6IZR3,B6IZR3_COXB2,1.0,,,,,,1,,,,
B6J1N0,B6J1N0_COXB2,1.0,,,,,,1,,,,
B6J2V9,B6J2V9_COXB2,1.0,,,,,,1,,,,
B6J5J1,B6J5J1_COXB1,1.0,,,,,,1,,,,
B6J6T5,B6J6T5_COXB1,1.0,,,,,,1,,,,
B6J8A8,B6J8A8_COXB1,1.0,,,,,,1,,,,
B6J8I6,B6J8I6_COXB1,1.0,,,,,,1,,,,
B6JEX3,B6JEX3_OLICO,1.0,,,,,,1,,,,
B6VBM1,B6VBM1_CAEBE,1.0,,,,,,1,,,,
B7E3W8,B7E3W8_ORYSJ,1.0,,,,,,1,,,,
B6HA51,B6HA51_PENCW,1.0,,,,,,1,,,,
B6H8S8,B6H8S8_PENCW,1.0,,,,,,1,,,,
B4PAF4,B4PAF4_DROYA,1.0,,,,,,1,,,,
B4SLZ5,B4SLZ5_STRM5,1.0,,,,,,1,,,,
B4PVG3,B4PVG3_DROYA,1.0,,,,,,1,,,,
B4PVY1,B4PVY1_DROYA,1.0,,,,,,1,,,,
B4PWJ4,B4PWJ4_DROYA,1.0,,,,,,1,,,,
B4Q0G6,B4Q0G6_DROYA,1.0,,,,,,1,,,,
B4Q0L7,B4Q0L7_DROYA,1.0,,,,,,1,,,,
B4Q285,B4Q285_DROYA,1.0,,,,,,1,,,,
B4RLH2,B4RLH2_NEIG2,1.0,,,,,,1,,,,
B4SL98,B4SL98_STRM5,1.0,,,,,,1,,,,
B4SMZ5,B4SMZ5_STRM5,1.0,,,,,,1,,,,
B5FZ83,B5FZ83_TAEGU,1.0,,,,,,1,,,,
B4SNP3,B4SNP3_STRM5,1.0,,,,,,1,,,,
B4YLN1,B4YLN1_HORSE,1.0,,,,,,1,,,,
B5DEH9,B5DEH9_RAT,1.0,,,,,,1,,,,
B5DEZ7,B5DEZ7_RAT,1.0,,,,,,1,,,,
B5DF17,B5DF17_RAT,1.0,,,,,,1,,,,
B5DF97,B5DF97_RAT,1.0,,,,,,1,,,,
B5E967,B5E967_GEOBB,1.0,,,,,,1,,,,
B5EQV8,B5EQV8_ACIF5,1.0,,,,,,1,,,,
B4PV14,B4PV14_DROYA,1.0,,,,,,1,,,,
B4PU59,B4PU59_DROYA,1.0,,,,,,1,,,,
B4PTQ1,B4PTQ1_DROYA,1.0,,,,,,1,,,,
B4PTI2,B4PTI2_DROYA,1.0,,,,,,1,,,,
B4PC33,B4PC33_DROYA,1.0,,,,,,1,,,,
B4PC54,B4PC54_DROYA,1.0,,,,,,1,,,,
B4PCA6,B4PCA6_DROYA,1.0,,,,,,1,,,,
B4PCA9,B4PCA9_DROYA,1.0,,,,,,1,,,,
B4PD17,B4PD17_DROYA,1.0,,,,,,1,,,,
B4PDX3,B4PDX3_DROYA,1.0,,,,,,1,,,,
B4PDX4,B4PDX4_DROYA,1.0,,,,,,1,,,,
B4PFH6,B4PFH6_DROYA,1.0,,,,,,1,,,,
B4PG81,B4PG81_DROYA,1.0,,,,,,1,,,,
B4PJ07,B4PJ07_DROYA,1.0,,,,,,1,,,,
B4PKZ3,B4PKZ3_DROYA,1.0,,,,,,1,,,,
B4PN79,B4PN79_DROYA,1.0,,,,,,1,,,,
B4PQR5,B4PQR5_DROYA,1.0,,,,,,1,,,,
B4PRD7,B4PRD7_DROYA,1.0,,,,,,1,,,,
B4PRD8,B4PRD8_DROYA,1.0,,,,,,1,,,,
B4PRR5,B4PRR5_DROYA,1.0,,,,,,1,,,,
B4PS96,B4PS96_DROYA,1.0,,,,,,1,,,,
B5FA39,B5FA39_VIBFM,1.0,,,,,,1,,,,
B5FZI0,B5FZI0_TAEGU,1.0,,,,,,1,,,,
B6H8P5,B6H8P5_PENCW,1.0,,,,,,1,,,,
B6H3A5,B6H3A5_PENCW,1.0,,,,,,1,,,,
B6H0N5,B6H0N5_PENCW,1.0,,,,,,1,,,,
B6H174,B6H174_PENCW,1.0,,,,,,1,,,,
B6H1D1,B6H1D1_PENCW,1.0,,,,,,1,,,,
B6H1G5,B6H1G5_PENCW,1.0,,,,,,1,,,,
B6H1P6,B6H1P6_PENCW,1.0,,,,,,1,,,,
B6H217,B6H217_PENCW,1.0,,,,,,1,,,,
B6H2K0,B6H2K0_PENCW,1.0,,,,,,1,,,,
B6H2U3,B6H2U3_PENCW,1.0,,,,,,1,,,,
B6H5Y0,B6H5Y0_PENCW,1.0,,,,,,1,,,,
B5RLW0,B5RLW0_BORDL,1.0,,,,,,1,,,,
B6H5Y1,B6H5Y1_PENCW,1.0,,,,,,1,,,,
B6H5Y7,B6H5Y7_PENCW,1.0,,,,,,1,,,,
B6H648,B6H648_PENCW,1.0,,,,,,1,,,,
B6H7C4,B6H7C4_PENCW,1.0,,,,,,1,,,,
B6H7T2,B6H7T2_PENCW,1.0,,,,,,1,,,,
B6H7U7,B6H7U7_PENCW,1.0,,,,,,1,,,,
B6H7U8,B6H7U8_PENCW,1.0,,,,,,1,,,,
B6H8I5,B6H8I5_PENCW,1.0,,,,,,1,,,,
B6H0F1,B6H0F1_PENCW,1.0,,,,,,1,,,,
B6H085,B6H085_PENCW,1.0,,,,,,1,,,,
B6GZS0,B6GZS0_PENCW,1.0,,,,,,1,,,,
B6GY99,B6GY99_PENCW,1.0,,,,,,1,,,,
B5RRK8,B5RRK8_BORRA,1.0,,,,,,1,,,,
B5TAM4,B5TAM4_CANAX,1.0,,,,,,1,,,,
B5X0K8,B5X0K8_DROME,1.0,,,,,,1,,,,
B5XN07,B5XN07_KLEP3,1.0,,,,,,1,,,,
B5YH40,B5YH40_THEYD,1.0,,,,,,1,,,,
B5YMJ9,B5YMJ9_THAPS,1.0,,,,,,1,,,,
B5YQ08,B5YQ08_ECO5E,1.0,,,,,,1,,,,
B5YQH4,B5YQH4_ECO5E,1.0,,,,,,1,,,,
B5YXB1,B5YXB1_ECO5E,1.0,,,,,,1,,,,
B5Z0A9,B5Z0A9_ECO5E,1.0,,,,,,1,,,,
B5Z0L0,B5Z0L0_ECO5E,1.0,,,,,,1,,,,
B5Z1R6,B5Z1R6_ECO5E,1.0,,,,,,1,,,,
B5ZF56,B5ZF56_GLUDA,1.0,,,,,,1,,,,
B6D5I5,B6D5I5_DANRE,1.0,,,,,,1,,,,
B6GW27,B6GW27_PENCW,1.0,,,,,,1,,,,
B6GWB3,B6GWB3_PENCW,1.0,,,,,,1,,,,
B6GWX4,B6GWX4_PENCW,1.0,,,,,,1,,,,
B3S5N2,B3S5N2_TRIAD,1.0,,,,,,1,,,,
B3S116,B3S116_TRIAD,1.0,,,,,,1,,,,
B3RZX3,B3RZX3_TRIAD,1.0,,,,,,1,,,,
B2I5J7,B2I5J7_XYLF2,1.0,,,,,,1,,,,
B2FNF6,B2FNF6_STRMK,1.0,,,,,,1,,,,
B2GKD9,B2GKD9_KOCRD,1.0,,,,,,1,,,,
B2GU35,B2GU35_XENTR,1.0,,,,,,1,,,,
B2GU82,B2GU82_XENTR,1.0,,,,,,1,,,,
B2GU85,B2GU85_XENTR,1.0,,,,,,1,,,,
B2GUN5,B2GUN5_XENTR,1.0,,,,,,1,,,,
B2HXM7,B2HXM7_ACIBC,1.0,,,,,,1,,,,
B2I1P2,B2I1P2_ACIBC,1.0,,,,,,1,,,,
B2IH98,B2IH98_BEII9,1.0,,,,,,1,,,,
B2KC90,B2KC90_ELUMP,1.0,,,,,,1,,,,
B2J3F4,B2J3F4_NOSP7,1.0,,,,,,1,,,,
B2J5Z3,B2J5Z3_NOSP7,1.0,,,,,,1,,,,
B2JGQ0,B2JGQ0_BURP8,1.0,,,,,,1,,,,
B2JPV7,B2JPV7_BURP8,1.0,,,,,,1,,,,
B2JYC9,B2JYC9_BURP8,1.0,,,,,,1,,,,
B2K1M3,B2K1M3_YERPB,1.0,,,,,,1,,,,
B2K5A1,B2K5A1_YERPB,1.0,,,,,,1,,,,
B2KA59,B2KA59_YERPB,1.0,,,,,,1,,,,
B2FN97,B2FN97_STRMK,1.0,,,,,,1,,,,
B2FJ12,B2FJ12_STRMK,1.0,,,,,,1,,,,
B2FIH7,B2FIH7_STRMK,1.0,,,,,,1,,,,
B2DD01,B2DD01_PIG,1.0,,,,,,1,,,,
B1VSC0,B1VSC0_STRGG,1.0,,,,,,1,,,,
B1W0S3,B1W0S3_STRGG,1.0,,,,,,1,,,,
B1W4D0,B1W4D0_STRGG,1.0,,,,,,1,,,,
B1WC29,B1WC29_RAT,1.0,,,,,,1,,,,
B1WRJ1,B1WRJ1_CYAA5,1.0,,,,,,1,,,,
B1WVS9,B1WVS9_CYAA5,1.0,,,,,,1,,,,
B1WX66,B1WX66_CYAA5,1.0,,,,,,1,,,,
B1XC16,B1XC16_ECODH,1.0,,,,,,1,,,,
B1XEU3,B1XEU3_ECODH,1.0,,,,,,1,,,,
B1XM98,B1XM98_SYNP2,1.0,,,,,,1,,,,
B1Y6U6,B1Y6U6_LEPCP,1.0,,,,,,1,,,,
B1YFA7,B1YFA7_EXIS2,1.0,,,,,,1,,,,
B1YJU4,B1YJU4_EXIS2,1.0,,,,,,1,,,,
B1YMI2,B1YMI2_EXIS2,1.0,,,,,,1,,,,
B1YRL0,B1YRL0_BURA4,1.0,,,,,,1,,,,
B1ZGW6,B1ZGW6_METPB,1.0,,,,,,1,,,,
B1ZVE9,B1ZVE9_OPITP,1.0,,,,,,1,,,,
B2KBS8,B2KBS8_ELUMP,1.0,,,,,,1,,,,
B2KCY9,B2KCY9_ELUMP,1.0,,,,,,1,,,,
B1MEI8,B1MEI8_MYCA9,1.0,,,,,,1,,,,
B3CLS3,B3CLS3_WOLPP,1.0,,,,,,1,,,,
B3CLH8,B3CLH8_WOLPP,1.0,,,,,,1,,,,
B3CLI8,B3CLI8_WOLPP,1.0,,,,,,1,,,,
B3CLJ2,B3CLJ2_WOLPP,1.0,,,,,,1,,,,
B3CLM8,B3CLM8_WOLPP,1.0,,,,,,1,,,,
B3CLM9,B3CLM9_WOLPP,1.0,,,,,,1,,,,
B3CLR9,B3CLR9_WOLPP,1.0,,,,,,1,,,,
B3CLS0,B3CLS0_WOLPP,1.0,,,,,,1,,,,
B3CLS1,B3CLS1_WOLPP,1.0,,,,,,1,,,,
B3CLV3,B3CLV3_WOLPP,1.0,,,,,,1,,,,
B2KDM7,B2KDM7_ELUMP,1.0,,,,,,1,,,,
B3CLW6,B3CLW6_WOLPP,1.0,,,,,,1,,,,
B3CLX7,B3CLX7_WOLPP,1.0,,,,,,1,,,,
B3CM51,B3CM51_WOLPP,1.0,,,,,,1,,,,
B3CMK2,B3CMK2_WOLPP,1.0,,,,,,1,,,,
B3CMU1,B3CMU1_WOLPP,1.0,,,,,,1,,,,
B3CNE6,B3CNE6_WOLPP,1.0,,,,,,1,,,,
B3CNN3,B3CNN3_WOLPP,1.0,,,,,,1,,,,
B3CNQ5,B3CNQ5_WOLPP,1.0,,,,,,1,,,,
B2UWJ6,B2UWJ6_CLOBA,1.0,,,,,,1,,,,
B2UR04,B2UR04_AKKM8,1.0,,,,,,1,,,,
B2UBY9,B2UBY9_RALPJ,1.0,,,,,,1,,,,
B2U837,B2U837_RALPJ,1.0,,,,,,1,,,,
B2L7L8,B2L7L8_CAERE,1.0,,,,,,1,,,,
B2RU33,POTEC_HUMAN,1.0,,,,,,1,,,,
B2RXL7,B2RXL7_MOUSE,1.0,,,,,,1,,,,
B2RXR6,ANR44_MOUSE,1.0,,,,,,1,,,,
B2RY01,B2RY01_MOUSE,1.0,,,,,,1,,,,
B2RYN8,B2RYN8_RAT,1.0,,,,,,1,,,,
B2S396,B2S396_TREPS,1.0,,,,,,1,,,,
B2S473,B2S473_TREPS,1.0,,,,,,1,,,,
B2SS55,B2SS55_XANOP,1.0,,,,,,1,,,,
B2SSA9,B2SSA9_XANOP,1.0,,,,,,1,,,,
B2T440,B2T440_BURPP,1.0,,,,,,1,,,,
B2TDC3,B2TDC3_BURPP,1.0,,,,,,1,,,,
B2TL54,B2TL54_CLOBB,1.0,,,,,,1,,,,
B2TSM4,B2TSM4_SHIB3,1.0,,,,,,1,,,,
B2TST4,B2TST4_SHIB3,1.0,,,,,,1,,,,
B2U1A4,B2U1A4_SHIB3,1.0,,,,,,1,,,,
B2U398,B2U398_SHIB3,1.0,,,,,,1,,,,
B1NF26,B1NF26_FELCA,1.0,,,,,,1,,,,
B1LZP6,B1LZP6_METRJ,1.0,,,,,,1,,,,
B3RZP8,B3RZP8_TRIAD,1.0,,,,,,1,,,,
B0WW31,B0WW31_CULQU,1.0,,,,,,1,,,,
B0WQK9,B0WQK9_CULQU,1.0,,,,,,1,,,,
B0WRI4,B0WRI4_CULQU,1.0,,,,,,1,,,,
B0WRK8,B0WRK8_CULQU,1.0,,,,,,1,,,,
B0WS81,B0WS81_CULQU,1.0,,,,,,1,,,,
B0WTI9,B0WTI9_CULQU,1.0,,,,,,1,,,,
B0WTT0,B0WTT0_CULQU,1.0,,,,,,1,,,,
B0WUD5,B0WUD5_CULQU,1.0,,,,,,1,,,,
B0WV08,B0WV08_CULQU,1.0,,,,,,1,,,,
B0WXL1,B0WXL1_CULQU,1.0,,,,,,1,,,,
B0X7Z4,B0X7Z4_CULQU,1.0,,,,,,1,,,,
B0WZ08,B0WZ08_CULQU,1.0,,,,,,1,,,,
B0X0H0,B0X0H0_CULQU,1.0,,,,,,1,,,,
B0X1J8,B0X1J8_CULQU,1.0,,,,,,1,,,,
B0X1T4,B0X1T4_CULQU,1.0,,,,,,1,,,,
B0X1V2,B0X1V2_CULQU,1.0,,,,,,1,,,,
B0X3K8,B0X3K8_CULQU,1.0,,,,,,1,,,,
B0X4G9,B0X4G9_CULQU,1.0,,,,,,1,,,,
B0X5G0,B0X5G0_CULQU,1.0,,,,,,1,,,,
B0WQK8,B0WQK8_CULQU,1.0,,,,,,1,,,,
B0WPU4,B0WPU4_CULQU,1.0,,,,,,1,,,,
B0WNQ1,B0WNQ1_CULQU,1.0,,,,,,1,,,,
B0WNG7,B0WNG7_CULQU,1.0,,,,,,1,,,,
B0W6F9,B0W6F9_CULQU,1.0,,,,,,1,,,,
B0W7H7,B0W7H7_CULQU,1.0,,,,,,1,,,,
B0W8S3,B0W8S3_CULQU,1.0,,,,,,1,,,,
B0W9L2,B0W9L2_CULQU,1.0,,,,,,1,,,,
B0W9M0,B0W9M0_CULQU,1.0,,,,,,1,,,,
B0WB14,B0WB14_CULQU,1.0,,,,,,1,,,,
B0WD40,B0WD40_CULQU,1.0,,,,,,1,,,,
B0WDB1,B0WDB1_CULQU,1.0,,,,,,1,,,,
B0WFZ8,B0WFZ8_CULQU,1.0,,,,,,1,,,,
B0WFZ9,B0WFZ9_CULQU,1.0,,,,,,1,,,,
B0WGH6,B0WGH6_CULQU,1.0,,,,,,1,,,,
B0WGV6,B0WGV6_CULQU,1.0,,,,,,1,,,,
B0WHK4,B0WHK4_CULQU,1.0,,,,,,1,,,,
B0WIJ7,B0WIJ7_CULQU,1.0,,,,,,1,,,,
B0WK13,B0WK13_CULQU,1.0,,,,,,1,,,,
B0WKP2,B0WKP2_CULQU,1.0,,,,,,1,,,,
B0WN52,B0WN52_CULQU,1.0,,,,,,1,,,,
B0X6F6,B0X6F6_CULQU,1.0,,,,,,1,,,,
B0X8D6,B0X8D6_CULQU,1.0,,,,,,1,,,,
B1LXQ2,B1LXQ2_METRJ,1.0,,,,,,1,,,,
B1JMV9,B1JMV9_YERPY,1.0,,,,,,1,,,,
B1HNK2,B1HNK2_LYSSC,1.0,,,,,,1,,,,
B1HNU1,B1HNU1_LYSSC,1.0,,,,,,1,,,,
B1HW28,B1HW28_LYSSC,1.0,,,,,,1,,,,
B1IUN5,B1IUN5_ECOLC,1.0,,,,,,1,,,,
B1J0V9,B1J0V9_ECOLC,1.0,,,,,,1,,,,
B1J4S5,B1J4S5_PSEPW,1.0,,,,,,1,,,,
B1J743,B1J743_PSEPW,1.0,,,,,,1,,,,
B1JJD5,B1JJD5_YERPY,1.0,,,,,,1,,,,
B1JRB5,B1JRB5_YERPY,1.0,,,,,,1,,,,
B0X9E5,B0X9E5_CULQU,1.0,,,,,,1,,,,
B1JTR7,B1JTR7_BURCC,1.0,,,,,,1,,,,
B1K3R1,B1K3R1_BURCC,1.0,,,,,,1,,,,
B1K6S6,B1K6S6_BURCC,1.0,,,,,,1,,,,
B1KE73,B1KE73_SHEWM,1.0,,,,,,1,,,,
B1KGR9,B1KGR9_SHEWM,1.0,,,,,,1,,,,
B1KPY0,B1KPY0_SHEWM,1.0,,,,,,1,,,,
B1LE11,B1LE11_ECOSM,1.0,,,,,,1,,,,
B1LIK4,B1LIK4_ECOSM,1.0,,,,,,1,,,,
B1H354,B1H354_XENTR,1.0,,,,,,1,,,,
B1H2P9,B1H2P9_XENTR,1.0,,,,,,1,,,,
B1H0Z2,B1H0Z2_XENTR,1.0,,,,,,1,,,,
B1AK53,ESPN_HUMAN,1.0,,,,,,1,,,,
B0XAZ0,B0XAZ0_CULQU,1.0,,,,,,1,,,,
B0XCH3,B0XCH3_CULQU,1.0,,,,,,1,,,,
B0XCH4,B0XCH4_CULQU,1.0,,,,,,1,,,,
B0XCH5,B0XCH5_CULQU,1.0,,,,,,1,,,,
B0XD66,B0XD66_CULQU,1.0,,,,,,1,,,,
B0XDA1,B0XDA1_CULQU,1.0,,,,,,1,,,,
B0XFE1,B0XFE1_CULQU,1.0,,,,,,1,,,,
B0XFF9,B0XFF9_CULQU,1.0,,,,,,1,,,,
B0XFN0,B0XFN0_CULQU,1.0,,,,,,1,,,,
B0XGV0,B0XGV0_CULQU,1.0,,,,,,1,,,,
B0XH21,B0XH21_CULQU,1.0,,,,,,1,,,,
B0XH84,B0XH84_CULQU,1.0,,,,,,1,,,,
B0XHK7,B0XHK7_CULQU,1.0,,,,,,1,,,,
B0XJE2,B0XJE2_CULQU,1.0,,,,,,1,,,,
B0XJL7,B0XJL7_CULQU,1.0,,,,,,1,,,,
B0XKW9,B0XKW9_CULQU,1.0,,,,,,1,,,,
B0XLU2,B0XLU2_CULQU,1.0,,,,,,1,,,,
B3CNQ6,B3CNQ6_WOLPP,1.0,,,,,,1,,,,
B3CNT0,B3CNT0_WOLPP,1.0,,,,,,1,,,,
B3CNU4,B3CNU4_WOLPP,1.0,,,,,,1,,,,
B3MNR4,B3MNR4_DROAN,1.0,,,,,,1,,,,
B3MGU3,B3MGU3_DROAN,1.0,,,,,,1,,,,
B3MH08,B3MH08_DROAN,1.0,,,,,,1,,,,
B3MIK8,B3MIK8_DROAN,1.0,,,,,,1,,,,
B3MIT2,B3MIT2_DROAN,1.0,,,,,,1,,,,
B3MJN6,B3MJN6_DROAN,1.0,,,,,,1,,,,
B3MLA7,B3MLA7_DROAN,1.0,,,,,,1,,,,
B3MLD2,B3MLD2_DROAN,1.0,,,,,,1,,,,
B3MLL2,B3MLL2_DROAN,1.0,,,,,,1,,,,
B3MP91,B3MP91_DROAN,1.0,,,,,,1,,,,
B3N1C3,B3N1C3_DROAN,1.0,,,,,,1,,,,
B3MP92,B3MP92_DROAN,1.0,,,,,,1,,,,
B3MP93,B3MP93_DROAN,1.0,,,,,,1,,,,
B3MPC1,B3MPC1_DROAN,1.0,,,,,,1,,,,
B3MSI0,B3MSI0_DROAN,1.0,,,,,,1,,,,
B3MVH4,B3MVH4_DROAN,1.0,,,,,,1,,,,
B3MW39,B3MW39_DROAN,1.0,,,,,,1,,,,
B3MXE9,B3MXE9_DROAN,1.0,,,,,,1,,,,
B3MYN5,B3MYN5_DROAN,1.0,,,,,,1,,,,
B3MD02,B3MD02_DROAN,1.0,,,,,,1,,,,
B3MBW9,B3MBW9_DROAN,1.0,,,,,,1,,,,
B3MAF6,B3MAF6_DROAN,1.0,,,,,,1,,,,
B3MA59,B3MA59_DROAN,1.0,,,,,,1,,,,
B3LXZ4,B3LXZ4_DROAN,1.0,,,,,,1,,,,
B3LY98,B3LY98_DROAN,1.0,,,,,,1,,,,
B3LYN0,B3LYN0_DROAN,1.0,,,,,,1,,,,
B3M0J7,B3M0J7_DROAN,1.0,,,,,,1,,,,
B3M1A2,B3M1A2_DROAN,1.0,,,,,,1,,,,
B3M1D2,B3M1D2_DROAN,1.0,,,,,,1,,,,
B3M5X8,B3M5X8_DROAN,1.0,,,,,,1,,,,
B3M617,B3M617_DROAN,1.0,,,,,,1,,,,
B3M620,B3M620_DROAN,1.0,,,,,,1,,,,
B3M631,B3M631_DROAN,1.0,,,,,,1,,,,
B3M6S7,B3M6S7_DROAN,1.0,,,,,,1,,,,
B3M885,B3M885_DROAN,1.0,,,,,,1,,,,
B3M8Y9,B3M8Y9_DROAN,1.0,,,,,,1,,,,
B3M8Z5,B3M8Z5_DROAN,1.0,,,,,,1,,,,
B3M9T6,B3M9T6_DROAN,1.0,,,,,,1,,,,
B3M9T9,B3M9T9_DROAN,1.0,,,,,,1,,,,
B3MA58,B3MA58_DROAN,1.0,,,,,,1,,,,
B3MZ79,B3MZ79_DROAN,1.0,,,,,,1,,,,
B3N1W3,B3N1W3_DROAN,1.0,,,,,,1,,,,
B3CNV9,B3CNV9_WOLPP,1.0,,,,,,1,,,,
B3RVY3,B3RVY3_TRIAD,1.0,,,,,,1,,,,
B3RUH7,B3RUH7_TRIAD,1.0,,,,,,1,,,,
B3RUS0,B3RUS0_TRIAD,1.0,,,,,,1,,,,
B3RVJ5,B3RVJ5_TRIAD,1.0,,,,,,1,,,,
B3RVJ8,B3RVJ8_TRIAD,1.0,,,,,,1,,,,
B3RVS3,B3RVS3_TRIAD,1.0,,,,,,1,,,,
B3RVX1,B3RVX1_TRIAD,1.0,,,,,,1,,,,
B3RVX2,B3RVX2_TRIAD,1.0,,,,,,1,,,,
B3RVX3,B3RVX3_TRIAD,1.0,,,,,,1,,,,
B3RWL2,B3RWL2_TRIAD,1.0,,,,,,1,,,,
B3N267,B3N267_DROAN,1.0,,,,,,1,,,,
B3RWL4,B3RWL4_TRIAD,1.0,,,,,,1,,,,
B3RWL6,B3RWL6_TRIAD,1.0,,,,,,1,,,,
B3RWL8,B3RWL8_TRIAD,1.0,,,,,,1,,,,
B3RWL9,B3RWL9_TRIAD,1.0,,,,,,1,,,,
B3RWM0,B3RWM0_TRIAD,1.0,,,,,,1,,,,
B3RX55,B3RX55_TRIAD,1.0,,,,,,1,,,,
B3RXF8,B3RXF8_TRIAD,1.0,,,,,,1,,,,
B3RZ72,B3RZ72_TRIAD,1.0,,,,,,1,,,,
B3RT10,B3RT10_TRIAD,1.0,,,,,,1,,,,
B3RN40,B3RN40_TRIAD,1.0,,,,,,1,,,,
B3RN28,B3RN28_TRIAD,1.0,,,,,,1,,,,
B3RN14,B3RN14_TRIAD,1.0,,,,,,1,,,,
B3N268,B3N268_DROAN,1.0,,,,,,1,,,,
B3PB84,B3PB84_CELJU,1.0,,,,,,1,,,,
B3R139,B3R139_CUPTR,1.0,,,,,,1,,,,
B3R5P2,B3R5P2_CUPTR,1.0,,,,,,1,,,,
B3R8Y3,B3R8Y3_CUPTR,1.0,,,,,,1,,,,
B3RI25,B3RI25_TRIAD,1.0,,,,,,1,,,,
B3RI73,B3RI73_TRIAD,1.0,,,,,,1,,,,
B3RIE4,B3RIE4_TRIAD,1.0,,,,,,1,,,,
B3RIK5,B3RIK5_TRIAD,1.0,,,,,,1,,,,
B3RJG7,B3RJG7_TRIAD,1.0,,,,,,1,,,,
B3RKT3,B3RKT3_TRIAD,1.0,,,,,,1,,,,
B3RLF0,B3RLF0_TRIAD,1.0,,,,,,1,,,,
B3RME6,B3RME6_TRIAD,1.0,,,,,,1,,,,
B3RMT2,B3RMT2_TRIAD,1.0,,,,,,1,,,,
B3RMT3,B3RMT3_TRIAD,1.0,,,,,,1,,,,
B3RMT5,B3RMT5_TRIAD,1.0,,,,,,1,,,,
B3RMV2,B3RMV2_TRIAD,1.0,,,,,,1,,,,
B3LXK6,B3LXK6_DROAN,1.0,,,,,,1,,,,
B3LXF7,B3LXF7_DROAN,1.0,,,,,,1,,,,
B3LX02,B3LX02_DROAN,1.0,,,,,,1,,,,
B3CTR1,B3CTR1_ORITI,1.0,,,,,,1,,,,
B3CR77,B3CR77_ORITI,1.0,,,,,,1,,,,
B3CRR2,B3CRR2_ORITI,1.0,,,,,,1,,,,
B3CS46,B3CS46_ORITI,1.0,,,,,,1,,,,
B3CS75,B3CS75_ORITI,1.0,,,,,,1,,,,
B3CSK9,B3CSK9_ORITI,1.0,,,,,,1,,,,
B3CSY0,B3CSY0_ORITI,1.0,,,,,,1,,,,
B3CT73,B3CT73_ORITI,1.0,,,,,,1,,,,
B3CTN2,B3CTN2_ORITI,1.0,,,,,,1,,,,
B3CU64,B3CU64_ORITI,1.0,,,,,,1,,,,
B3LWS8,B3LWS8_DROAN,1.0,,,,,,1,,,,
B3CU89,B3CU89_ORITI,1.0,,,,,,1,,,,
B3CUD0,B3CUD0_ORITI,1.0,,,,,,1,,,,
B3CUI6,B3CUI6_ORITI,1.0,,,,,,1,,,,
B3CUZ1,B3CUZ1_ORITI,1.0,,,,,,1,,,,
B3DJC4,B3DJC4_DANRE,1.0,,,,,,1,,,,
B3DKL5,B3DKL5_DANRE,1.0,,,,,,1,,,,
B3DL19,B3DL19_XENTR,1.0,,,,,,1,,,,
B3DLC6,B3DLC6_XENTR,1.0,,,,,,1,,,,
B3CR10,B3CR10_ORITI,1.0,,,,,,1,,,,
B3CQW3,B3CQW3_ORITI,1.0,,,,,,1,,,,
B3CQU9,B3CQU9_ORITI,1.0,,,,,,1,,,,
B3CQP8,B3CQP8_ORITI,1.0,,,,,,1,,,,
B3CP71,B3CP71_WOLPP,1.0,,,,,,1,,,,
B3CP78,B3CP78_WOLPP,1.0,,,,,,1,,,,
B3CP79,B3CP79_WOLPP,1.0,,,,,,1,,,,
B3CPC9,B3CPC9_WOLPP,1.0,,,,,,1,,,,
B3CPD0,B3CPD0_WOLPP,1.0,,,,,,1,,,,
B3CPE9,B3CPE9_WOLPP,1.0,,,,,,1,,,,
B3CPF0,B3CPF0_WOLPP,1.0,,,,,,1,,,,
B3CPF6,B3CPF6_WOLPP,1.0,,,,,,1,,,,
B3CPJ1,B3CPJ1_WOLPP,1.0,,,,,,1,,,,
B3CPJ8,B3CPJ8_WOLPP,1.0,,,,,,1,,,,
B3CPL5,B3CPL5_WOLPP,1.0,,,,,,1,,,,
B3CPR7,B3CPR7_WOLPP,1.0,,,,,,1,,,,
B3CPW1,B3CPW1_WOLPP,1.0,,,,,,1,,,,
B3CQ24,B3CQ24_ORITI,1.0,,,,,,1,,,,
B3CQ51,B3CQ51_ORITI,1.0,,,,,,1,,,,
B3CQ60,B3CQ60_ORITI,1.0,,,,,,1,,,,
B3CQ78,B3CQ78_ORITI,1.0,,,,,,1,,,,
B3DLI6,B3DLI6_XENTR,1.0,,,,,,1,,,,
B3DLJ3,B3DLJ3_XENTR,1.0,,,,,,1,,,,
B3DLK2,B3DLK2_DANRE,1.0,,,,,,1,,,,
B3ESV2,B3ESV2_AMOA5,1.0,,,,,,1,,,,
B3ET28,B3ET28_AMOA5,1.0,,,,,,1,,,,
B3ET64,B3ET64_AMOA5,1.0,,,,,,1,,,,
B3ETC9,B3ETC9_AMOA5,1.0,,,,,,1,,,,
B3ETD6,B3ETD6_AMOA5,1.0,,,,,,1,,,,
B3ETD7,B3ETD7_AMOA5,1.0,,,,,,1,,,,
B3ETJ2,B3ETJ2_AMOA5,1.0,,,,,,1,,,,
B3ETJ5,B3ETJ5_AMOA5,1.0,,,,,,1,,,,
B3ETK2,B3ETK2_AMOA5,1.0,,,,,,1,,,,
B3ETM3,B3ETM3_AMOA5,1.0,,,,,,1,,,,
B3ETQ0,B3ETQ0_AMOA5,1.0,,,,,,1,,,,
B3ETQ2,B3ETQ2_AMOA5,1.0,,,,,,1,,,,
B3ETS5,B3ETS5_AMOA5,1.0,,,,,,1,,,,
B3EU24,B3EU24_AMOA5,1.0,,,,,,1,,,,
B3EUF9,B3EUF9_AMOA5,1.0,,,,,,1,,,,
B3G3I7,B3G3I7_ANOGA,1.0,,,,,,1,,,,
B3H7M8,B3H7M8_ARATH,1.0,,,,,,1,,,,
B3LV88,B3LV88_DROAN,1.0,,,,,,1,,,,
B3ESZ8,B3ESZ8_AMOA5,1.0,,,,,,1,,,,
B3ESS5,B3ESS5_AMOA5,1.0,,,,,,1,,,,
B3DLT4,B3DLT4_XENTR,1.0,,,,,,1,,,,
B3ESS4,B3ESS4_AMOA5,1.0,,,,,,1,,,,
B3DM11,B3DM11_XENTR,1.0,,,,,,1,,,,
B3DM29,B3DM29_XENTR,1.0,,,,,,1,,,,
B3DM30,B3DM30_XENTR,1.0,,,,,,1,,,,
B3E3Z7,B3E3Z7_GEOLS,1.0,,,,,,1,,,,
B3ER16,B3ER16_AMOA5,1.0,,,,,,1,,,,
B3ER17,B3ER17_AMOA5,1.0,,,,,,1,,,,
B3ER20,B3ER20_AMOA5,1.0,,,,,,1,,,,
B3ERB7,B3ERB7_AMOA5,1.0,,,,,,1,,,,
B3ERD4,B3ERD4_AMOA5,1.0,,,,,,1,,,,
B3ERG1,B3ERG1_AMOA5,1.0,,,,,,1,,,,
B3ERS0,B3ERS0_AMOA5,1.0,,,,,,1,,,,
B3ERX3,B3ERX3_AMOA5,1.0,,,,,,1,,,,
B3ES31,B3ES31_AMOA5,1.0,,,,,,1,,,,
B3ES90,B3ES90_AMOA5,1.0,,,,,,1,,,,
B3ESB9,B3ESB9_AMOA5,1.0,,,,,,1,,,,
B3ESL8,B3ESL8_AMOA5,1.0,,,,,,1,,,,
B3ESN8,B3ESN8_AMOA5,1.0,,,,,,1,,,,
B7M2W3,B7M2W3_ECO8A,1.0,,,,,,1,,,,
B7MAT1,B7MAT1_ECO45,1.0,,,,,,1,,,,
B7MCD8,B7MCD8_ECO45,1.0,,,,,,1,,,,
C4QV84,C4QV84_PICPG,1.0,,,,,,1,,,,
C3ZZY7,C3ZZY7_BRAFL,1.0,,,,,,1,,,,
C4A083,C4A083_BRAFL,1.0,,,,,,1,,,,
C4A122,C4A122_BRAFL,1.0,,,,,,1,,,,
C4K0W5,C4K0W5_RICPU,1.0,,,,,,1,,,,
C4K1L8,C4K1L8_RICPU,1.0,,,,,,1,,,,
C4K9M5,C4K9M5_THASP,1.0,,,,,,1,,,,
C4KDI9,C4KDI9_THASP,1.0,,,,,,1,,,,
C4KNC9,C4KNC9_BURPE,1.0,,,,,,1,,,,
C4QYK7,C4QYK7_PICPG,1.0,,,,,,1,,,,
C4R9C8,C4R9C8_PICPG,1.0,,,,,,1,,,,
C4QZ55,C4QZ55_PICPG,1.0,,,,,,1,,,,
C4QZV4,C4QZV4_PICPG,1.0,,,,,,1,,,,
C4R028,C4R028_PICPG,1.0,,,,,,1,,,,
C4R0C2,C4R0C2_PICPG,1.0,,,,,,1,,,,
C4R0M4,C4R0M4_PICPG,1.0,,,,,,1,,,,
C4R0W5,C4R0W5_PICPG,1.0,,,,,,1,,,,
C4R0W6,C4R0W6_PICPG,1.0,,,,,,1,,,,
C4R8E0,C4R8E0_PICPG,1.0,,,,,,1,,,,
C3ZZM7,C3ZZM7_BRAFL,1.0,,,,,,1,,,,
C3ZZK4,C3ZZK4_BRAFL,1.0,,,,,,1,,,,
C3ZXY7,C3ZXY7_BRAFL,1.0,,,,,,1,,,,
C3ZXY3,C3ZXY3_BRAFL,1.0,,,,,,1,,,,
C3ZNV6,C3ZNV6_BRAFL,1.0,,,,,,1,,,,
C3ZRA9,C3ZRA9_BRAFL,1.0,,,,,,1,,,,
C3ZRZ7,C3ZRZ7_BRAFL,1.0,,,,,,1,,,,
C3ZRZ8,C3ZRZ8_BRAFL,1.0,,,,,,1,,,,
C3ZS90,C3ZS90_BRAFL,1.0,,,,,,1,,,,
C3ZSV9,C3ZSV9_BRAFL,1.0,,,,,,1,,,,
C3ZSW0,C3ZSW0_BRAFL,1.0,,,,,,1,,,,
C3ZT02,C3ZT02_BRAFL,1.0,,,,,,1,,,,
C3ZT25,C3ZT25_BRAFL,1.0,,,,,,1,,,,
C3ZT26,C3ZT26_BRAFL,1.0,,,,,,1,,,,
C3ZT27,C3ZT27_BRAFL,1.0,,,,,,1,,,,
C3ZT28,C3ZT28_BRAFL,1.0,,,,,,1,,,,
C3ZV87,C3ZV87_BRAFL,1.0,,,,,,1,,,,
C3ZVA0,C3ZVA0_BRAFL,1.0,,,,,,1,,,,
C3ZWP3,C3ZWP3_BRAFL,1.0,,,,,,1,,,,
C3ZWW6,C3ZWW6_BRAFL,1.0,,,,,,1,,,,
C3ZXY0,C3ZXY0_BRAFL,1.0,,,,,,1,,,,
C4R8G9,C4R8G9_PICPG,1.0,,,,,,1,,,,
C5A0V4,C5A0V4_ECOBW,1.0,,,,,,1,,,,
C3ZJV5,C3ZJV5_BRAFL,1.0,,,,,,1,,,,
C5DUR0,C5DUR0_ZYGRC,1.0,,,,,,1,,,,
C5DMK7,C5DMK7_LACTC,1.0,,,,,,1,,,,
C5DPQ5,C5DPQ5_ZYGRC,1.0,,,,,,1,,,,
C5DQC1,C5DQC1_ZYGRC,1.0,,,,,,1,,,,
C5DQX4,C5DQX4_ZYGRC,1.0,,,,,,1,,,,
C5DRB5,C5DRB5_ZYGRC,1.0,,,,,,1,,,,
C5DSA1,C5DSA1_ZYGRC,1.0,,,,,,1,,,,
C5DSA2,C5DSA2_ZYGRC,1.0,,,,,,1,,,,
C5DTT3,C5DTT3_ZYGRC,1.0,,,,,,1,,,,
C5DUY1,C5DUY1_ZYGRC,1.0,,,,,,1,,,,
C5A8L2,C5A8L2_BURGB,1.0,,,,,,1,,,,
C5DVQ9,C5DVQ9_ZYGRC,1.0,,,,,,1,,,,
C5DVU2,C5DVU2_ZYGRC,1.0,,,,,,1,,,,
C5DZ06,C5DZ06_ZYGRC,1.0,,,,,,1,,,,
C5E3X1,C5E3X1_ZYGRC,1.0,,,,,,1,,,,
C5E4X4,C5E4X4_ZYGRC,1.0,,,,,,1,,,,
C5NZ46,C5NZ46_COCP7,1.0,,,,,,1,,,,
C5NZ68,C5NZ68_COCP7,1.0,,,,,,1,,,,
C5NZI1,C5NZI1_COCP7,1.0,,,,,,1,,,,
C5DLH5,C5DLH5_LACTC,1.0,,,,,,1,,,,
C5DK52,C5DK52_LACTC,1.0,,,,,,1,,,,
C5DJ30,C5DJ30_LACTC,1.0,,,,,,1,,,,
C5DIY5,C5DIY5_LACTC,1.0,,,,,,1,,,,
C5AFC4,C5AFC4_BURGB,1.0,,,,,,1,,,,
C5AQ25,C5AQ25_METEA,1.0,,,,,,1,,,,
C5B8P0,C5B8P0_EDWI9,1.0,,,,,,1,,,,
C5BLC2,C5BLC2_TERTT,1.0,,,,,,1,,,,
C5BT90,C5BT90_TERTT,1.0,,,,,,1,,,,
C5BTE1,C5BTE1_TERTT,1.0,,,,,,1,,,,
C5C406,C5C406_BEUC1,1.0,,,,,,1,,,,
C5C9K7,C5C9K7_MICLC,1.0,,,,,,1,,,,
C5CMQ2,C5CMQ2_VARPS,1.0,,,,,,1,,,,
C5CMW2,C5CMW2_VARPS,1.0,,,,,,1,,,,
C5DBY1,C5DBY1_LACTC,1.0,,,,,,1,,,,
C5DDF7,C5DDF7_LACTC,1.0,,,,,,1,,,,
C5DDK1,C5DDK1_LACTC,1.0,,,,,,1,,,,
C5DE49,C5DE49_LACTC,1.0,,,,,,1,,,,
C5DFC3,C5DFC3_LACTC,1.0,,,,,,1,,,,
C5DH94,C5DH94_LACTC,1.0,,,,,,1,,,,
C5DIN4,C5DIN4_LACTC,1.0,,,,,,1,,,,
C3ZLD5,C3ZLD5_BRAFL,1.0,,,,,,1,,,,
C3ZIA5,C3ZIA5_BRAFL,1.0,,,,,,1,,,,
C3XTH5,C3XTH5_BRAFL,1.0,,,,,,1,,,,
C3YCM4,C3YCM4_BRAFL,1.0,,,,,,1,,,,
C3YAG4,C3YAG4_BRAFL,1.0,,,,,,1,,,,
C3YAG5,C3YAG5_BRAFL,1.0,,,,,,1,,,,
C3YAG9,C3YAG9_BRAFL,1.0,,,,,,1,,,,
C3YAH0,C3YAH0_BRAFL,1.0,,,,,,1,,,,
C3YAS2,C3YAS2_BRAFL,1.0,,,,,,1,,,,
C3YAS3,C3YAS3_BRAFL,1.0,,,,,,1,,,,
C3YBV2,C3YBV2_BRAFL,1.0,,,,,,1,,,,
C3YBV3,C3YBV3_BRAFL,1.0,,,,,,1,,,,
C3YDW5,C3YDW5_BRAFL,1.0,,,,,,1,,,,
C3YIN3,C3YIN3_BRAFL,1.0,,,,,,1,,,,
C3YDX1,C3YDX1_BRAFL,1.0,,,,,,1,,,,
C3YDZ7,C3YDZ7_BRAFL,1.0,,,,,,1,,,,
C3YEG2,C3YEG2_BRAFL,1.0,,,,,,1,,,,
C3YEG3,C3YEG3_BRAFL,1.0,,,,,,1,,,,
C3YEQ9,C3YEQ9_BRAFL,1.0,,,,,,1,,,,
C3YET7,C3YET7_BRAFL,1.0,,,,,,1,,,,
C3YET8,C3YET8_BRAFL,1.0,,,,,,1,,,,
C3YGG0,C3YGG0_BRAFL,1.0,,,,,,1,,,,
C3YAG3,C3YAG3_BRAFL,1.0,,,,,,1,,,,
C3YA86,C3YA86_BRAFL,1.0,,,,,,1,,,,
C3YA50,C3YA50_BRAFL,1.0,,,,,,1,,,,
C3Y9I9,C3Y9I9_BRAFL,1.0,,,,,,1,,,,
C3XWG1,C3XWG1_BRAFL,1.0,,,,,,1,,,,
C3XXB6,C3XXB6_BRAFL,1.0,,,,,,1,,,,
C3Y0G3,C3Y0G3_BRAFL,1.0,,,,,,1,,,,
C3Y0S3,C3Y0S3_BRAFL,1.0,,,,,,1,,,,
C3Y266,C3Y266_BRAFL,1.0,,,,,,1,,,,
C3Y2A2,C3Y2A2_BRAFL,1.0,,,,,,1,,,,
C3Y2E1,C3Y2E1_BRAFL,1.0,,,,,,1,,,,
C3Y2F1,C3Y2F1_BRAFL,1.0,,,,,,1,,,,
C3Y2F2,C3Y2F2_BRAFL,1.0,,,,,,1,,,,
C3Y2F3,C3Y2F3_BRAFL,1.0,,,,,,1,,,,
C3Y2F4,C3Y2F4_BRAFL,1.0,,,,,,1,,,,
C3Y300,C3Y300_BRAFL,1.0,,,,,,1,,,,
C3Y493,C3Y493_BRAFL,1.0,,,,,,1,,,,
C3Y539,C3Y539_BRAFL,1.0,,,,,,1,,,,
C3Y6Q4,C3Y6Q4_BRAFL,1.0,,,,,,1,,,,
C3Y7J6,C3Y7J6_BRAFL,1.0,,,,,,1,,,,
C3Y8U4,C3Y8U4_BRAFL,1.0,,,,,,1,,,,
C3YGS5,C3YGS5_BRAFL,1.0,,,,,,1,,,,
C3YJJ3,C3YJJ3_BRAFL,1.0,,,,,,1,,,,
C3ZHK3,C3ZHK3_BRAFL,1.0,,,,,,1,,,,
C3Z4C8,C3Z4C8_BRAFL,1.0,,,,,,1,,,,
C3YWY4,C3YWY4_BRAFL,1.0,,,,,,1,,,,
C3YXW7,C3YXW7_BRAFL,1.0,,,,,,1,,,,
C3YY01,C3YY01_BRAFL,1.0,,,,,,1,,,,
C3YY09,C3YY09_BRAFL,1.0,,,,,,1,,,,
C3YZC2,C3YZC2_BRAFL,1.0,,,,,,1,,,,
C3Z0P0,C3Z0P0_BRAFL,1.0,,,,,,1,,,,
C3Z0V7,C3Z0V7_BRAFL,1.0,,,,,,1,,,,
C3Z223,C3Z223_BRAFL,1.0,,,,,,1,,,,
C3Z4P6,C3Z4P6_BRAFL,1.0,,,,,,1,,,,
C3YKW2,C3YKW2_BRAFL,1.0,,,,,,1,,,,
C3Z7A0,C3Z7A0_BRAFL,1.0,,,,,,1,,,,
C3Z878,C3Z878_BRAFL,1.0,,,,,,1,,,,
C3Z9P5,C3Z9P5_BRAFL,1.0,,,,,,1,,,,
C3ZC41,C3ZC41_BRAFL,1.0,,,,,,1,,,,
C3ZC74,C3ZC74_BRAFL,1.0,,,,,,1,,,,
C3ZCA9,C3ZCA9_BRAFL,1.0,,,,,,1,,,,
C3ZDU9,C3ZDU9_BRAFL,1.0,,,,,,1,,,,
C3ZDZ6,C3ZDZ6_BRAFL,1.0,,,,,,1,,,,
C3YVI1,C3YVI1_BRAFL,1.0,,,,,,1,,,,
C3YVA8,C3YVA8_BRAFL,1.0,,,,,,1,,,,
C3YTZ9,C3YTZ9_BRAFL,1.0,,,,,,1,,,,
C3YTY9,C3YTY9_BRAFL,1.0,,,,,,1,,,,
C3YLX1,C3YLX1_BRAFL,1.0,,,,,,1,,,,
C3YLX3,C3YLX3_BRAFL,1.0,,,,,,1,,,,
C3YMT4,C3YMT4_BRAFL,1.0,,,,,,1,,,,
C3YN64,C3YN64_BRAFL,1.0,,,,,,1,,,,
C3YPP0,C3YPP0_BRAFL,1.0,,,,,,1,,,,
C3YPP1,C3YPP1_BRAFL,1.0,,,,,,1,,,,
C3YPP2,C3YPP2_BRAFL,1.0,,,,,,1,,,,
C3YPP3,C3YPP3_BRAFL,1.0,,,,,,1,,,,
C3YQS8,C3YQS8_BRAFL,1.0,,,,,,1,,,,
C3YRU2,C3YRU2_BRAFL,1.0,,,,,,1,,,,
C3YSD4,C3YSD4_BRAFL,1.0,,,,,,1,,,,
C3YSD6,C3YSD6_BRAFL,1.0,,,,,,1,,,,
C3YSD7,C3YSD7_BRAFL,1.0,,,,,,1,,,,
C3YSD8,C3YSD8_BRAFL,1.0,,,,,,1,,,,
C3YSD9,C3YSD9_BRAFL,1.0,,,,,,1,,,,
C3YSE3,C3YSE3_BRAFL,1.0,,,,,,1,,,,
C3YSE9,C3YSE9_BRAFL,1.0,,,,,,1,,,,
C5P322,C5P322_COCP7,1.0,,,,,,1,,,,
C5P4A6,C5P4A6_COCP7,1.0,,,,,,1,,,,
C5P545,C5P545_COCP7,1.0,,,,,,1,,,,
C6E1E6,C6E1E6_GEOSM,1.0,,,,,,1,,,,
C6CNW9,C6CNW9_DICZE,1.0,,,,,,1,,,,
C6CNX0,C6CNX0_DICZE,1.0,,,,,,1,,,,
C6CNX1,C6CNX1_DICZE,1.0,,,,,,1,,,,
C6CV89,C6CV89_PAESJ,1.0,,,,,,1,,,,
C6D1Q4,C6D1Q4_PAESJ,1.0,,,,,,1,,,,
C6D1U7,C6D1U7_PAESJ,1.0,,,,,,1,,,,
C6D809,C6D809_PAESJ,1.0,,,,,,1,,,,
C6DCT1,C6DCT1_PECCP,1.0,,,,,,1,,,,
C6E8V1,C6E8V1_GEOSM,1.0,,,,,,1,,,,
C6V1X0,C6V1X0_ECO5T,1.0,,,,,,1,,,,
C6ELR2,C6ELR2_ECOBD,1.0,,,,,,1,,,,
C6KRH4,C6KRH4_CAEEL,1.0,,,,,,1,,,,
C6S703,C6S703_NEIML,1.0,,,,,,1,,,,
C6UB04,C6UB04_ECOBR,1.0,,,,,,1,,,,
C6UT86,C6UT86_ECO5T,1.0,,,,,,1,,,,
C6UW60,C6UW60_ECO5T,1.0,,,,,,1,,,,
C6UWY9,C6UWY9_ECO5T,1.0,,,,,,1,,,,
C6UY33,C6UY33_ECO5T,1.0,,,,,,1,,,,
C6CMS1,C6CMS1_DICZE,1.0,,,,,,1,,,,
C6BWE5,C6BWE5_DESAD,1.0,,,,,,1,,,,
C6BIB3,C6BIB3_RALP1,1.0,,,,,,1,,,,
C6BER2,C6BER2_RALP1,1.0,,,,,,1,,,,
C5YRD1,C5YRD1_SORBI,1.0,,,,,,1,,,,
C5YRD2,C5YRD2_SORBI,1.0,,,,,,1,,,,
C5YRD3,C5YRD3_SORBI,1.0,,,,,,1,,,,
C5YRD4,C5YRD4_SORBI,1.0,,,,,,1,,,,
C5YRD7,C5YRD7_SORBI,1.0,,,,,,1,,,,
C5YT08,C5YT08_SORBI,1.0,,,,,,1,,,,
C5YXY8,C5YXY8_SORBI,1.0,,,,,,1,,,,
C5YYA6,C5YYA6_SORBI,1.0,,,,,,1,,,,
C5YYB3,C5YYB3_SORBI,1.0,,,,,,1,,,,
C5YYB7,C5YYB7_SORBI,1.0,,,,,,1,,,,
C5YYC0,C5YYC0_SORBI,1.0,,,,,,1,,,,
C5YYR5,C5YYR5_SORBI,1.0,,,,,,1,,,,
C5Z6Q1,C5Z6Q1_SORBI,1.0,,,,,,1,,,,
C5Z7W8,C5Z7W8_SORBI,1.0,,,,,,1,,,,
C6AV70,C6AV70_RHILS,1.0,,,,,,1,,,,
C6B2R2,C6B2R2_RHILS,1.0,,,,,,1,,,,
C6BB47,C6BB47_RHILS,1.0,,,,,,1,,,,
C6UYU3,C6UYU3_ECO5T,1.0,,,,,,1,,,,
C6V3P6,C6V3P6_NEORI,1.0,,,,,,1,,,,
C5P5E7,C5P5E7_COCP7,1.0,,,,,,1,,,,
C7RR74,C7RR74_ACCPU,1.0,,,,,,1,,,,
C7NIH3,C7NIH3_KYTSD,1.0,,,,,,1,,,,
C7PC24,C7PC24_CHIPD,1.0,,,,,,1,,,,
C7PHK1,C7PHK1_CHIPD,1.0,,,,,,1,,,,
C7PHK3,C7PHK3_CHIPD,1.0,,,,,,1,,,,
C7PKP4,C7PKP4_CHIPD,1.0,,,,,,1,,,,
C7Q0D8,C7Q0D8_CATAD,1.0,,,,,,1,,,,
C7RIM0,C7RIM0_ACCPU,1.0,,,,,,1,,,,
C7RPN4,C7RPN4_ACCPU,1.0,,,,,,1,,,,
C8TI12,C8TI12_ECO26,1.0,,,,,,1,,,,
C6VST7,C6VST7_DYAFD,1.0,,,,,,1,,,,
C8TNV2,C8TNV2_ECO26,1.0,,,,,,1,,,,
C8U089,C8U089_ECO10,1.0,,,,,,1,,,,
C8U208,C8U208_ECO10,1.0,,,,,,1,,,,
C8UFJ0,C8UFJ0_ECO1A,1.0,,,,,,1,,,,
C8UIB0,C8UIB0_ECO1A,1.0,,,,,,1,,,,
C8UKR4,C8UKR4_ECO1A,1.0,,,,,,1,,,,
C8WDA1,C8WDA1_ZYMMN,1.0,,,,,,1,,,,
C8XAM9,C8XAM9_NAKMY,1.0,,,,,,1,,,,
C7N924,C7N924_LEPBD,1.0,,,,,,1,,,,
C7N4S4,C7N4S4_SLAHD,1.0,,,,,,1,,,,
C7N4S1,C7N4S1_SLAHD,1.0,,,,,,1,,,,
C7MXJ4,C7MXJ4_SACVD,1.0,,,,,,1,,,,
C6VVN2,C6VVN2_DYAFD,1.0,,,,,,1,,,,
C6VZ27,C6VZ27_DYAFD,1.0,,,,,,1,,,,
C6WUI9,C6WUI9_METML,1.0,,,,,,1,,,,
C6WYA6,C6WYA6_METML,1.0,,,,,,1,,,,
C6X7T1,C6X7T1_METGS,1.0,,,,,,1,,,,
C6XC80,C6XC80_METGS,1.0,,,,,,1,,,,
C6Y2Q3,C6Y2Q3_PEDHD,1.0,,,,,,1,,,,
C6Y414,C6Y414_PEDHD,1.0,,,,,,1,,,,
C7AHP0,C7AHP0_APIME,1.0,,,,,,1,,,,
C7AHX0,C7AHX0_APIME,1.0,,,,,,1,,,,
C7CJH1,C7CJH1_METED,1.0,,,,,,1,,,,
C7J5N0,C7J5N0_ORYSJ,1.0,,,,,,1,,,,
C7J7R8,C7J7R8_ORYSJ,1.0,,,,,,1,,,,
C7JF34,C7JF34_ACEP3,1.0,,,,,,1,,,,
C7M5I2,C7M5I2_CAPOD,1.0,,,,,,1,,,,
C7MBR3,C7MBR3_BRAFD,1.0,,,,,,1,,,,
C7MW23,C7MW23_SACVD,1.0,,,,,,1,,,,
C5YRD0,C5YRD0_SORBI,1.0,,,,,,1,,,,
C5YRC9,C5YRC9_SORBI,1.0,,,,,,1,,,,
C5YRC8,C5YRC8_SORBI,1.0,,,,,,1,,,,
C5WPN3,C5WPN3_SORBI,1.0,,,,,,1,,,,
C5PGI7,C5PGI7_COCP7,1.0,,,,,,1,,,,
C5PHN1,C5PHN1_COCP7,1.0,,,,,,1,,,,
C5PJ74,C5PJ74_COCP7,1.0,,,,,,1,,,,
C5WLV4,C5WLV4_SORBI,1.0,,,,,,1,,,,
C5WLV5,C5WLV5_SORBI,1.0,,,,,,1,,,,
C5WPA1,C5WPA1_SORBI,1.0,,,,,,1,,,,
C5WPA2,C5WPA2_SORBI,1.0,,,,,,1,,,,
C5WPG7,C5WPG7_SORBI,1.0,,,,,,1,,,,
C5WPN4,C5WPN4_SORBI,1.0,,,,,,1,,,,
C5YRC5,C5YRC5_SORBI,1.0,,,,,,1,,,,
C5WQH4,C5WQH4_SORBI,1.0,,,,,,1,,,,
C5WQK7,C5WQK7_SORBI,1.0,,,,,,1,,,,
C5WR99,C5WR99_SORBI,1.0,,,,,,1,,,,
C5WRB4,C5WRB4_SORBI,1.0,,,,,,1,,,,
C5WUM2,C5WUM2_SORBI,1.0,,,,,,1,,,,
C5WXZ4,C5WXZ4_SORBI,1.0,,,,,,1,,,,
C5WZ05,C5WZ05_SORBI,1.0,,,,,,1,,,,
C5X070,C5X070_SORBI,1.0,,,,,,1,,,,
C5PFA4,C5PFA4_COCP7,1.0,,,,,,1,,,,
C5PD21,C5PD21_COCP7,1.0,,,,,,1,,,,
C5PCM7,C5PCM7_COCP7,1.0,,,,,,1,,,,
C5PCC9,C5PCC9_COCP7,1.0,,,,,,1,,,,
C5P6G0,C5P6G0_COCP7,1.0,,,,,,1,,,,
C5P6G3,C5P6G3_COCP7,1.0,,,,,,1,,,,
C5P6K7,C5P6K7_COCP7,1.0,,,,,,1,,,,
C5P6N7,C5P6N7_COCP7,1.0,,,,,,1,,,,
C5P7K5,C5P7K5_COCP7,1.0,,,,,,1,,,,
C5P7U6,C5P7U6_COCP7,1.0,,,,,,1,,,,
C5P853,C5P853_COCP7,1.0,,,,,,1,,,,
C5P8H9,C5P8H9_COCP7,1.0,,,,,,1,,,,
C5P944,C5P944_COCP7,1.0,,,,,,1,,,,
C5P9J3,C5P9J3_COCP7,1.0,,,,,,1,,,,
C5PAH0,C5PAH0_COCP7,1.0,,,,,,1,,,,
C5PAX2,C5PAX2_COCP7,1.0,,,,,,1,,,,
C5PAX3,C5PAX3_COCP7,1.0,,,,,,1,,,,
C5PB13,C5PB13_COCP7,1.0,,,,,,1,,,,
C5PBE4,C5PBE4_COCP7,1.0,,,,,,1,,,,
C5PC39,C5PC39_COCP7,1.0,,,,,,1,,,,
C5PC69,C5PC69_COCP7,1.0,,,,,,1,,,,
C5X472,C5X472_SORBI,1.0,,,,,,1,,,,
C5X526,C5X526_SORBI,1.0,,,,,,1,,,,
C5X5B2,C5X5B2_SORBI,1.0,,,,,,1,,,,
C5Y2E6,C5Y2E6_SORBI,1.0,,,,,,1,,,,
C5Y5G2,C5Y5G2_SORBI,1.0,,,,,,1,,,,
C5Y7P1,C5Y7P1_SORBI,1.0,,,,,,1,,,,
C5Y7P2,C5Y7P2_SORBI,1.0,,,,,,1,,,,
C5Y7Q1,C5Y7Q1_SORBI,1.0,,,,,,1,,,,
C5Y7Q7,C5Y7Q7_SORBI,1.0,,,,,,1,,,,
C5Y8L6,C5Y8L6_SORBI,1.0,,,,,,1,,,,
C5Y977,C5Y977_SORBI,1.0,,,,,,1,,,,
C5YBC3,C5YBC3_SORBI,1.0,,,,,,1,,,,
C5YH88,C5YH88_SORBI,1.0,,,,,,1,,,,
C5YHK1,C5YHK1_SORBI,1.0,,,,,,1,,,,
C5YHN8,C5YHN8_SORBI,1.0,,,,,,1,,,,
C5YJS4,C5YJS4_SORBI,1.0,,,,,,1,,,,
C5YMJ2,C5YMJ2_SORBI,1.0,,,,,,1,,,,
C5YMT0,C5YMT0_SORBI,1.0,,,,,,1,,,,
C5YQA2,C5YQA2_SORBI,1.0,,,,,,1,,,,
C5YR65,C5YR65_SORBI,1.0,,,,,,1,,,,
C5YRC4,C5YRC4_SORBI,1.0,,,,,,1,,,,
C5Y4A0,C5Y4A0_SORBI,1.0,,,,,,1,,,,
C5XZK8,C5XZK8_SORBI,1.0,,,,,,1,,,,
C5X5G9,C5X5G9_SORBI,1.0,,,,,,1,,,,
C5XZ99,C5XZ99_SORBI,1.0,,,,,,1,,,,
C5X8B5,C5X8B5_SORBI,1.0,,,,,,1,,,,
C5X8C2,C5X8C2_SORBI,1.0,,,,,,1,,,,
C5X8C5,C5X8C5_SORBI,1.0,,,,,,1,,,,
C5XAF1,C5XAF1_SORBI,1.0,,,,,,1,,,,
C5XAG6,C5XAG6_SORBI,1.0,,,,,,1,,,,
C5XF65,C5XF65_SORBI,1.0,,,,,,1,,,,
C5XJE9,C5XJE9_SORBI,1.0,,,,,,1,,,,
C5XNY4,C5XNY4_SORBI,1.0,,,,,,1,,,,
C5XP29,C5XP29_SORBI,1.0,,,,,,1,,,,
C5XRH8,C5XRH8_SORBI,1.0,,,,,,1,,,,
C5XRW0,C5XRW0_SORBI,1.0,,,,,,1,,,,
C5XRW3,C5XRW3_SORBI,1.0,,,,,,1,,,,
C5XRW9,C5XRW9_SORBI,1.0,,,,,,1,,,,
C5XSK5,C5XSK5_SORBI,1.0,,,,,,1,,,,
C5XTR0,C5XTR0_SORBI,1.0,,,,,,1,,,,
C5XUC8,C5XUC8_SORBI,1.0,,,,,,1,,,,
C5XWX7,C5XWX7_SORBI,1.0,,,,,,1,,,,
C3XTX0,C3XTX0_BRAFL,1.0,,,,,,1,,,,
C3XSG6,C3XSG6_BRAFL,1.0,,,,,,1,,,,
B7N557,B7N557_ECOLU,1.0,,,,,,1,,,,
B8HPC4,B8HPC4_CYAP4,1.0,,,,,,1,,,,
B8F8S9,B8F8S9_DESAA,1.0,,,,,,1,,,,
B8FGQ0,B8FGQ0_DESAA,1.0,,,,,,1,,,,
B8FGQ1,B8FGQ1_DESAA,1.0,,,,,,1,,,,
B8FHA3,B8FHA3_DESAA,1.0,,,,,,1,,,,
B8GQK8,B8GQK8_THISH,1.0,,,,,,1,,,,
B8GVK6,B8GVK6_CAUCN,1.0,,,,,,1,,,,
B8HBF8,B8HBF8_ARTCA,1.0,,,,,,1,,,,
B8HD37,B8HD37_ARTCA,1.0,,,,,,1,,,,
B8HXS3,B8HXS3_CYAP4,1.0,,,,,,1,,,,
B9F034,B9F034_ORYSJ,1.0,,,,,,1,,,,
B8I220,B8I220_CLOCE,1.0,,,,,,1,,,,
B8IUK7,B8IUK7_METNO,1.0,,,,,,1,,,,
B8JLP7,B8JLP7_DANRE,1.0,,,,,,1,,,,
B8LC03,B8LC03_THAPS,1.0,,,,,,1,,,,
B9EJA2,CTTB2_MOUSE,1.0,,,,,,1,,,,
B9EK96,B9EK96_MOUSE,1.0,,,,,,1,,,,
B9ET35,B9ET35_ORYSJ,1.0,,,,,,1,,,,
B9ETK5,B9ETK5_ORYSJ,1.0,,,,,,1,,,,
B8F0E7,B8F0E7_THASP,1.0,,,,,,1,,,,
B8EMC9,B8EMC9_METSB,1.0,,,,,,1,,,,
B8DHS2,B8DHS2_LISMH,1.0,,,,,,1,,,,
B8CY76,B8CY76_HALOH,1.0,,,,,,1,,,,
B8BJG3,B8BJG3_ORYSI,1.0,,,,,,1,,,,
B8BJG7,B8BJG7_ORYSI,1.0,,,,,,1,,,,
B8BJX4,B8BJX4_ORYSI,1.0,,,,,,1,,,,
B8BMS6,B8BMS6_ORYSI,1.0,,,,,,1,,,,
B8BMV0,B8BMV0_ORYSI,1.0,,,,,,1,,,,
B8BN64,B8BN64_ORYSI,1.0,,,,,,1,,,,
B8BNQ3,B8BNQ3_ORYSI,1.0,,,,,,1,,,,
B8BRX3,B8BRX3_THAPS,1.0,,,,,,1,,,,
B8BVW0,B8BVW0_THAPS,1.0,,,,,,1,,,,
B8BY68,B8BY68_THAPS,1.0,,,,,,1,,,,
B8C1J3,B8C1J3_THAPS,1.0,,,,,,1,,,,
B8C5L2,B8C5L2_THAPS,1.0,,,,,,1,,,,
B8C939,B8C939_THAPS,1.0,,,,,,1,,,,
B8CD91,B8CD91_THAPS,1.0,,,,,,1,,,,
B8CEX8,B8CEX8_THAPS,1.0,,,,,,1,,,,
B8CFT7,B8CFT7_THAPS,1.0,,,,,,1,,,,
B8CFX3,B8CFX3_THAPS,1.0,,,,,,1,,,,
B9EZT9,B9EZT9_ORYSJ,1.0,,,,,,1,,,,
B9F035,B9F035_ORYSJ,1.0,,,,,,1,,,,
B8BDD2,B8BDD2_ORYSI,1.0,,,,,,1,,,,
B9GTB5,B9GTB5_POPTR,1.0,,,,,,1,,,,
B9GE40,B9GE40_ORYSJ,1.0,,,,,,1,,,,
B9GE41,B9GE41_ORYSJ,1.0,,,,,,1,,,,
B9GEF7,B9GEF7_ORYSJ,1.0,,,,,,1,,,,
B9GG74,B9GG74_POPTR,1.0,,,,,,1,,,,
B9GI85,B9GI85_POPTR,1.0,,,,,,1,,,,
B9GJ51,B9GJ51_POPTR,1.0,,,,,,1,,,,
B9GJP4,B9GJP4_POPTR,1.0,,,,,,1,,,,
B9GJQ7,B9GJQ7_POPTR,1.0,,,,,,1,,,,
B9GZW9,B9GZW9_POPTR,1.0,,,,,,1,,,,
B9F036,B9F036_ORYSJ,1.0,,,,,,1,,,,
B9H3D8,B9H3D8_POPTR,1.0,,,,,,1,,,,
B9H4N0,B9H4N0_POPTR,1.0,,,,,,1,,,,
B9H4N1,B9H4N1_POPTR,1.0,,,,,,1,,,,
B9H8N2,B9H8N2_POPTR,1.0,,,,,,1,,,,
B9H9S5,B9H9S5_POPTR,1.0,,,,,,1,,,,
B9HBN6,B9HBN6_POPTR,1.0,,,,,,1,,,,
B9HCB0,B9HCB0_POPTR,1.0,,,,,,1,,,,
B9HCB1,B9HCB1_POPTR,1.0,,,,,,1,,,,
B9GE04,B9GE04_ORYSJ,1.0,,,,,,1,,,,
B9GCN9,B9GCN9_ORYSJ,1.0,,,,,,1,,,,
B9GA66,B9GA66_ORYSJ,1.0,,,,,,1,,,,
B9G7Y5,B9G7Y5_ORYSJ,1.0,,,,,,1,,,,
B9F3Q1,B9F3Q1_ORYSJ,1.0,,,,,,1,,,,
B9F4X1,B9F4X1_ORYSJ,1.0,,,,,,1,,,,
B9F7A7,B9F7A7_ORYSJ,1.0,,,,,,1,,,,
B9F8W3,B9F8W3_ORYSJ,1.0,,,,,,1,,,,
B9FAK4,B9FAK4_ORYSJ,1.0,,,,,,1,,,,
B9FAK9,B9FAK9_ORYSJ,1.0,,,,,,1,,,,
B9FB19,B9FB19_ORYSJ,1.0,,,,,,1,,,,
B9FSJ5,B9FSJ5_ORYSJ,1.0,,,,,,1,,,,
B9FVS3,B9FVS3_ORYSJ,1.0,,,,,,1,,,,
B9FVZ3,B9FVZ3_ORYSJ,1.0,,,,,,1,,,,
B9FWJ9,B9FWJ9_ORYSJ,1.0,,,,,,1,,,,
B9FXM3,B9FXM3_ORYSJ,1.0,,,,,,1,,,,
B9G2U5,B9G2U5_ORYSJ,1.0,,,,,,1,,,,
B9G2Y1,B9G2Y1_ORYSJ,1.0,,,,,,1,,,,
B9G2Y4,B9G2Y4_ORYSJ,1.0,,,,,,1,,,,
B9G318,B9G318_ORYSJ,1.0,,,,,,1,,,,
B9G4I0,B9G4I0_ORYSJ,1.0,,,,,,1,,,,
B8BE99,B8BE99_ORYSI,1.0,,,,,,1,,,,
B8BD02,B8BD02_ORYSI,1.0,,,,,,1,,,,
C3XS04,C3XS04_BRAFL,1.0,,,,,,1,,,,
B7PN14,B7PN14_IXOSC,1.0,,,,,,1,,,,
B7PGR2,B7PGR2_IXOSC,1.0,,,,,,1,,,,
B7PHK5,B7PHK5_IXOSC,1.0,,,,,,1,,,,
B7PIP9,B7PIP9_IXOSC,1.0,,,,,,1,,,,
B7PJ92,B7PJ92_IXOSC,1.0,,,,,,1,,,,
B7PJP8,B7PJP8_IXOSC,1.0,,,,,,1,,,,
B7PLD5,B7PLD5_IXOSC,1.0,,,,,,1,,,,
B7PMP3,B7PMP3_IXOSC,1.0,,,,,,1,,,,
B7PMU1,B7PMU1_IXOSC,1.0,,,,,,1,,,,
B7PNX5,B7PNX5_IXOSC,1.0,,,,,,1,,,,
B7PZ33,B7PZ33_IXOSC,1.0,,,,,,1,,,,
B7PRW5,B7PRW5_IXOSC,1.0,,,,,,1,,,,
B7PT11,B7PT11_IXOSC,1.0,,,,,,1,,,,
B7PTH0,B7PTH0_IXOSC,1.0,,,,,,1,,,,
B7PTH1,B7PTH1_IXOSC,1.0,,,,,,1,,,,
B7PTK1,B7PTK1_IXOSC,1.0,,,,,,1,,,,
B7PTY8,B7PTY8_IXOSC,1.0,,,,,,1,,,,
B7PVM1,B7PVM1_IXOSC,1.0,,,,,,1,,,,
B7PWN6,B7PWN6_IXOSC,1.0,,,,,,1,,,,
B7PG95,B7PG95_IXOSC,1.0,,,,,,1,,,,
B7PFN6,B7PFN6_IXOSC,1.0,,,,,,1,,,,
B7PC18,B7PC18_IXOSC,1.0,,,,,,1,,,,
B7PB17,B7PB17_IXOSC,1.0,,,,,,1,,,,
B7N8M1,B7N8M1_ECOLU,1.0,,,,,,1,,,,
B7NFV3,B7NFV3_ECOLU,1.0,,,,,,1,,,,
B7NK44,B7NK44_ECO7I,1.0,,,,,,1,,,,
B7NT57,B7NT57_ECO7I,1.0,,,,,,1,,,,
B7P0P3,B7P0P3_IXOSC,1.0,,,,,,1,,,,
B7P0Z3,B7P0Z3_IXOSC,1.0,,,,,,1,,,,
B7P144,B7P144_IXOSC,1.0,,,,,,1,,,,
B7P1I5,B7P1I5_IXOSC,1.0,,,,,,1,,,,
B7P1P1,B7P1P1_IXOSC,1.0,,,,,,1,,,,
B7P2Q2,B7P2Q2_IXOSC,1.0,,,,,,1,,,,
B7P3D1,B7P3D1_IXOSC,1.0,,,,,,1,,,,
B7P3H6,B7P3H6_IXOSC,1.0,,,,,,1,,,,
B7P747,B7P747_IXOSC,1.0,,,,,,1,,,,
B7P7L6,B7P7L6_IXOSC,1.0,,,,,,1,,,,
B7P869,B7P869_IXOSC,1.0,,,,,,1,,,,
B7P9H3,B7P9H3_IXOSC,1.0,,,,,,1,,,,
B7P9W7,B7P9W7_IXOSC,1.0,,,,,,1,,,,
B7PX83,B7PX83_IXOSC,1.0,,,,,,1,,,,
B7Q2H9,B7Q2H9_IXOSC,1.0,,,,,,1,,,,
B8BD01,B8BD01_ORYSI,1.0,,,,,,1,,,,
B8AI94,B8AI94_ORYSI,1.0,,,,,,1,,,,
B7WN72,B7WN72_CAEEL,1.0,,,,,,1,,,,
B7YZM3,B7YZM3_DROME,1.0,,,,,,1,,,,
B8A468,B8A468_DANRE,1.0,,,,,,1,,,,
B8A4B4,B8A4B4_DANRE,1.0,,,,,,1,,,,
B8A5T0,B8A5T0_DANRE,1.0,,,,,,1,,,,
B8A9G6,B8A9G6_ORYSI,1.0,,,,,,1,,,,
B8ADH1,B8ADH1_ORYSI,1.0,,,,,,1,,,,
B8ADP0,B8ADP0_ORYSI,1.0,,,,,,1,,,,
B8AIC8,B8AIC8_ORYSI,1.0,,,,,,1,,,,
B7Q4F0,B7Q4F0_IXOSC,1.0,,,,,,1,,,,
B8AK75,B8AK75_ORYSI,1.0,,,,,,1,,,,
B8AL29,B8AL29_ORYSI,1.0,,,,,,1,,,,
B8ANB1,B8ANB1_ORYSI,1.0,,,,,,1,,,,
B8API2,B8API2_ORYSI,1.0,,,,,,1,,,,
B8API3,B8API3_ORYSI,1.0,,,,,,1,,,,
B8AWJ7,B8AWJ7_ORYSI,1.0,,,,,,1,,,,
B8B0Q0,B8B0Q0_ORYSI,1.0,,,,,,1,,,,
B8B856,B8B856_ORYSI,1.0,,,,,,1,,,,
B7V856,B7V856_PSEA8,1.0,,,,,,1,,,,
B7V7G8,B7V7G8_PSEA8,1.0,,,,,,1,,,,
B7V0F7,B7V0F7_PSEA8,1.0,,,,,,1,,,,
B7UJH1,B7UJH1_ECO27,1.0,,,,,,1,,,,
B7Q4S6,B7Q4S6_IXOSC,1.0,,,,,,1,,,,
B7Q546,B7Q546_IXOSC,1.0,,,,,,1,,,,
B7Q5S3,B7Q5S3_IXOSC,1.0,,,,,,1,,,,
B7Q5S4,B7Q5S4_IXOSC,1.0,,,,,,1,,,,
B7Q7Q4,B7Q7Q4_IXOSC,1.0,,,,,,1,,,,
B7QBR9,B7QBR9_IXOSC,1.0,,,,,,1,,,,
B7QCZ0,B7QCZ0_IXOSC,1.0,,,,,,1,,,,
B7QDY1,B7QDY1_IXOSC,1.0,,,,,,1,,,,
B7QEJ6,B7QEJ6_IXOSC,1.0,,,,,,1,,,,
B7QFJ3,B7QFJ3_IXOSC,1.0,,,,,,1,,,,
B7QG11,B7QG11_IXOSC,1.0,,,,,,1,,,,
B7QGP5,B7QGP5_IXOSC,1.0,,,,,,1,,,,
B7QGZ7,B7QGZ7_IXOSC,1.0,,,,,,1,,,,
B7QMW7,B7QMW7_IXOSC,1.0,,,,,,1,,,,
B7QNX9,B7QNX9_IXOSC,1.0,,,,,,1,,,,
B7QNY1,B7QNY1_IXOSC,1.0,,,,,,1,,,,
B7UI20,B7UI20_ECO27,1.0,,,,,,1,,,,
B9HDA7,B9HDA7_POPTR,1.0,,,,,,1,,,,
B9HF57,B9HF57_POPTR,1.0,,,,,,1,,,,
B9HGB6,B9HGB6_POPTR,1.0,,,,,,1,,,,
C0R3E7,C0R3E7_WOLWR,1.0,,,,,,1,,,,
C0R0V0,C0R0V0_BRAHW,1.0,,,,,,1,,,,
C0R1B1,C0R1B1_BRAHW,1.0,,,,,,1,,,,
C0R2B7,C0R2B7_BRAHW,1.0,,,,,,1,,,,
C0R326,C0R326_WOLWR,1.0,,,,,,1,,,,
C0R329,C0R329_WOLWR,1.0,,,,,,1,,,,
C0R330,C0R330_WOLWR,1.0,,,,,,1,,,,
C0R347,C0R347_WOLWR,1.0,,,,,,1,,,,
C0R391,C0R391_WOLWR,1.0,,,,,,1,,,,
C0R3E9,C0R3E9_WOLWR,1.0,,,,,,1,,,,
C0R5T3,C0R5T3_WOLWR,1.0,,,,,,1,,,,
C0R3F0,C0R3F0_WOLWR,1.0,,,,,,1,,,,
C0R3F1,C0R3F1_WOLWR,1.0,,,,,,1,,,,
C0R3F4,C0R3F4_WOLWR,1.0,,,,,,1,,,,
C0R4T7,C0R4T7_WOLWR,1.0,,,,,,1,,,,
C0R557,C0R557_WOLWR,1.0,,,,,,1,,,,
C0R583,C0R583_WOLWR,1.0,,,,,,1,,,,
C0R5B8,C0R5B8_WOLWR,1.0,,,,,,1,,,,
C0R5N1,C0R5N1_WOLWR,1.0,,,,,,1,,,,
C0R0H0,C0R0H0_BRAHW,1.0,,,,,,1,,,,
C0R0G9,C0R0G9_BRAHW,1.0,,,,,,1,,,,
C0R0G8,C0R0G8_BRAHW,1.0,,,,,,1,,,,
C0R0G7,C0R0G7_BRAHW,1.0,,,,,,1,,,,
C0QYN7,C0QYN7_BRAHW,1.0,,,,,,1,,,,
C0QYN9,C0QYN9_BRAHW,1.0,,,,,,1,,,,
C0QYZ9,C0QYZ9_BRAHW,1.0,,,,,,1,,,,
C0QZ01,C0QZ01_BRAHW,1.0,,,,,,1,,,,
C0QZ02,C0QZ02_BRAHW,1.0,,,,,,1,,,,
C0QZ03,C0QZ03_BRAHW,1.0,,,,,,1,,,,
C0QZ04,C0QZ04_BRAHW,1.0,,,,,,1,,,,
C0QZ90,C0QZ90_BRAHW,1.0,,,,,,1,,,,
C0QZJ9,C0QZJ9_BRAHW,1.0,,,,,,1,,,,
C0QZQ9,C0QZQ9_BRAHW,1.0,,,,,,1,,,,
C0R025,C0R025_BRAHW,1.0,,,,,,1,,,,
C0R026,C0R026_BRAHW,1.0,,,,,,1,,,,
C0R0A0,C0R0A0_BRAHW,1.0,,,,,,1,,,,
C0R0A1,C0R0A1_BRAHW,1.0,,,,,,1,,,,
C0R0A3,C0R0A3_BRAHW,1.0,,,,,,1,,,,
C0R0A4,C0R0A4_BRAHW,1.0,,,,,,1,,,,
C0R0E1,C0R0E1_BRAHW,1.0,,,,,,1,,,,
C0R5R6,C0R5R6_WOLWR,1.0,,,,,,1,,,,
C0Z1Y9,C0Z1Y9_CAEEL,1.0,,,,,,1,,,,
B9HJG3,B9HJG3_POPTR,1.0,,,,,,1,,,,
C3NIT9,C3NIT9_SULIN,1.0,,,,,,1,,,,
C3L464,C3L464_AMOA5,1.0,,,,,,1,,,,
C3L469,C3L469_AMOA5,1.0,,,,,,1,,,,
C3L4D2,C3L4D2_AMOA5,1.0,,,,,,1,,,,
C3L4D6,C3L4D6_AMOA5,1.0,,,,,,1,,,,
C3L9X8,C3L9X8_BACAC,1.0,,,,,,1,,,,
C3LBB8,C3LBB8_BACAC,1.0,,,,,,1,,,,
C3LGJ9,C3LGJ9_BACAC,1.0,,,,,,1,,,,
C3LMR1,C3LMR1_VIBCM,1.0,,,,,,1,,,,
C3NJK3,C3NJK3_SULIN,1.0,,,,,,1,,,,
C0Z2X9,C0Z2X9_ARATH,1.0,,,,,,1,,,,
C3NQ96,C3NQ96_VIBCJ,1.0,,,,,,1,,,,
C3NZE3,C3NZE3_BACAA,1.0,,,,,,1,,,,
C3P366,C3P366_BACAA,1.0,,,,,,1,,,,
C3PBD5,C3PBD5_BACAA,1.0,,,,,,1,,,,
C3PMS2,C3PMS2_RICAE,1.0,,,,,,1,,,,
C3PP01,C3PP01_RICAE,1.0,,,,,,1,,,,
C3XPS7,C3XPS7_BRAFL,1.0,,,,,,1,,,,
C3XQA4,C3XQA4_BRAFL,1.0,,,,,,1,,,,
C3L409,C3L409_AMOA5,1.0,,,,,,1,,,,
C3KQR0,C3KQR0_RHISN,1.0,,,,,,1,,,,
C3K2E1,C3K2E1_PSEFS,1.0,,,,,,1,,,,
C3K078,C3K078_PSEFS,1.0,,,,,,1,,,,
C0Z4W4,C0Z4W4_BREBN,1.0,,,,,,1,,,,
C0Z5Z2,C0Z5Z2_BREBN,1.0,,,,,,1,,,,
C0ZAT6,C0ZAT6_BREBN,1.0,,,,,,1,,,,
C0ZJB6,C0ZJB6_BREBN,1.0,,,,,,1,,,,
C0ZLS6,C0ZLS6_RHOE4,1.0,,,,,,1,,,,
C0ZTS8,C0ZTS8_RHOE4,1.0,,,,,,1,,,,
C1AAU9,C1AAU9_GEMAT,1.0,,,,,,1,,,,
C1ABH7,C1ABH7_GEMAT,1.0,,,,,,1,,,,
C1ACQ7,C1ACQ7_GEMAT,1.0,,,,,,1,,,,
C1AE66,C1AE66_GEMAT,1.0,,,,,,1,,,,
C1B913,C1B913_RHOOB,1.0,,,,,,1,,,,
C1CWS2,C1CWS2_DEIDV,1.0,,,,,,1,,,,
C1CYH3,C1CYH3_DEIDV,1.0,,,,,,1,,,,
C1DK64,C1DK64_AZOVD,1.0,,,,,,1,,,,
C1ELS4,C1ELS4_BACC3,1.0,,,,,,1,,,,
C1EV21,C1EV21_BACC3,1.0,,,,,,1,,,,
C1EWJ6,C1EWJ6_BACC3,1.0,,,,,,1,,,,
C0QY32,C0QY32_BRAHW,1.0,,,,,,1,,,,
C0QXY8,C0QXY8_BRAHW,1.0,,,,,,1,,,,
C0QXN8,C0QXN8_BRAHW,1.0,,,,,,1,,,,
B9KF02,B9KF02_CAMLR,1.0,,,,,,1,,,,
B9ILM7,B9ILM7_POPTR,1.0,,,,,,1,,,,
B9IM57,B9IM57_POPTR,1.0,,,,,,1,,,,
B9J174,B9J174_BACCQ,1.0,,,,,,1,,,,
B9J3T3,B9J3T3_BACCQ,1.0,,,,,,1,,,,
B9JFW9,B9JFW9_AGRRK,1.0,,,,,,1,,,,
B9JMD9,B9JMD9_AGRRK,1.0,,,,,,1,,,,
B9JP22,B9JP22_AGRRK,1.0,,,,,,1,,,,
B9KCK6,B9KCK6_CAMLR,1.0,,,,,,1,,,,
B9KJ84,B9KJ84_ANAMF,1.0,,,,,,1,,,,
C0QXN6,C0QXN6_BRAHW,1.0,,,,,,1,,,,
B9M3Y6,B9M3Y6_GEODF,1.0,,,,,,1,,,,
B9MA67,B9MA67_ACIET,1.0,,,,,,1,,,,
B9MIR1,B9MIR1_ACIET,1.0,,,,,,1,,,,
B9W6W8,B9W6W8_CANDC,1.0,,,,,,1,,,,
B9W8J8,B9W8J8_CANDC,1.0,,,,,,1,,,,
B9W8P4,B9W8P4_CANDC,1.0,,,,,,1,,,,
B9W8P7,B9W8P7_CANDC,1.0,,,,,,1,,,,
B9W9U6,B9W9U6_CANDC,1.0,,,,,,1,,,,
B9IKT9,B9IKT9_POPTR,1.0,,,,,,1,,,,
B9IKJ8,B9IKJ8_POPTR,1.0,,,,,,1,,,,
B9IJ59,B9IJ59_POPTR,1.0,,,,,,1,,,,
B9IIW0,B9IIW0_POPTR,1.0,,,,,,1,,,,
B9HKH1,B9HKH1_POPTR,1.0,,,,,,1,,,,
B9HM28,B9HM28_POPTR,1.0,,,,,,1,,,,
B9HPI2,B9HPI2_POPTR,1.0,,,,,,1,,,,
B9HTA2,B9HTA2_POPTR,1.0,,,,,,1,,,,
B9HTX9,B9HTX9_POPTR,1.0,,,,,,1,,,,
B9HXL8,B9HXL8_POPTR,1.0,,,,,,1,,,,
B9I096,B9I096_POPTR,1.0,,,,,,1,,,,
B9I0R6,B9I0R6_POPTR,1.0,,,,,,1,,,,
B9I1Y3,B9I1Y3_POPTR,1.0,,,,,,1,,,,
B9I4B1,B9I4B1_POPTR,1.0,,,,,,1,,,,
B9I4T3,B9I4T3_POPTR,1.0,,,,,,1,,,,
B9I5I6,B9I5I6_POPTR,1.0,,,,,,1,,,,
B9I5I9,B9I5I9_POPTR,1.0,,,,,,1,,,,
B9I616,B9I616_POPTR,1.0,,,,,,1,,,,
B9IAP7,B9IAP7_POPTR,1.0,,,,,,1,,,,
B9ID59,B9ID59_POPTR,1.0,,,,,,1,,,,
B9IDN1,B9IDN1_POPTR,1.0,,,,,,1,,,,
B9WBY8,B9WBY8_CANDC,1.0,,,,,,1,,,,
B9WCU0,B9WCU0_CANDC,1.0,,,,,,1,,,,
B9WE06,B9WE06_CANDC,1.0,,,,,,1,,,,
C0QW68,C0QW68_BRAHW,1.0,,,,,,1,,,,
C0QW70,C0QW70_BRAHW,1.0,,,,,,1,,,,
C0QWD3,C0QWD3_BRAHW,1.0,,,,,,1,,,,
C0QWG5,C0QWG5_BRAHW,1.0,,,,,,1,,,,
C0QWG8,C0QWG8_BRAHW,1.0,,,,,,1,,,,
C0QWH7,C0QWH7_BRAHW,1.0,,,,,,1,,,,
C0QWS4,C0QWS4_BRAHW,1.0,,,,,,1,,,,
C0QWZ4,C0QWZ4_BRAHW,1.0,,,,,,1,,,,
C0QX50,C0QX50_BRAHW,1.0,,,,,,1,,,,
C0QX51,C0QX51_BRAHW,1.0,,,,,,1,,,,
C0QX62,C0QX62_BRAHW,1.0,,,,,,1,,,,
C0QX63,C0QX63_BRAHW,1.0,,,,,,1,,,,
C0QX90,C0QX90_BRAHW,1.0,,,,,,1,,,,
C0QX91,C0QX91_BRAHW,1.0,,,,,,1,,,,
C0QXD7,C0QXD7_BRAHW,1.0,,,,,,1,,,,
C0QXE5,C0QXE5_BRAHW,1.0,,,,,,1,,,,
C0QXK2,C0QXK2_BRAHW,1.0,,,,,,1,,,,
C0QXM9,C0QXM9_BRAHW,1.0,,,,,,1,,,,
C0QW69,C0QW69_BRAHW,1.0,,,,,,1,,,,
C0QW67,C0QW67_BRAHW,1.0,,,,,,1,,,,
B9WE82,B9WE82_CANDC,1.0,,,,,,1,,,,
C0QW34,C0QW34_BRAHW,1.0,,,,,,1,,,,
B9WHZ6,B9WHZ6_CANDC,1.0,,,,,,1,,,,
B9WJP0,B9WJP0_CANDC,1.0,,,,,,1,,,,
B9WK00,B9WK00_CANDC,1.0,,,,,,1,,,,
B9WKQ5,B9WKQ5_CANDC,1.0,,,,,,1,,,,
C0PUY1,C0PUY1_DROME,1.0,,,,,,1,,,,
C0QGR2,C0QGR2_DESAH,1.0,,,,,,1,,,,
C0QGR4,C0QGR4_DESAH,1.0,,,,,,1,,,,
C0QTV4,C0QTV4_PERMH,1.0,,,,,,1,,,,
C0QTZ7,C0QTZ7_PERMH,1.0,,,,,,1,,,,
C0QTZ8,C0QTZ8_PERMH,1.0,,,,,,1,,,,
C0QTZ9,C0QTZ9_PERMH,1.0,,,,,,1,,,,
C0QV39,C0QV39_BRAHW,1.0,,,,,,1,,,,
C0QV40,C0QV40_BRAHW,1.0,,,,,,1,,,,
C0QV57,C0QV57_BRAHW,1.0,,,,,,1,,,,
C0QVJ1,C0QVJ1_BRAHW,1.0,,,,,,1,,,,
C0QVJ2,C0QVJ2_BRAHW,1.0,,,,,,1,,,,
C0QVJ3,C0QVJ3_BRAHW,1.0,,,,,,1,,,,
A0A096N374,A0A096N374_PAPAN,1.0,,1,,,,,,,,
