,,,KOr74,GENETREEr79,OMAr2014,TREEFAMr9,ORTHODBv8,EggNOGv4,HOGENOMr6,HOVERGENr49,COGv2014,HumPhylomeDBv4
,,,K17196,ENSGT00780000121849,RATWGPH,TF312796,EOG7BS4BJ,COG1100,HOG000233973,HBG009351,NA,Q7Z444
ACC,ENTRY_NAME,Db_count,,,,,,,,,,
Q7TN89,RASE_MOUSE,9.0,1,1,1,1,1,1,1,1,,1
Q7Z444,RASE_HUMAN,9.0,1,1,1,1,1,1,1,1,,1
D3ZTE4,D3ZTE4_RAT,6.0,1,1,1,1,1,,,,,1
D3ZTE4,D3ZTE4_RAT,6.0,1,1,1,1,1,,,,,1
D2H7N3,D2H7N3_AILME,6.0,1,1,1,1,1,,1,,,
Q7ZUL8,Q7ZUL8_DANRE,6.0,,1,,1,,1,1,1,,1
B5FXD7,B5FXD7_TAEGU,5.0,,1,,1,,1,1,1,,
Q28CF3,Q28CF3_XENTR,5.0,,1,,1,,1,1,1,,
A5D7R9,A5D7R9_BOVIN,5.0,,1,,1,,1,1,1,,
A5D7L6,A5D7L6_BOVIN,5.0,,1,,1,,1,1,1,,
Q4V9D8,Q4V9D8_DANRE,5.0,,1,,1,,1,1,1,,
P62071,RRAS2_MOUSE,5.0,,1,,1,,1,1,1,,
P62070,RRAS2_HUMAN,5.0,,1,,1,,1,1,1,,
Q5U3A3,Q5U3A3_DANRE,5.0,,1,,1,,1,1,1,,
F7G8C5,F7G8C5_MACMU,5.0,1,1,1,1,1,,,,,
Q5BJU0,Q5BJU0_RAT,5.0,,1,,1,,1,1,1,,
O14807,RASM_HUMAN,5.0,,1,,1,,1,1,1,,
Q2TBH2,Q2TBH2_BOVIN,5.0,,1,,1,,1,1,1,,
B5G0X7,B5G0X7_TAEGU,5.0,,1,,1,,1,1,1,,
P63321,RALA_MOUSE,5.0,,1,,1,,1,1,1,,
Q61411,RASH_MOUSE,5.0,,1,,1,,1,1,1,,
I3LKQ6,I3LKQ6_PIG,5.0,1,1,1,1,1,,,,,
Q6JHX4,Q6JHX4_CHICK,5.0,,1,,1,,1,1,1,,
P08642,RASH_CHICK,5.0,,1,,1,,1,1,1,,
P63322,RALA_RAT,5.0,,1,,1,,1,1,1,,
F1P9B9,F1P9B9_CANFA,5.0,1,1,1,1,1,,,,,
P08644,RASK_RAT,5.0,,1,,1,,1,1,1,,
F7FGC9,F7FGC9_CALJA,5.0,1,1,1,1,1,,,,,
Q95ME4,RASN_MONDO,5.0,,1,,1,,1,1,1,,
Q9JIW9,RALB_MOUSE,5.0,,1,,1,,1,1,1,,
O57467,O57467_ORYLA,5.0,,1,,1,,1,1,1,,
A5D977,A5D977_BOVIN,5.0,,1,,1,,1,1,1,,
Q5ZIW8,Q5ZIW8_CHICK,5.0,,1,,1,,1,1,1,,
G1SAD4,G1SAD4_NOMLE,5.0,1,1,1,1,1,,,,,
A5PKL2,A5PKL2_BOVIN,5.0,,1,,1,,1,1,1,,
G3QPF2,G3QPF2_GORGO,5.0,1,1,1,1,1,,,,,
F6XG97,F6XG97_HORSE,5.0,1,1,1,1,1,,,,,
Q04970,RASN_RAT,5.0,,1,,1,,1,1,1,,
Q66JH1,Q66JH1_XENTR,5.0,,1,,1,,1,1,1,,
Q568M0,Q568M0_DANRE,5.0,,1,,1,,1,1,1,,
P01112,RASH_HUMAN,5.0,,1,,1,,1,1,1,,
Q7T383,Q7T383_DANRE,5.0,,1,,1,,1,1,1,,
Q6DC92,Q6DC92_DANRE,5.0,,1,,1,,1,1,1,,
Q28EW2,Q28EW2_XENTR,5.0,,1,,1,,1,1,1,,
P12825,RASN_CAVPO,5.0,,1,,1,,1,1,1,,
Q2MJK3,RASN_PIG,5.0,,1,,1,,1,1,1,,
P11234,RALB_HUMAN,5.0,,1,,1,,1,1,1,,
P01116,RASK_HUMAN,5.0,,1,,1,,1,1,1,,
P11233,RALA_HUMAN,5.0,,1,,1,,1,1,1,,
H2PVJ9,H2PVJ9_PONAB,5.0,1,1,1,1,1,,,,,
Q503B6,Q503B6_DANRE,5.0,,1,,1,,1,1,1,,
P10301,RRAS_HUMAN,5.0,,1,,1,,1,1,1,,
E1BEP6,E1BEP6_BOVIN,5.0,1,1,1,1,1,,,,,
O42277,RASK_ORYLA,4.0,,1,,,,1,1,1,,
P01111,RASN_HUMAN,4.0,,,,1,,1,1,1,,
G3ST55,G3ST55_LOXAF,4.0,,1,1,1,1,,,,,
I3N980,I3N980_SPETR,4.0,,1,1,1,1,,,,,
Q1MTL0,Q1MTL0_DANRE,4.0,,1,,,,1,1,1,,
M3WEP3,M3WEP3_FELCA,4.0,1,1,1,,1,,,,,
Q4SQ77,Q4SQ77_TETNG,4.0,,1,,1,,1,,1,,
P32883,RASK_MOUSE,4.0,,,,1,,1,1,1,,
Q3ZCK2,Q3ZCK2_BOVIN,4.0,,1,,1,,,1,1,,
Q6AZA4,Q6AZA4_DANRE,4.0,,1,,1,,,1,1,,
Q5F352,RASN_CHICK,4.0,,1,,,,1,1,1,,
G1PY35,G1PY35_MYOLU,4.0,,1,1,1,1,,,,,
Q4SAD9,Q4SAD9_TETNG,4.0,,1,,1,,1,,1,,
Q4S7E9,Q4S7E9_TETNG,4.0,,1,,1,,1,,1,,
H0VYQ3,H0VYQ3_CAVPO,4.0,,1,1,1,1,,,,,
H0WXX6,H0WXX6_OTOGA,4.0,,1,1,1,1,,,,,
O08989,RASM_MOUSE,4.0,,,,1,,1,1,1,,
P10833,RRAS_MOUSE,4.0,,,,1,,1,1,1,,
P20171,RASH_RAT,4.0,,1,,,,1,1,1,,
P01119,RAS1_YEAST,3.0,,1,,,,1,1,,,
A9JSB8,A9JSB8_XENTR,3.0,,,,,,1,1,1,,
D2HLT6,D2HLT6_AILME,3.0,,1,,1,,,1,,,
Q96D21,RHES_HUMAN,3.0,,,,,,1,1,1,,
Q6P834,Q6P834_XENTR,3.0,,,,,,1,1,1,,
P01120,RAS2_YEAST,3.0,,1,,,,1,1,,,
Q5F3U5,Q5F3U5_CHICK,3.0,,,,,,1,1,1,,
Q9D091,Q9D091_MOUSE,3.0,,1,,1,,,,1,,
D2HLW6,D2HLW6_AILME,3.0,,1,,1,,,1,,,
B8JIV0,B8JIV0_DANRE,3.0,,,,,,1,1,1,,
Q9H628,RERGL_HUMAN,3.0,,,,,,1,1,1,,
A7MC95,A7MC95_DANRE,3.0,,,,,,1,1,1,,
B5FYF9,B5FYF9_TAEGU,3.0,,,,,,1,1,1,,
Q503D0,Q503D0_DANRE,3.0,,,,,,1,1,1,,
A2VDP3,A2VDP3_BOVIN,3.0,,,,,,1,1,1,,
Q9D8T3,REBL1_MOUSE,3.0,,,,,,1,1,1,,
Q96A58,RERG_HUMAN,3.0,,,,,,1,1,1,,
Q6DGD1,Q6DGD1_DANRE,3.0,,1,,1,,,,1,,
P22981,LET60_CAEEL,3.0,,1,,,,1,1,,,
B3DJU3,B3DJU3_DANRE,3.0,,,,,,1,1,1,,
Q7YS69,REBL1_BOVIN,3.0,,,,,,1,1,1,,
B5FY98,B5FY98_TAEGU,3.0,,,,,,1,1,1,,
Q5PR73,DIRA2_MOUSE,3.0,,,,,,1,1,1,,
A6H634,A6H634_MOUSE,3.0,,,,,,1,1,1,,
D2H1A6,D2H1A6_AILME,3.0,,1,,1,,,1,,,
Q15382,RHEB_HUMAN,3.0,,,,,,1,1,1,,
Q6DGN0,RERGL_DANRE,3.0,,,,,,1,1,1,,
Q3ZBQ6,Q3ZBQ6_BOVIN,3.0,,,,,,1,1,1,,
Q3SZ02,Q3SZ02_BOVIN,3.0,,,,,,1,1,1,,
Q9N3F8,Q9N3F8_CAEEL,3.0,,1,,,,1,1,,,
Q5SSG5,RSLAB_MOUSE,3.0,,,,,,1,1,1,,
Q15B95,Q15B95_PIG,3.0,,,,,,1,1,1,,
Q5RKJ7,Q5RKJ7_RAT,3.0,,1,,1,,,,1,,
Q19NX1,Q19NX1_CHICK,3.0,,,,,,1,1,1,,
P97538,RASM_RAT,3.0,,,,,,1,1,1,,
Q99JI6,RAP1B_MOUSE,3.0,,,,,,1,1,1,,
Q99578,RIT2_HUMAN,3.0,,,,,,1,1,1,,
Q0IIT4,Q0IIT4_XENTR,3.0,,,,,,1,1,1,,
Q6IQP4,Q6IQP4_DANRE,3.0,,,,,,1,1,1,,
Q5BJQ5,RIT2_RAT,3.0,,,,,,1,1,1,,
Q803Y2,Q803Y2_DANRE,3.0,,,,,,1,1,1,,
Q007S9,Q007S9_PIG,3.0,,,,,,1,1,1,,
Q06A93,Q06A93_PIG,3.0,,,,,,1,1,1,,
Q4V8V9,Q4V8V9_DANRE,3.0,,,,,,1,1,1,,
Q1LV74,Q1LV74_DANRE,3.0,,,,,,1,1,1,,
Q80ZJ1,RAP2A_MOUSE,3.0,,,,,,1,1,1,,
Q9JKF8,RASD1_RAT,3.0,,,,,,1,1,1,,
Q5RHY9,Q5RHY9_DANRE,3.0,,,,,,1,1,1,,
B7ZST5,B7ZST5_XENTR,3.0,,,,,,1,1,1,,
P36860,RALB_RAT,3.0,,,,,,1,1,1,,
P10114,RAP2A_HUMAN,3.0,,,,,,1,1,1,,
Q96S79,RSLAB_HUMAN,3.0,,,,,,1,1,1,,
B8A547,B8A547_DANRE,3.0,,,,,,1,1,1,,
Q96HU8,DIRA2_HUMAN,3.0,,,,,,1,1,1,,
D2GYH3,D2GYH3_AILME,3.0,,1,,1,,,1,,,
Q5XIZ2,Q5XIZ2_DANRE,3.0,,1,,,,,1,1,,
Q6DF49,Q6DF49_XENTR,3.0,,,,,,1,1,1,,
P61225,RAP2B_HUMAN,3.0,,,,,,1,1,1,,
P61223,RAP1B_BOVIN,3.0,,,,,,1,1,1,,
A4IGH1,A4IGH1_DANRE,3.0,,,,,,1,1,1,,
A4IFU2,A4IFU2_BOVIN,3.0,,,,,,1,1,1,,
Q28G68,Q28G68_XENTR,3.0,,,,,,1,1,1,,
P70426,RIT1_MOUSE,3.0,,,,,,1,1,1,,
Q5XJT7,Q5XJT7_DANRE,3.0,,,,,,1,1,1,,
Q78P65,Q78P65_RAT,3.0,,,,,,1,1,1,,
Q28EI5,Q28EI5_XENTR,3.0,,,,,,1,1,1,,
Q28DY2,Q28DY2_XENTR,3.0,,,,,,1,1,1,,
A7STP5,A7STP5_NEMVE,3.0,,,,,,1,1,,,1
Q921J2,RHEB_MOUSE,3.0,,,,,,1,1,1,,
B5FY53,B5FY53_TAEGU,3.0,,,,,,1,1,1,,
Q28BW7,Q28BW7_XENTR,3.0,,,,,,1,1,1,,
Q0VCJ7,RERG_BOVIN,3.0,,,,,,1,1,1,,
A5D7A4,A5D7A4_BOVIN,3.0,,,,,,1,1,1,,
Q8R367,RERG_MOUSE,3.0,,,,,,1,1,1,,
Q92963,RIT1_HUMAN,3.0,,,,,,1,1,1,,
P61224,RAP1B_HUMAN,3.0,,,,,,1,1,1,,
P61226,RAP2B_MOUSE,3.0,,,,,,1,1,1,,
Q0VFI1,Q0VFI1_XENTR,3.0,,,,,,1,1,1,,
P61227,RAP2B_RAT,3.0,,,,,,1,1,1,,
P62836,RAP1A_RAT,3.0,,,,,,1,1,1,,
P62835,RAP1A_MOUSE,3.0,,,,,,1,1,1,,
P62834,RAP1A_HUMAN,3.0,,,,,,1,1,1,,
P62833,RAP1A_BOVIN,3.0,,,,,,1,1,1,,
B0LVF6,B0LVF6_ANOCA,3.0,,,,,,1,1,1,,
Q07983,RASK_MONDO,3.0,,,,,,1,1,1,,
Q2LIW5,Q2LIW5_GASAC,3.0,,,,,,1,1,1,,
W5P6U9,W5P6U9_SHEEP,3.0,1,1,1,,,,,,,
Q2LIX0,Q2LIX0_XENTR,3.0,,,,,,1,1,1,,
A5A6J7,RAP1B_PANTR,3.0,,,,,,1,1,1,,
Q8TAI7,REBL1_HUMAN,3.0,,,,,,1,1,1,,
Q08CD8,Q08CD8_DANRE,3.0,,,,,,1,1,1,,
A4II48,A4II48_XENTR,3.0,,,,,,1,1,1,,
B0BMF5,B0BMF5_XENTR,3.0,,1,,1,,,,1,,
A0JN17,A0JN17_RAT,3.0,,,,,,1,1,1,,
P63033,RHES_RAT,3.0,,,,,,1,1,1,,
Q62636,RAP1B_RAT,3.0,,,,,,1,1,1,,
Q0VEC9,Q0VEC9_MOUSE,3.0,1,,1,,,,,1,,
Q91Z61,DIRA1_MOUSE,3.0,,,,,,1,1,1,,
Q5ZHX1,RAP1B_CHICK,3.0,,,,,,1,1,1,,
Q5XWT8,Q5XWT8_DANRE,3.0,,,,,,1,1,1,,
Q7T393,Q7T393_DANRE,3.0,,,,,,1,1,1,,
B5FY77,B5FY77_TAEGU,3.0,,,,,,1,1,1,,
Q56JV3,RHEB_BOVIN,3.0,,,,,,1,1,1,,
O95661,DIRA3_HUMAN,3.0,,,,,,1,1,1,,
A9ULF5,A9ULF5_XENTR,3.0,,,,,,1,1,1,,
Q7SY59,Q7SY59_DANRE,3.0,,,,,,1,1,1,,
Q6TEN1,RAP1B_DANRE,3.0,,,,,,1,1,1,,
O95057,DIRA1_HUMAN,3.0,,,,,,1,1,1,,
Q5ZKS5,Q5ZKS5_CHICK,3.0,,,,,,1,1,1,,
Q7TNZ5,REBL1_RAT,3.0,,,,,,1,1,1,,
Q08DI5,RAP2C_BOVIN,3.0,,,,,,1,1,1,,
Q6PHV8,Q6PHV8_DANRE,3.0,,,,,,1,1,1,,
Q9Y272,RASD1_HUMAN,3.0,,,,,,1,1,1,,
O35626,RASD1_MOUSE,3.0,,,,,,1,1,1,,
Q5XWT6,Q5XWT6_CHICK,3.0,,,,,,1,1,1,,
Q5ZLJ5,Q5ZLJ5_CHICK,3.0,,,,,,1,1,1,,
Q9Y3L5,RAP2C_HUMAN,3.0,,,,,,1,1,1,,
Q6GL94,Q6GL94_XENTR,2.0,,,,,,1,,1,,
O62638,O62638_FELCA,2.0,,,,,,1,1,,,
Q6DUE6,Q6DUE6_RABIT,2.0,,,,,,1,,1,,
A7RZG3,A7RZG3_NEMVE,2.0,,,,,,1,1,,,
O62639,O62639_CANFA,2.0,,,,,,1,1,,,
Q68EK7,RAB4B_DANRE,2.0,,,,,,1,,1,,
Q6DUE5,Q6DUE5_RABIT,2.0,,,,,,1,,1,,
Q68FA1,Q68FA1_XENTR,2.0,,,,,,1,,1,,
O19018,O19018_MONDO,2.0,,,,,,1,,1,,
O62857,O62857_CANFA,2.0,,,,,,1,1,,,
Q4SP01,Q4SP01_TETNG,2.0,,,,,,1,,1,,
Q4SI10,Q4SI10_TETNG,2.0,,1,,,,1,,,,
B3DK70,B3DK70_DANRE,2.0,,,,,,1,,1,,
Q08BX0,Q08BX0_DANRE,2.0,,,,,,1,,1,,
O61287,O61287_CIOSA,2.0,,,,,,1,,1,,
Q4SES5,Q4SES5_TETNG,2.0,,,,,,1,,1,,
Q4SE22,Q4SE22_TETNG,2.0,,,,,,1,1,,,
Q4SPX7,Q4SPX7_TETNG,2.0,,,,,,1,,1,,
B8JLC8,B8JLC8_DANRE,2.0,,,,,,1,,1,,
Q6GL60,Q6GL60_XENTR,2.0,,,,,,1,,1,,
B2RZ46,B2RZ46_RAT,2.0,,,,,,1,,1,,
A7RQA3,A7RQA3_NEMVE,2.0,,,,,,1,1,,,
Q09930,Q09930_CAEEL,2.0,,,,,,1,1,,,
Q4SE27,Q4SE27_TETNG,2.0,,,,,,1,,1,,
O75628,REM1_HUMAN,2.0,,1,,,,1,,,,
Q4SEC4,Q4SEC4_TETNG,2.0,,,,,,1,,1,,
A7RRV2,A7RRV2_NEMVE,2.0,,,,,,1,1,,,
Q6GL73,Q6GL73_XENTR,2.0,,,,,,1,,1,,
Q6DGB3,Q6DGB3_DANRE,2.0,,,,,,1,,1,,
Q6GLB1,Q6GLB1_XENTR,2.0,,,,,,1,,1,,
Q4SMG9,Q4SMG9_TETNG,2.0,,,,,,1,,1,,
Q6FGP0,Q6FGP0_HUMAN,2.0,,1,,,,,,1,,
B2KGV5,B2KGV5_MOUSE,2.0,,1,,,,1,,,,
Q4SES0,Q4SES0_TETNG,2.0,,,,,,1,1,,,
B8JLR8,B8JLR8_DANRE,2.0,,,,,,1,,1,,
Q08DC2,Q08DC2_BOVIN,2.0,,,,,,1,,1,,
Q6AXT5,RAB21_RAT,2.0,,,,,,1,,1,,
B8C1N9,B8C1N9_THAPS,2.0,,,,,,1,1,,,
Q08DE8,RAB7B_BOVIN,2.0,,,,,,1,,1,,
Q4SET4,Q4SET4_TETNG,2.0,,,,,,1,,1,,
Q4SF98,Q4SF98_TETNG,2.0,,,,,,1,,1,,
Q6DI36,Q6DI36_DANRE,2.0,,,,,,1,,1,,
Q4SGG8,Q4SGG8_TETNG,2.0,,,,,,1,,1,,
Q4SJS2,Q4SJS2_TETNG,2.0,,,,,,1,,1,,
Q6DGV5,Q6DGV5_DANRE,2.0,,,,,,1,,1,,
O35963,RB33B_MOUSE,2.0,,,,,,1,,1,,
A7S8C2,A7S8C2_NEMVE,2.0,,,,,,1,1,,,
O35929,REM1_MOUSE,2.0,,1,,,,1,,,,
O35509,RB11B_RAT,2.0,,,,,,1,,1,,
Q6DI07,Q6DI07_DANRE,2.0,,,,,,1,,1,,
O14966,RAB7L_HUMAN,2.0,,,,,,1,,1,,
Q6DHJ2,Q6DHJ2_DANRE,2.0,,,,,,1,,1,,
Q4SFX3,Q4SFX3_TETNG,2.0,,,,,,1,,1,,
Q6DHC1,RB18B_DANRE,2.0,,,,,,1,,1,,
A7RY50,A7RY50_NEMVE,2.0,,,,,,1,1,,,
Q4SGN5,Q4SGN5_TETNG,2.0,,,,,,1,1,,,
Q6DJS2,Q6DJS2_XENTR,2.0,,,,,,1,,1,,
O44026,O44026_9TRYP,2.0,,,,,,1,1,,,
Q4SM11,Q4SM11_TETNG,2.0,,,,,,1,,1,,
A7SB93,A7SB93_NEMVE,2.0,,,,,,1,1,,,
O17599,O17599_CAEEL,2.0,,,,,,1,1,,,
Q4SIG3,Q4SIG3_TETNG,2.0,,,,,,1,,1,,
A7SAS1,A7SAS1_NEMVE,2.0,,,,,,1,1,,,
Q08D03,Q08D03_XENTR,2.0,,,,,,1,,1,,
Q4SIY0,Q4SIY0_TETNG,2.0,,,,,,1,,1,,
Q4SKI0,Q4SKI0_TETNG,2.0,,,,,,1,,1,,
Q6DGH0,Q6DGH0_DANRE,2.0,,,,,,1,,1,,
A7S2H9,A7S2H9_NEMVE,2.0,,,,,,1,1,,,
Q08DW1,Q08DW1_BOVIN,2.0,,,,,,1,,1,,
A7RTS1,A7RTS1_NEMVE,2.0,,,,,,1,1,,,
Q6DJ60,Q6DJ60_XENTR,2.0,,,,,,1,,1,,
Q4SJA8,Q4SJA8_TETNG,2.0,,,,,,1,,1,,
A7S8Z9,A7S8Z9_NEMVE,2.0,,,,,,1,1,,,
Q6DJ10,Q6DJ10_XENTR,2.0,,,,,,1,,1,,
Q6GL96,Q6GL96_XENTR,2.0,,,,,,1,,1,,
H2QNG3,H2QNG3_PANTR,2.0,,1,,1,,,,,,
Q6GLH0,Q6GLH0_XENTR,2.0,,,,,,1,,1,,
I3MJC5,I3MJC5_SPETR,2.0,,1,,1,,,,,,
Q6RUV5,RAC1_RAT,2.0,,,,,,1,,1,,
Q6SA80,RND3_RAT,2.0,,,,,,1,,1,,
Q6T310,RSLBA_HUMAN,2.0,,,,,,1,1,,,
Q4RWB1,Q4RWB1_TETNG,2.0,,,,,,1,,1,,
I3N6E9,I3N6E9_SPETR,2.0,,1,,1,,,,,,
A5GHL0,A5GHL0_PIG,2.0,,,,,,1,,1,,
I3MT44,I3MT44_SPETR,2.0,,1,,1,,,,,,
Q4RW89,Q4RW89_TETNG,2.0,,,,,,1,,1,,
O01312,O01312_CAEEL,2.0,,,,,,1,1,,,
Q4RW56,Q4RW56_TETNG,2.0,,,,,,1,,1,,
I3MDQ1,I3MDQ1_SPETR,2.0,,1,,1,,,,,,
Q4RVX6,Q4RVX6_TETNG,2.0,,,,,,1,,1,,
A5D7J5,RHOU_BOVIN,2.0,,,,,,1,,1,,
I3LZC6,I3LZC6_SPETR,2.0,,1,,1,,,,,,
A5D7E0,A5D7E0_BOVIN,2.0,,,,,,1,,1,,
I3LY59,I3LY59_SPETR,2.0,,1,,1,,,,,,
I3NBL5,I3NBL5_SPETR,2.0,,1,,1,,,,,,
I3NE69,I3NE69_SPETR,2.0,,1,,1,,,,,,
A5PJP3,A5PJP3_BOVIN,2.0,,,,,,1,,1,,
A5PJV4,A5PJV4_BOVIN,2.0,,,,,,1,,1,,
K7F7N6,K7F7N6_PELSI,2.0,,1,,1,,,,,,
Q4RXU9,Q4RXU9_TETNG,2.0,,,,,,1,,1,,
Q4RXE7,Q4RXE7_TETNG,2.0,,,,,,1,,1,,
K7E3X1,K7E3X1_MONDO,2.0,,1,,1,,,,,,
A5PLC7,A5PLC7_DANRE,2.0,,,,,,1,,1,,
A5PLA1,A5PLA1_DANRE,2.0,,,,,,1,,1,,
A5PKJ7,A5PKJ7_BOVIN,2.0,,,,,,1,,1,,
Q6PE19,Q6PE19_DANRE,2.0,,,,,,1,,1,,
Q6PE28,Q6PE28_DANRE,2.0,,,,,,1,,1,,
J9P550,J9P550_CANFA,2.0,,1,,1,,,,,,
J9NX28,J9NX28_CANFA,2.0,,1,,1,,,,,,
Q6PFU4,Q6PFU4_DANRE,2.0,,,,,,1,,1,,
Q4RWV1,Q4RWV1_TETNG,2.0,,,,,,1,,1,,
Q6PHI9,RAB4A_DANRE,2.0,,,,,,1,,1,,
Q6PHN9,RAB35_MOUSE,2.0,,,,,,1,,1,,
I3LV17,I3LV17_PIG,2.0,,1,,1,,,,,,
Q6ZWR0,Q6ZWR0_MOUSE,2.0,,,,,,1,,1,,
Q71U76,Q71U76_PIG,2.0,,,,,,1,1,,,
H3D9S3,H3D9S3_TETNG,2.0,,1,,1,,,,,,
H3D814,H3D814_TETNG,2.0,,1,,1,,,,,,
H3CY15,H3CY15_TETNG,2.0,,1,,1,,,,,,
Q4RL52,Q4RL52_TETNG,2.0,,,,,,1,,1,,
H3C9Q4,H3C9Q4_TETNG,2.0,,1,,1,,,,,,
P63000,RAC1_HUMAN,2.0,,,,,,1,,1,,
Q4RKS5,Q4RKS5_TETNG,2.0,,,,,,1,,1,,
Q7PWF0,Q7PWF0_ANOGA,2.0,,,,,,1,1,,,
H3BGF4,H3BGF4_LATCH,2.0,,1,,1,,,,,,
Q4RK57,Q4RK57_TETNG,2.0,,,,,,1,,1,,
Q7PYE6,Q7PYE6_ANOGA,2.0,,,,,,1,1,,,
H3BGF2,H3BGF2_LATCH,2.0,,1,,1,,,,,,
H3BC69,H3BC69_LATCH,2.0,,1,,1,,,,,,
H3BBK6,H3BBK6_LATCH,2.0,,1,,1,,,,,,
H3B6M7,H3B6M7_LATCH,2.0,,1,,1,,,,,,
Q4RIJ7,Q4RIJ7_TETNG,2.0,,,,,,1,,1,,
Q7PNS9,Q7PNS9_ANOGA,2.0,,,,,,1,1,,,
Q7PMT0,Q7PMT0_ANOGA,2.0,,,,,,1,1,,,
I3LQN1,I3LQN1_PIG,2.0,,1,,1,,,,,,
B5DEP2,B5DEP2_RAT,2.0,,,,,,1,,1,,
I3LPD9,I3LPD9_PIG,2.0,,1,,1,,,,,,
Q4RVC5,Q4RVC5_TETNG,2.0,,,,,,1,,1,,
I3LCQ9,I3LCQ9_PIG,2.0,,1,,1,,,,,,
I3LAJ6,I3LAJ6_PIG,2.0,,1,,1,,,,,,
Q4RQW6,Q4RQW6_TETNG,2.0,,,,,,1,,1,,
Q4RPA0,Q4RPA0_TETNG,2.0,,,,,,1,,1,,
H9H701,H9H701_MONDO,2.0,,1,,1,,,,,,
H9GP94,H9GP94_ANOCA,2.0,,1,,1,,,,,,
H9GNS2,H9GNS2_ANOCA,2.0,,1,,1,,,,,,
H9GIU7,H9GIU7_ANOCA,2.0,,1,,1,,,,,,
Q7L0Q8,RHOU_HUMAN,2.0,,,,,,1,,1,,
B5DF78,B5DF78_RAT,2.0,,,,,,1,,1,,
Q4RMS0,Q4RMS0_TETNG,2.0,,,,,,1,,1,,
B5DEW2,B5DEW2_XENTR,2.0,,,,,,1,,1,,
Q7PKD8,Q7PKD8_ANOGA,2.0,,,,,,1,1,,,
Q6P977,Q6P977_DANRE,2.0,,,,,,1,,1,,
Q6P8F4,Q6P8F4_XENTR,2.0,,,,,,1,,1,,
K7FNW6,K7FNW6_PELSI,2.0,,1,,1,,,,,,
Q0IEW6,Q0IEW6_AEDAE,2.0,,,,,,1,1,,,
Q4S9J8,Q4S9J8_TETNG,2.0,,,,,,1,1,,,
Q4S9G4,Q4S9G4_TETNG,2.0,,,,,,1,,1,,
Q6IML3,Q6IML3_HORSE,2.0,,,,,,1,,1,,
Q4S9C1,Q4S9C1_TETNG,2.0,,,,,,1,,1,,
B5G1H7,B5G1H7_TAEGU,2.0,,,,,,1,,1,,
Q0IIG7,RAB5A_BOVIN,2.0,,,,,,1,,1,,
Q4S936,Q4S936_TETNG,2.0,,,,,,1,,1,,
Q0IIG8,RAB18_BOVIN,2.0,,,,,,1,,1,,
Q4S7P3,Q4S7P3_TETNG,2.0,,,,,,1,,1,,
B5G1B5,B5G1B5_TAEGU,2.0,,,,,,1,,1,,
Q6IQ22,RAB12_HUMAN,2.0,,,,,,1,,1,,
Q4S7E4,Q4S7E4_TETNG,2.0,,,,,,1,1,,,
Q6IQG4,Q6IQG4_DANRE,2.0,,,,,,1,,1,,
Q4S6Z7,Q4S6Z7_TETNG,2.0,,,,,,1,,1,,
Q66KL6,Q66KL6_XENTR,2.0,,,,,,1,,1,,
Q4S9K3,Q4S9K3_TETNG,2.0,,,,,,1,,1,,
Q6IMB1,RSLBA_MOUSE,2.0,,,,,,1,1,,,
Q0P3V5,Q0P3V5_DANRE,2.0,,,,,,1,,1,,
A7MCP4,A7MCP4_DANRE,2.0,,,,,,1,,1,,
A7RLN1,A7RLN1_NEMVE,2.0,,,,,,1,1,,,
B3DL56,B3DL56_XENTR,2.0,,,,,,1,,1,,
O00212,RHOD_HUMAN,2.0,,,,,,1,,1,,
O00194,RB27B_HUMAN,2.0,,,,,,1,,1,,
Q4SBL3,Q4SBL3_TETNG,2.0,,,,,,1,,1,,
Q4SBG4,Q4SBG4_TETNG,2.0,,,,,,1,,1,,
Q4SAS0,Q4SAS0_TETNG,2.0,,,,,,1,,1,,
A7RH60,A7RH60_NEMVE,2.0,,,,,,1,1,,,
A7RH58,A7RH58_NEMVE,2.0,,,,,,1,1,,,
Q6GQM5,Q6GQM5_DANRE,2.0,,,,,,1,,1,,
Q6GQP4,RAB31_RAT,2.0,,,,,,1,,1,,
Q4S9M0,Q4S9M0_TETNG,2.0,,,,,,1,,1,,
B5G1Y6,B5G1Y6_TAEGU,2.0,,,,,,1,,1,,
Q6IMA3,RSLBA_RAT,2.0,,,,,,1,1,,,
Q6IMA7,RSLBB_RAT,2.0,,,,,,1,1,,,
Q4S5T1,Q4S5T1_TETNG,2.0,,,,,,1,,1,,
Q4S4J5,Q4S4J5_TETNG,2.0,,,,,,1,,1,,
Q6P7Z7,Q6P7Z7_XENTR,2.0,,,,,,1,,1,,
A7E2L1,A7E2L1_DANRE,2.0,,,,,,1,,1,,
A7E2I6,A7E2I6_DANRE,2.0,,,,,,1,,1,,
Q6P0U3,RSLBB_DANRE,2.0,,,,,,1,1,,,
Q6P129,Q6P129_DANRE,2.0,,,,,,1,,1,,
Q6P304,Q6P304_XENTR,2.0,,,,,,1,,1,,
Q0PD08,Q0PD08_MOUSE,2.0,,,,,,1,,1,,
K7G9J5,K7G9J5_PELSI,2.0,,1,,1,,,,,,
K7G8A2,K7G8A2_PELSI,2.0,,1,,1,,,,,,
Q6P4L8,Q6P4L8_XENTR,2.0,,,,,,1,,1,,
A6QQY0,A6QQY0_BOVIN,2.0,,,,,,1,,1,,
A6QPX8,A6QPX8_BOVIN,2.0,,,,,,1,,1,,
K7G5M9,K7G5M9_PELSI,2.0,,1,,1,,,,,,
A6QLS9,A6QLS9_BOVIN,2.0,,,,,,1,,1,,
K7FRB1,K7FRB1_PELSI,2.0,,1,,1,,,,,,
A6QLB1,A6QLB1_BOVIN,2.0,,,,,,1,,1,,
Q4RY36,Q4RY36_TETNG,2.0,,,,,,1,,1,,
A7E2J8,A7E2J8_DANRE,2.0,,,,,,1,1,,,
Q6NYQ4,Q6NYQ4_DANRE,2.0,,,,,,1,,1,,
Q0P3Y1,Q0P3Y1_DANRE,2.0,,,,,,1,,1,,
K7G9T0,K7G9T0_PELSI,2.0,,1,,1,,,,,,
Q0P458,Q0P458_DANRE,2.0,,,,,,1,,1,,
Q4S3D2,Q4S3D2_TETNG,2.0,,,,,,1,,1,,
Q0P4B0,Q0P4B0_DANRE,2.0,,,,,,1,,1,,
Q0P4E7,Q0P4E7_DANRE,2.0,,1,,,,1,,,,
Q4S1J3,Q4S1J3_TETNG,2.0,,,,,,1,,1,,
Q4S1I7,Q4S1I7_TETNG,2.0,,,,,,1,1,,,
Q4S170,Q4S170_TETNG,2.0,,,,,,1,,1,,
Q4S164,Q4S164_TETNG,2.0,,,,,,1,1,,,
M0RC99,RAB5A_RAT,2.0,,,,,,1,,1,,
Q0P4N2,Q0P4N2_XENTR,2.0,,,,,,1,,1,,
B5FZE0,B5FZE0_TAEGU,2.0,,,,,,1,,1,,
K9J8B5,K9J8B5_XENTR,2.0,,1,,1,,,,,,
Q6NVL3,Q6NVL3_XENTR,2.0,,,,,,1,,1,,
Q6NYB7,RAB1A_RAT,2.0,,,,,,1,,1,,
K7GHX8,K7GHX8_PELSI,2.0,,1,,1,,,,,,
Q4S631,Q4S631_TETNG,2.0,,,,,,1,,1,,
A7SZN4,A7SZN4_NEMVE,2.0,,,,,,1,1,,,
Q66KA9,Q66KA9_XENTR,2.0,,,,,,1,,1,,
P48555,RALA_DROME,2.0,,1,,,,1,,,,
P46638,RB11B_MOUSE,2.0,,,,,,1,,1,,
Q58DS5,RAB13_BOVIN,2.0,,,,,,1,,1,,
Q58DS9,RAB5C_BOVIN,2.0,,,,,,1,,1,,
Q58DW6,RAB25_BOVIN,2.0,,,,,,1,,1,,
P46629,RAB25_RABIT,2.0,,,,,,1,,1,,
B6H5C3,B6H5C3_PENCW,2.0,,,,,,1,1,,,
B7NZR8,B7NZR8_RABIT,2.0,,,,,,1,,1,,
B0WFI4,B0WFI4_CULQU,2.0,,,,,,1,1,,,
P79737,RASN_DANRE,2.0,,,,,,1,,1,,
P79800,RASK_MELGA,2.0,,1,,,,,,1,,
Q507K4,Q507K4_DANRE,2.0,,,,,,1,,1,,
B0WMC7,B0WMC7_CULQU,2.0,,,,,,1,1,,,
Q504M8,RAB26_MOUSE,2.0,,,,,,1,,1,,
B0WMF8,B0WMF8_CULQU,2.0,,,,,,1,1,,,
A9JRY8,A9JRY8_DANRE,2.0,,,,,,1,,1,,
Q52NJ1,RB11A_PIG,2.0,,,,,,1,,1,,
Q52NJ2,RAB1A_PIG,2.0,,,,,,1,,1,,
Q66JI1,Q66JI1_XENTR,2.0,,,,,,1,,1,,
P51146,RAB4B_RAT,2.0,,,,,,1,,1,,
Q52WX7,Q52WX7_DANRE,2.0,,,,,,1,,1,,
Q52WX5,Q52WX5_DANRE,2.0,,,,,,1,,1,,
P51159,RB27A_HUMAN,2.0,,,,,,1,,1,,
B0WB64,B0WB64_CULQU,2.0,,,,,,1,1,,,
Q52NJ6,RAB14_PIG,2.0,,,,,,1,,1,,
Q568K0,Q568K0_DANRE,2.0,,,,,,,1,1,,
P51156,RAB26_RAT,2.0,,,,,,1,,1,,
P51154,RB22A_CANFA,2.0,,,,,,1,,1,,
P51153,RAB13_HUMAN,2.0,,,,,,1,,1,,
P51152,RAB12_CANFA,2.0,,,,,,1,,1,,
P51151,RAB9A_HUMAN,2.0,,,,,,1,,1,,
P51150,RAB7A_MOUSE,2.0,,,,,,1,,1,,
P51149,RAB7A_HUMAN,2.0,,,,,,1,,1,,
P51148,RAB5C_HUMAN,2.0,,,,,,1,,1,,
P51147,RAB5C_CANFA,2.0,,,,,,1,,1,,
A9JRP1,A9JRP1_DANRE,2.0,,,,,,1,,1,,
A9JR66,A9JR66_XENTR,2.0,,,,,,1,,1,,
B6H2F2,B6H2F2_PENCW,2.0,,,,,,1,1,,,
Q5ANA9,Q5ANA9_CANAL,2.0,,,,,,1,1,,,
P35294,RAB19_MOUSE,2.0,,,,,,1,,1,,
Q5BK72,Q5BK72_RAT,2.0,,,,,,1,,1,,
P35293,RAB18_MOUSE,2.0,,,,,,1,,1,,
Q5BKN0,Q5BKN0_XENTR,2.0,,,,,,1,,1,,
A8XDJ3,A8XDJ3_CAEBR,2.0,,,,,,1,1,,,
A8XAD0,RHEB1_CAEBR,2.0,,,,,,1,1,,,
P35292,RAB17_MOUSE,2.0,,,,,,1,,1,,
P35290,RAB24_MOUSE,2.0,,,,,,1,,1,,
P35289,RAB15_RAT,2.0,,,,,,1,,1,,
P97348,RHOD_MOUSE,2.0,,,,,,1,,1,,
P35286,RAB13_RAT,2.0,,,,,,1,,1,,
P35285,RB22A_MOUSE,2.0,,,,,,1,,1,,
P35284,RAB12_RAT,2.0,,,,,,1,,1,,
A8X0X5,A8X0X5_CAEBR,2.0,,,,,,1,1,,,
P35283,RAB12_MOUSE,2.0,,,,,,1,,1,,
Q5BJZ5,Q5BJZ5_RAT,2.0,,,,,,1,,1,,
Q5BJK1,Q5BJK1_DANRE,2.0,,,,,,1,,1,,
Q5BJD1,Q5BJD1_DANRE,2.0,,,,,,1,,1,,
A8XZ02,A8XZ02_CAEBR,2.0,,,,,,1,1,,,
Q5AS62,Q5AS62_EMENI,2.0,,,,,,1,1,,,
B0WUE8,B0WUE8_CULQU,2.0,,,,,,1,1,,,
Q5B0U8,Q5B0U8_EMENI,2.0,,,,,,1,1,,,
P84095,RHOG_HUMAN,2.0,,,,,,1,,1,,
P84096,RHOG_MOUSE,2.0,,,,,,1,,1,,
A8Y0M9,A8Y0M9_CAEBR,2.0,,,,,,1,1,,,
A8XSS4,A8XSS4_CAEBR,2.0,,,,,,1,1,,,
P91580,RAB33_CIOIN,2.0,,,,,,1,,1,,
Q4V9A9,Q4V9A9_DANRE,2.0,,,,,,1,,1,,
Q5B7P6,Q5B7P6_EMENI,2.0,,,,,,1,1,,,
Q4V984,Q4V984_DANRE,2.0,,,,,,1,,1,,
B0WYZ7,B0WYZ7_CULQU,2.0,,,,,,1,1,,,
Q4V8U8,Q4V8U8_DANRE,2.0,,,,,,1,,1,,
A8XMJ1,A8XMJ1_CAEBR,2.0,,,,,,1,1,,,
P70550,RAB8B_RAT,2.0,,,,,,1,,1,,
Q52WX9,Q52WX9_DANRE,2.0,,,,,,1,,1,,
Q561P0,Q561P0_XENTR,2.0,,,,,,1,,1,,
Q52WY8,Q52WY8_DANRE,2.0,,,,,,1,,1,,
P62490,RB11A_CANFA,2.0,,,,,,1,,1,,
B0W2L1,B0W2L1_CULQU,2.0,,,,,,1,1,,,
B0BNK1,B0BNK1_RAT,2.0,,,,,,1,,1,,
B0BN19,B0BN19_RAT,2.0,,,,,,1,,1,,
P63012,RAB3A_RAT,2.0,,,,,,1,,1,,
P63032,RHES_MOUSE,2.0,,,,,,1,,1,,
P61589,RHOA_RAT,2.0,,,,,,1,,1,,
P61588,RND3_MOUSE,2.0,,,,,,1,,1,,
P61587,RND3_HUMAN,2.0,,,,,,1,,1,,
P61586,RHOA_HUMAN,2.0,,,,,,1,,1,,
P61585,RHOA_BOVIN,2.0,,,,,,1,,1,,
P61294,RAB6B_MOUSE,2.0,,,,,,1,,1,,
Q53B90,RAB43_RAT,2.0,,,,,,1,,1,,
B0W920,B0W920_CULQU,2.0,,,,,,1,1,,,
P70425,RIT2_MOUSE,2.0,,,,,,1,,1,,
P62491,RB11A_HUMAN,2.0,,,,,,1,,1,,
P62492,RB11A_MOUSE,2.0,,,,,,1,,1,,
P62493,RB11A_RABIT,2.0,,,,,,1,,1,,
P62824,RAB3C_RAT,2.0,,,,,,1,,1,,
P62998,RAC1_BOVIN,2.0,,,,,,1,,1,,
P63001,RAC1_MOUSE,2.0,,,,,,1,,1,,
B6HEW9,B6HEW9_PENCW,2.0,,,,,,1,1,,,
P63011,RAB3A_MOUSE,2.0,,,,,,1,,1,,
B0JZZ1,B0JZZ1_XENTR,2.0,,,,,,1,,1,,
B6HFN7,B6HFN7_PENCW,2.0,,,,,,1,1,,,
P62823,RAB3C_MOUSE,2.0,,,,,,1,,1,,
P62494,RB11A_RAT,2.0,,,,,,1,,1,,
P62822,RAB1A_CANFA,2.0,,,,,,1,,1,,
P62821,RAB1A_MOUSE,2.0,,,,,,1,,1,,
P62820,RAB1A_HUMAN,2.0,,,,,,1,,1,,
P62747,RHOB_RAT,2.0,,,,,,1,,1,,
P62746,RHOB_MOUSE,2.0,,,,,,1,,1,,
P62745,RHOB_HUMAN,2.0,,,,,,1,,1,,
Q52WY9,Q52WY9_DANRE,2.0,,,,,,1,,1,,
Q52WY6,Q52WY6_DANRE,2.0,,,,,,1,,1,,
Q52WY2,Q52WY2_DANRE,2.0,,,,,,1,,1,,
P61107,RAB14_RAT,2.0,,,,,,1,,1,,
P59190,RAB15_HUMAN,2.0,,,,,,1,,1,,
P57735,RAB25_HUMAN,2.0,,,,,,1,,1,,
P57729,RAB38_HUMAN,2.0,,,,,,1,,1,,
Q52WY5,Q52WY5_DANRE,2.0,,,,,,1,,1,,
P56371,RAB4A_MOUSE,2.0,,,,,,1,,1,,
P55745,RAB21_CANFA,2.0,,,,,,1,,1,,
P55258,RAB8A_MOUSE,2.0,,,,,,1,,1,,
B6HTT5,B6HTT5_PENCW,2.0,,,,,,1,1,,,
P55042,RAD_HUMAN,2.0,,1,,,,1,,,,
Q52WY4,Q52WY4_DANRE,2.0,,,,,,1,,1,,
P55040,GEM_HUMAN,2.0,,1,,,,1,,,,
P53994,RAB2A_MOUSE,2.0,,,,,,1,,1,,
B6HX26,B6HX26_PENCW,2.0,,,,,,1,1,,,
Q52WY3,Q52WY3_DANRE,2.0,,,,,,1,,1,,
P52198,RND2_HUMAN,2.0,,,,,,1,,1,,
P59279,RAB2B_MOUSE,2.0,,,,,,1,,1,,
P60763,RAC3_HUMAN,2.0,,,,,,1,,1,,
P60764,RAC3_MOUSE,2.0,,,,,,1,,1,,
P61020,RAB5B_HUMAN,2.0,,,,,,1,,1,,
P61106,RAB14_HUMAN,2.0,,,,,,1,,1,,
P61105,RAB2A_CANFA,2.0,,,,,,1,,1,,
P61028,RAB8B_MOUSE,2.0,,,,,,1,,1,,
P61027,RAB10_MOUSE,2.0,,,,,,1,,1,,
P61026,RAB10_HUMAN,2.0,,,,,,1,,1,,
P61021,RAB5B_MOUSE,2.0,,,,,,1,,1,,
P61019,RAB2A_HUMAN,2.0,,,,,,1,,1,,
P60766,CDC42_MOUSE,2.0,,,,,,1,,1,,
P61018,RAB4B_HUMAN,2.0,,,,,,1,,1,,
P61017,RAB4B_CANFA,2.0,,,,,,1,,1,,
P61007,RAB8A_CANFA,2.0,,,,,,1,,1,,
P61006,RAB8A_HUMAN,2.0,,,,,,1,,1,,
P60953,CDC42_HUMAN,2.0,,,,,,1,,1,,
P60952,CDC42_CANFA,2.0,,,,,,1,,1,,
P35282,RAB21_MOUSE,2.0,,,,,,1,,1,,
B0X442,B0X442_CULQU,2.0,,,,,,1,1,,,
P35280,RAB8A_RAT,2.0,,,,,,1,,1,,
Q5ZLB8,Q5ZLB8_CHICK,2.0,,,,,,1,,1,,
Q5XH99,Q5XH99_XENTR,2.0,,,,,,1,,1,,
Q5XIM3,Q5XIM3_RAT,2.0,,,,,,1,,1,,
O97572,RAB7A_RABIT,2.0,,,,,,1,,1,,
Q4SUS3,Q4SUS3_TETNG,2.0,,,,,,1,,1,,
Q06AT8,Q06AT8_PIG,2.0,,,,,,1,,1,,
Q5YLG6,Q5YLG6_DANRE,2.0,,,,,,1,,1,,
A7T133,A7T133_NEMVE,2.0,,,,,,1,1,,,
Q5ZHV1,RB33B_CHICK,2.0,,,,,,1,,1,,
Q4RII4,Q4RII4_TETNG,2.0,,,,,,1,,1,,
Q5ZIP7,Q5ZIP7_CHICK,2.0,,,,,,1,,1,,
Q5ZIT5,RAB10_CHICK,2.0,,,,,,1,,1,,
Q5ZJN2,RB11A_CHICK,2.0,,,,,,1,,1,,
A7SZM4,A7SZM4_NEMVE,2.0,,,,,,1,1,,,
O95716,RAB3D_HUMAN,2.0,,,,,,1,,1,,
Q5ZKS2,Q5ZKS2_CHICK,2.0,,,,,,1,,1,,
Q5U814,Q5U814_RABIT,2.0,,,,,,1,,1,,
Q4SVF3,Q4SVF3_TETNG,2.0,,,,,,1,,1,,
Q06AT7,Q06AT7_PIG,2.0,,,,,,1,,1,,
B8A665,B8A665_DANRE,2.0,,,,,,1,,1,,
P08646,RAS1_DROME,2.0,,1,,,,1,,,,
Q5TWW5,Q5TWW5_ANOGA,2.0,,,,,,1,1,,,
P08556,RASN_MOUSE,2.0,,,,,,1,,1,,
Q5TZD5,Q5TZD5_DANRE,2.0,,,,,,1,,1,,
Q5U091,Q5U091_HUMAN,2.0,,1,,,,,,1,,
P08134,RHOC_HUMAN,2.0,,,,,,1,,1,,
Q5U1Y2,Q5U1Y2_RAT,2.0,,,,,,1,,1,,
A7T9Z6,A7T9Z6_NEMVE,2.0,,,,,,1,1,,,
Q5U316,RAB35_RAT,2.0,,,,,,1,,1,,
Q5U3E1,Q5U3E1_DANRE,2.0,,,,,,1,,1,,
Q5U3U2,Q5U3U2_DANRE,2.0,,,,,,1,,1,,
P05714,RAB4A_RAT,2.0,,,,,,1,,1,,
P05712,RAB2A_RAT,2.0,,,,,,1,,1,,
P04388,RAS2_DROME,2.0,,1,,,,1,,,,
Q5ZKU5,RAB14_CHICK,2.0,,,,,,1,,1,,
Q5ZLG1,RAB18_CHICK,2.0,,,,,,1,,1,,
P08647,RAS_SCHPO,2.0,,,,,,1,1,,,
Q4SU09,Q4SU09_TETNG,2.0,,,,,,1,,1,,
O88931,RAC2_CAVPO,2.0,,,,,,1,,1,,
Q06AU5,RAB32_PIG,2.0,,,,,,1,,1,,
Q4SSR8,Q4SSR8_TETNG,2.0,,,,,,1,1,,,
Q640R7,RAP1B_XENTR,2.0,,,,,,1,,1,,
Q06AU8,Q06AU8_PIG,2.0,,,,,,1,,1,,
Q641M4,Q641M4_DANRE,2.0,,,,,,1,,1,,
A7SIQ7,A7SIQ7_NEMVE,2.0,,,,,,1,1,,,
O77683,RND3_PIG,2.0,,,,,,1,,1,,
Q4SQU1,Q4SQU1_TETNG,2.0,,,,,,1,,1,,
Q66IK6,Q66IK6_XENTR,2.0,,,,,,1,,1,,
Q4SQT6,Q4SQT6_TETNG,2.0,,,,,,1,1,,,
A7SI58,A7SI58_NEMVE,2.0,,,,,,1,1,,,
Q66JC6,Q66JC6_XENTR,2.0,,,,,,1,,1,,
Q66JD2,Q66JD2_XENTR,2.0,,,,,,1,,1,,
A7SI57,A7SI57_NEMVE,2.0,,,,,,1,1,,,
Q63942,RAB3D_RAT,2.0,,,,,,1,,1,,
Q63941,RAB3B_RAT,2.0,,,,,,1,,1,,
Q63483,Q63483_RAT,2.0,,,,,,1,,1,,
Q06AU2,RAP2A_PIG,2.0,,,,,,1,,1,,
Q5ZLS4,Q5ZLS4_CHICK,2.0,,,,,,,1,1,,
Q4STP7,Q4STP7_TETNG,2.0,,,,,,1,,1,,
O94363,RHB1_SCHPO,2.0,,,,,,1,1,,,
A7SVC6,A7SVC6_NEMVE,2.0,,,,,,1,1,,,
Q5ZMG8,Q5ZMG8_CHICK,2.0,,,,,,1,,1,,
Q5ZMI5,Q5ZMI5_CHICK,2.0,,,,,,1,,1,,
Q06AU3,RAB3A_PIG,2.0,,,,,,1,,1,,
Q4SSS3,Q4SSS3_TETNG,2.0,,,,,,1,,1,,
O93468,O93468_CHICK,2.0,,,,,,1,,1,,
Q62159,RHOC_MOUSE,2.0,,,,,,1,,1,,
A7ST17,A7ST17_NEMVE,2.0,,,,,,1,1,,,
O93467,O93467_CHICK,2.0,,,,,,1,,1,,
A7SS29,A7SS29_NEMVE,2.0,,,,,,1,1,,,
O93466,O93466_CHICK,2.0,,,,,,1,,1,,
Q5SW86,Q5SW86_MOUSE,2.0,,,,,,1,,1,,
P09527,RAB7A_RAT,2.0,,,,,,1,,1,,
A8WUI0,A8WUI0_CAEBR,2.0,,,,,,1,1,,,
P24406,RHOA_CANFA,2.0,,,,,,1,,1,,
Q5EB77,RAB18_RAT,2.0,,,,,,1,,1,,
Q4TC69,Q4TC69_TETNG,2.0,,,,,,1,,1,,
Q5F337,Q5F337_CHICK,2.0,,,,,,1,,1,,
Q5F3R8,Q5F3R8_CHICK,2.0,,,,,,1,,1,,
Q5F470,RAB8A_CHICK,2.0,,,,,,1,,1,,
Q5F4C5,Q5F4C5_CHICK,2.0,,,,,,1,,1,,
Q5FVG9,Q5FVG9_RAT,2.0,,,,,,1,,1,,
Q5FVY2,RSLBB_XENTR,2.0,,,,,,1,1,,,
Q01971,RAB2A_RABIT,2.0,,,,,,1,,1,,
Q4TA34,Q4TA34_TETNG,2.0,,,,,,1,,1,,
P25378,RHEB_YEAST,2.0,,,,,,1,1,,,
Q5HZE6,Q5HZE6_RAT,2.0,,,,,,1,,1,,
Q4T9H7,Q4T9H7_TETNG,2.0,,,,,,1,,1,,
Q4T8Z6,Q4T8Z6_TETNG,2.0,,,,,,1,,1,,
P24409,RAB10_CANFA,2.0,,,,,,1,,1,,
P32254,RASS_DICDI,2.0,,,,,,1,,,,1
Q5E9J3,RSLBB_BOVIN,2.0,,,,,,1,1,,,
A8KBS0,A8KBS0_DANRE,2.0,,,,,,1,,1,,
B0X742,B0X742_CULQU,2.0,,,,,,1,1,,,
P35279,RAB6A_MOUSE,2.0,,,,,,1,,1,,
P35278,RAB5C_MOUSE,2.0,,,,,,1,,1,,
P35276,RAB3D_MOUSE,2.0,,,,,,1,,1,,
P34443,RHEB1_CAEEL,2.0,,,,,,1,1,,,
P97950,RB33A_MOUSE,2.0,,,,,,1,,1,,
B0X4W3,B0X4W3_CULQU,2.0,,,,,,1,1,,,
B0XBS8,B0XBS8_CULQU,2.0,,,,,,1,1,,,
Q01387,RAS2_NEUCR,2.0,,,,,,1,1,,,
Q007T2,CDC42_PIG,2.0,,,,,,1,,1,,
A8WHY1,A8WHY1_DANRE,2.0,,,,,,1,,1,,
A8WHV3,A8WHV3_DANRE,2.0,,,,,,1,,1,,
A8WHV0,A8WHV0_DANRE,2.0,,,,,,1,,1,,
A8WGD1,A8WGD1_DANRE,2.0,,,,,,1,,1,,
Q4THV1,Q4THV1_TETNG,2.0,,,,,,1,,1,,
P24408,RAB9A_CANFA,2.0,,,,,,1,,1,,
P23640,RB27A_RAT,2.0,,,,,,1,,1,,
P0C0E4,RB40L_HUMAN,2.0,,,,,,1,,1,,
Q5J7N1,Q5J7N1_MOUSE,2.0,,1,,,,,,1,,
P18067,RAB7A_CANFA,2.0,,,,,,1,,1,,
A7YYE6,A7YYE6_DANRE,2.0,,,,,,1,,1,,
P18066,RAB5A_CANFA,2.0,,,,,,1,,1,,
Q4T0S5,Q4T0S5_TETNG,2.0,,,,,,1,,1,,
P17081,RHOQ_HUMAN,2.0,,,,,,1,,1,,
P15153,RAC2_HUMAN,2.0,,,,,,1,,1,,
Q05AZ2,Q05AZ2_XENTR,2.0,,,,,,1,,1,,
Q5R8J4,Q5R8J4_PONAB,2.0,,,,,,,1,1,,
P13856,RSR1_YEAST,2.0,,,,,,1,1,,,
P11023,RAB3A_BOVIN,2.0,,,,,,1,,1,,
P10949,RAB3C_BOVIN,2.0,,,,,,1,,1,,
P10948,RAB3B_BOVIN,2.0,,,,,,1,,1,,
P10536,RAB1B_RAT,2.0,,,,,,1,,1,,
Q5RGB5,Q5RGB5_DANRE,2.0,,,,,,1,,1,,
Q5RJS2,Q5RJS2_RAT,2.0,,,,,,1,,1,,
Q4T160,Q4T160_TETNG,2.0,,,,,,1,,1,,
Q05144,RAC2_MOUSE,2.0,,,,,,1,,1,,
A8DW02,A8DW02_NEMVE,2.0,,,,,,1,1,,,
Q5M7U5,RAB19_RAT,2.0,,,,,,1,,1,,
P22126,RAS1_NEUCR,2.0,,,,,,1,1,,,
Q5JT25,RAB41_HUMAN,2.0,,,,,,1,,1,,
B1H201,B1H201_XENTR,2.0,,,,,,1,,1,,
Q4T712,Q4T712_TETNG,2.0,,,,,,1,,1,,
Q4T625,Q4T625_TETNG,2.0,,,,,,1,,1,,
Q4T5I8,Q4T5I8_TETNG,2.0,,,,,,1,,1,,
Q5M8J2,Q5M8J2_XENTR,2.0,,,,,,1,,1,,
A8E578,A8E578_DANRE,2.0,,,,,,1,,1,,
Q5M8K1,Q5M8K1_XENTR,2.0,,,,,,1,,1,,
P20340,RAB6A_HUMAN,2.0,,,,,,1,,1,,
P20339,RAB5A_HUMAN,2.0,,,,,,1,,1,,
P20338,RAB4A_HUMAN,2.0,,,,,,1,,1,,
P20337,RAB3B_HUMAN,2.0,,,,,,1,,1,,
P20336,RAB3A_HUMAN,2.0,,,,,,1,,1,,
H3AZ40,H3AZ40_LATCH,2.0,,1,,1,,,,,,
P62999,RAC1_CANFA,2.0,,,,,,1,,1,,
H3ARU2,H3ARU2_LATCH,2.0,,1,,1,,,,,,
Q96X28,Q96X28_YARLL,2.0,,,,,,1,1,,,
Q9BXV4,Q9BXV4_HUMAN,2.0,,,,,,,1,1,,
F7F5K9,F7F5K9_MACMU,2.0,,1,,1,,,,,,
F7F5X1,F7F5X1_MONDO,2.0,,1,,1,,,,,,
Q9BPW5,RSLBB_HUMAN,2.0,,,,,,1,1,,,
F7FNN8,F7FNN8_MONDO,2.0,,1,,1,,,,,,
F7FNP2,F7FNP2_MONDO,2.0,,1,,1,,,,,,
F7FRS1,F7FRS1_MONDO,2.0,,1,,1,,,,,,
Q99P75,RAB9A_RAT,2.0,,,,,,1,,1,,
Q99P74,RB27B_RAT,2.0,,,,,,1,,1,,
Q99P58,RB27B_MOUSE,2.0,,,,,,1,,1,,
F7FU89,F7FU89_ORNAN,2.0,,1,,1,,,,,,
Q98932,RAB5C_CHICK,2.0,,,,,,1,,1,,
F7GPM1,F7GPM1_MACMU,2.0,,1,,1,,,,,,
B3S5R4,B3S5R4_TRIAD,2.0,,,,,,1,1,,,
F7GYC8,F7GYC8_CALJA,2.0,,1,,1,,,,,,
F7F4D9,F7F4D9_CALJA,2.0,,1,,1,,,,,,
Q96S21,RB40C_HUMAN,2.0,,,,,,1,,1,,
Q96L33,RHOV_HUMAN,2.0,,,,,,1,,1,,
F7HUS3,F7HUS3_CALJA,2.0,,1,,1,,,,,,
Q96E17,RAB3C_HUMAN,2.0,,,,,,1,,1,,
Q96DA2,RB39B_HUMAN,2.0,,,,,,1,,1,,
Q96AX2,RAB37_HUMAN,2.0,,,,,,1,,1,,
F7IEB0,F7IEB0_CALJA,2.0,,1,,1,,,,,,
Q969Q5,RAB24_HUMAN,2.0,,,,,,1,,1,,
Q498P3,Q498P3_DANRE,2.0,,,,,,1,,1,,
F7IM40,F7IM40_CALJA,2.0,,1,,1,,,,,,
Q498Z8,Q498Z8_DANRE,2.0,,,,,,1,,1,,
G1KBI1,G1KBI1_ANOCA,2.0,,1,,1,,,,,,
G1KCB1,G1KCB1_ANOCA,2.0,,1,,1,,,,,,
G1KCH3,G1KCH3_ANOCA,2.0,,1,,1,,,,,,
B3S851,B3S851_TRIAD,2.0,,,,,,1,1,,,
F7EC26,F7EC26_XENTR,2.0,,1,,1,,,,,,
G1KQH0,G1KQH0_ANOCA,2.0,,1,,1,,,,,,
F7A890,F7A890_MACMU,2.0,,1,,1,,,,,,
B4DKN9,B4DKN9_HUMAN,2.0,,,,,,1,,1,,
F6Y3Z2,F6Y3Z2_HORSE,2.0,,1,,1,,,,,,
F6YQU1,F6YQU1_MACMU,2.0,,1,,1,,,,,,
Q3UZ37,Q3UZ37_MOUSE,2.0,,,,,,1,,1,,
F6Z5N3,F6Z5N3_MONDO,2.0,,1,,1,,,,,,
F6ZGX8,F6ZGX8_MACMU,2.0,,1,,1,,,,,,
Q17J62,Q17J62_AEDAE,2.0,,,,,,1,1,,,
Q9ERI2,RB27A_MOUSE,2.0,,,,,,1,,1,,
Q9ER71,RHOJ_MOUSE,2.0,,,,,,1,,1,,
Q9EQT3,RHOU_MOUSE,2.0,,,,,,1,,1,,
F6ZX08,F6ZX08_CALJA,2.0,,1,,1,,,,,,
Q3YAJ2,Q3YAJ2_MACMU,2.0,,,,,,1,1,,,
F6ZYG7,F6ZYG7_ORNAN,2.0,,1,,1,,,,,,
Q9DD03,RAB13_MOUSE,2.0,,,,,,1,,1,,
F7AGG6,F7AGG6_ORNAN,2.0,,1,,1,,,,,,
F7DYP5,F7DYP5_HORSE,2.0,,1,,1,,,,,,
Q9D3G9,RHOH_MOUSE,2.0,,,,,,1,,1,,
Q9D1G1,RAB1B_MOUSE,2.0,,,,,,1,,1,,
Q3ZBG1,Q3ZBG1_BOVIN,2.0,,,,,,1,,1,,
F7BMJ8,F7BMJ8_HORSE,2.0,,1,,1,,,,,,
Q9CZT8,RAB3B_MOUSE,2.0,,,,,,1,,1,,
Q9CZE3,RAB32_MOUSE,2.0,,,,,,1,,1,,
F7BQ74,F7BQ74_HORSE,2.0,,1,,1,,,,,,
F7BXD0,F7BXD0_MACMU,2.0,,1,,1,,,,,,
Q17FV0,Q17FV0_AEDAE,2.0,,,,,,1,1,,,
Q3ZC27,RAB19_BOVIN,2.0,,,,,,1,,1,,
Q9CQD1,RAB5A_MOUSE,2.0,,,,,,1,,1,,
F7D3H6,F7D3H6_HORSE,2.0,,1,,1,,,,,,
F7DK02,F7DK02_CALJA,2.0,,1,,1,,,,,,
Q17FT2,Q17FT2_AEDAE,2.0,,,,,,1,1,,,
G1KPD4,G1KPD4_ANOCA,2.0,,1,,1,,,,,,
G1KU67,G1KU67_ANOCA,2.0,,1,,1,,,,,,
F6WE87,F6WE87_MONDO,2.0,,1,,1,,,,,,
G1TBX7,G1TBX7_RABIT,2.0,,1,,1,,,,,,
Q8WUD1,RAB2B_HUMAN,2.0,,,,,,1,,1,,
G1RA62,G1RA62_NOMLE,2.0,,1,,1,,,,,,
Q16W03,Q16W03_AEDAE,2.0,,,,,,1,1,,,
Q4FJP3,Q4FJP3_MOUSE,2.0,,,,,,,1,1,,
G1S7J4,G1S7J4_NOMLE,2.0,,1,,1,,,,,,
Q8VHQ4,RB40C_MOUSE,2.0,,,,,,1,,1,,
Q8VHP8,RB40B_MOUSE,2.0,,,,,,1,,1,,
Q8VEA8,RAB7B_MOUSE,2.0,,,,,,1,,1,,
Q8VDU1,RHOV_MOUSE,2.0,,,,,,1,,1,,
Q16TV8,Q16TV8_AEDAE,2.0,,,,,,1,1,,,
G1SPY7,G1SPY7_RABIT,2.0,,1,,1,,,,,,
G1SQ32,G1SQ32_RABIT,2.0,,1,,1,,,,,,
G1T159,G1T159_RABIT,2.0,,1,,1,,,,,,
G1T2M0,G1T2M0_RABIT,2.0,,1,,1,,,,,,
G1TRA4,G1TRA4_RABIT,2.0,,1,,1,,,,,,
G1QZK0,G1QZK0_NOMLE,2.0,,1,,1,,,,,,
G1TZW4,G1TZW4_RABIT,2.0,,1,,1,,,,,,
G1U1B2,G1U1B2_RABIT,2.0,,1,,1,,,,,,
B3RUQ0,B3RUQ0_TRIAD,2.0,,,,,,1,1,,,
G3N1U2,G3N1U2_BOVIN,2.0,,1,,1,,,,,,
B3RTD8,B3RTD8_TRIAD,2.0,,,,,,1,1,,,
G3NM43,G3NM43_GASAC,2.0,,1,,1,,,,,,
G3NML4,G3NML4_GASAC,2.0,,1,,1,,,,,,
G3NX76,G3NX76_GASAC,2.0,,1,,1,,,,,,
G3NYH1,G3NYH1_GASAC,2.0,,1,,1,,,,,,
Q16PU6,Q16PU6_AEDAE,2.0,,,,,,1,1,,,
G3PBL2,G3PBL2_GASAC,2.0,,1,,1,,,,,,
G3PCW9,G3PCW9_GASAC,2.0,,1,,1,,,,,,
Q8R527,RHOQ_MOUSE,2.0,,,,,,1,,1,,
Q8QZZ8,RAB38_MOUSE,2.0,,,,,,1,,1,,
Q8WXH6,RB40A_HUMAN,2.0,,,,,,1,,1,,
G1QZJ8,G1QZJ8_NOMLE,2.0,,1,,1,,,,,,
H3AP43,H3AP43_LATCH,2.0,,1,,1,,,,,,
Q92730,RND1_HUMAN,2.0,,,,,,1,,1,,
G1LVE9,G1LVE9_AILME,2.0,,1,,1,,,,,,
G1M5S0,G1M5S0_AILME,2.0,,1,,1,,,,,,
G1MFH0,G1MFH0_AILME,2.0,,1,,1,,,,,,
G1N459,G1N459_MELGA,2.0,,1,,1,,,,,,
G1NAA3,G1NAA3_MELGA,2.0,,1,,1,,,,,,
G1NGZ0,G1NGZ0_MELGA,2.0,,1,,1,,,,,,
G1NH29,G1NH29_MELGA,2.0,,1,,1,,,,,,
G1NI18,G1NI18_MELGA,2.0,,1,,1,,,,,,
G1NLP3,G1NLP3_MELGA,2.0,,1,,1,,,,,,
G1P4U3,G1P4U3_MYOLU,2.0,,1,,1,,,,,,
G1P8A8,G1P8A8_MYOLU,2.0,,1,,1,,,,,,
Q92930,RAB8B_HUMAN,2.0,,,,,,1,,1,,
G1PAD0,G1PAD0_MYOLU,2.0,,1,,1,,,,,,
Q92737,RSLAA_HUMAN,2.0,,,,,,,1,1,,
Q923S9,RAB30_MOUSE,2.0,,,,,,1,,1,,
G1QVW6,G1QVW6_NOMLE,2.0,,1,,1,,,,,,
Q922H7,RSLBB_MOUSE,2.0,,,,,,1,1,,,
Q921E2,RAB31_MOUSE,2.0,,,,,,1,,1,,
G1PE83,G1PE83_MYOLU,2.0,,1,,1,,,,,,
Q16ZI4,Q16ZI4_AEDAE,2.0,,,,,,1,1,,,
Q91YQ1,RAB7L_MOUSE,2.0,,,,,,1,,1,,
G1PTH5,G1PTH5_MYOLU,2.0,,1,,1,,,,,,
Q91V41,RAB14_MOUSE,2.0,,,,,,1,,1,,
G1Q9K0,G1Q9K0_MYOLU,2.0,,1,,1,,,,,,
G1QCG3,G1QCG3_MYOLU,2.0,,1,,1,,,,,,
Q16WL0,Q16WL0_AEDAE,2.0,,,,,,1,1,,,
Q90965,RAB2A_CHICK,2.0,,,,,,1,,1,,
Q90694,CDC42_CHICK,2.0,,,,,,1,,1,,
G1QJI9,G1QJI9_NOMLE,2.0,,1,,1,,,,,,
G1QRZ8,G1QRZ8_NOMLE,2.0,,1,,1,,,,,,
Q17KB4,Q17KB4_AEDAE,2.0,,,,,,1,1,,,
F6WDS0,F6WDS0_XENTR,2.0,,1,,1,,,,,,
Q16N58,Q16N58_AEDAE,2.0,,,,,,1,1,,,
C9J6B1,C9J6B1_HUMAN,2.0,,1,,,,,1,,,
Q28D30,Q28D30_XENTR,2.0,,,,,,1,,1,,
A1L1J8,A1L1J8_RAT,2.0,,,,,,1,,1,,
A1L2A5,A1L2A5_DANRE,2.0,,,,,,1,,1,,
Q28D17,Q28D17_XENTR,2.0,,,,,,1,,1,,
Q28BZ0,Q28BZ0_XENTR,2.0,,,,,,1,,1,,
Q28174,Q28174_BOVIN,2.0,,,,,,1,1,,,
Q9Z1Y0,RHOV_RAT,2.0,,,,,,1,,1,,
C5DGW9,C5DGW9_LACTC,2.0,,,,,,1,1,,,
A2BDW5,A2BDW5_DANRE,2.0,,,,,,1,,1,,
A2BHI1,A2BHI1_DANRE,2.0,,,,,,1,,1,,
Q9WVB1,RAB6A_RAT,2.0,,,,,,1,,1,,
Q9WTY2,REM2_RAT,2.0,,1,,,,1,,,,
Q9WTL2,RAB25_MOUSE,2.0,,,,,,1,,1,,
A2CE86,A2CE86_DANRE,2.0,,,,,,,1,1,,
C9J8Q6,C9J8Q6_HUMAN,2.0,,1,,,,,1,,,
Q28DM7,Q28DM7_XENTR,2.0,,,,,,1,,1,,
C9JPE8,C9JPE8_HUMAN,2.0,,1,,,,,1,,,
C9JQB3,C9JQB3_HUMAN,2.0,,1,,,,,1,,,
C9JYR1,C9JYR1_HUMAN,2.0,,1,,,,,1,,,
C4R8L5,C4R8L5_PICPG,2.0,,,,,,1,1,,,
Q9ULW5,RAB26_HUMAN,2.0,,,,,,1,,1,,
Q9UL26,RB22A_HUMAN,2.0,,,,,,1,,1,,
Q9UL25,RAB21_HUMAN,2.0,,,,,,1,,1,,
Q1RMR4,RAB15_BOVIN,2.0,,,,,,1,,1,,
C4R346,C4R346_PICPG,2.0,,,,,,1,1,,,
Q1RMJ6,RHOC_BOVIN,2.0,,,,,,1,,1,,
Q9TU25,RAC2_BOVIN,2.0,,,,,,1,,1,,
Q1RMI2,Q1RMI2_BOVIN,2.0,,,,,,1,,1,,
C4R235,C4R235_PICPG,2.0,,,,,,1,1,,,
Q3MHP2,RB11B_BOVIN,2.0,,,,,,1,,1,,
A1DZY4,RSLBL_DANRE,2.0,,,,,,1,1,,,
Q32PX6,Q32PX6_RAT,2.0,,,,,,1,,1,,
Q1RLP4,Q1RLP4_DANRE,2.0,,,,,,1,,1,,
C5DZT3,C5DZT3_ZYGRC,2.0,,,,,,1,1,,,
Q2HJI8,RAB8B_BOVIN,2.0,,,,,,1,,1,,
Q2HJH2,RAB1B_BOVIN,2.0,,,,,,1,,1,,
Q2HJG3,RHOH_BOVIN,2.0,,,,,,1,,1,,
Q2LIW7,Q2LIW7_TAKRU,2.0,,,,,,1,1,,,
Q2HJ68,RND1_BOVIN,2.0,,,,,,1,,1,,
Q2PE29,Q2PE29_DROME,2.0,,1,,,,1,,,,
Q29RR0,RAB26_BOVIN,2.0,,,,,,1,,1,,
Q29RP3,Q29RP3_BOVIN,2.0,,1,,,,1,,,,
Q2TA29,RB11A_BOVIN,2.0,,,,,,1,,1,,
C5E480,C5E480_ZYGRC,2.0,,,,,,1,1,,,
C5E3J0,C5E3J0_LACTC,2.0,,,,,,1,1,,,
Q2TBH7,RAB4A_BOVIN,2.0,,,,,,1,,1,,
C5E2Z4,C5E2Z4_LACTC,2.0,,,,,,1,1,,,
Q28J50,Q28J50_XENTR,2.0,,1,,,,1,,,,
A0JPA5,A0JPA5_XENTR,2.0,,,,,,1,,1,,
Q28EG7,Q28EG7_XENTR,2.0,,,,,,1,,1,,
Q28IZ3,RAB19_XENTR,2.0,,,,,,1,,1,,
Q28IJ0,Q28IJ0_XENTR,2.0,,,,,,1,,1,,
Q28HZ4,Q28HZ4_XENTR,2.0,,,,,,1,,1,,
Q28HH1,Q28HH1_XENTR,2.0,,,,,,1,,1,,
Q28H43,Q28H43_XENTR,2.0,,,,,,1,,1,,
Q28GT2,Q28GT2_XENTR,2.0,,,,,,1,,1,,
Q28GQ5,Q28GQ5_XENTR,2.0,,,,,,1,,1,,
Q28GP9,Q28GP9_XENTR,2.0,,,,,,1,,1,,
Q28GJ8,Q28GJ8_XENTR,2.0,,,,,,1,,1,,
A1A5H9,A1A5H9_DANRE,2.0,,,,,,1,,1,,
Q28GB5,Q28GB5_XENTR,2.0,,,,,,1,,1,,
Q28GA4,Q28GA4_XENTR,2.0,,,,,,,1,1,,
Q28FM5,Q28FM5_XENTR,2.0,,,,,,1,,1,,
C5DRL5,C5DRL5_ZYGRC,2.0,,,,,,1,1,,,
A2DKH9,A2DKH9_TRIVA,2.0,,,,,,1,,,,1
Q1LY89,Q1LY89_DANRE,2.0,,,,,,1,,1,,
F6WB97,F6WB97_MONDO,2.0,,1,,1,,,,,,
F6UBD2,F6UBD2_CHICK,2.0,,,,,,1,,1,,
F6P696,F6P696_DANRE,2.0,,,,,,1,,1,,
Q9JKM7,RAB37_MOUSE,2.0,,,,,,1,,1,,
Q9JJL4,RHOQ_RAT,2.0,,,,,,1,,1,,
F6PAU6,F6PAU6_DANRE,2.0,,,,,,1,,1,,
F6PKP9,F6PKP9_HORSE,2.0,,1,,1,,,,,,
Q3U4W5,Q3U4W5_MOUSE,2.0,,,,,,1,,1,,
F6R9P7,F6R9P7_CALJA,2.0,,1,,1,,,,,,
F6RWV5,F6RWV5_HORSE,2.0,,1,,1,,,,,,
F6SFG7,F6SFG7_MACMU,2.0,,1,,1,,,,,,
F6SQ19,F6SQ19_ORNAN,2.0,,1,,1,,,,,,
F6T4L5,F6T4L5_CHICK,2.0,,,,,,1,,1,,
F6TEQ0,F6TEQ0_CIOIN,2.0,,1,,1,,,,,,
F6TRI4,F6TRI4_HORSE,2.0,,1,,1,,,,,,
F6UA90,F6UA90_XENTR,2.0,,1,,1,,,,,,
F6ULV3,F6ULV3_ORNAN,2.0,,1,,1,,,,,,
Q3U1N3,Q3U1N3_MOUSE,2.0,,1,,,,,,1,,
F6UMC4,F6UMC4_MONDO,2.0,,1,,1,,,,,,
Q18246,RAP1_CAEEL,2.0,,,,,,1,1,,,
F6VF44,F6VF44_MONDO,2.0,,1,,1,,,,,,
F6VGN0,F6VGN0_MACMU,2.0,,1,,1,,,,,,
Q9HBH0,RHOF_HUMAN,2.0,,,,,,1,,1,,
Q17R06,RAB21_BOVIN,2.0,,,,,,1,,1,,
Q17QU4,RB39B_BOVIN,2.0,,,,,,1,,1,,
Q9H4E5,RHOJ_HUMAN,2.0,,,,,,1,,1,,
Q17QI8,RHOV_BOVIN,2.0,,,,,,1,,1,,
Q9H0U4,RAB1B_HUMAN,2.0,,,,,,1,,1,,
Q9H0T7,RAB17_HUMAN,2.0,,,,,,1,,1,,
Q9H0N0,RAB6C_HUMAN,2.0,,,,,,1,,1,,
Q17QB7,RAB30_BOVIN,2.0,,,,,,1,,1,,
Q9H082,RB33B_HUMAN,2.0,,,,,,1,,1,,
F5HMC8,F5HMC8_ANOGA,2.0,,,,,,1,1,,,
F1RHW4,F1RHW4_PIG,2.0,,1,,1,,,,,,
Q3SZA1,RHOF_BOVIN,2.0,,,,,,1,,1,,
E2R5G6,E2R5G6_CANFA,2.0,,1,,1,,,,,,
Q1LY78,Q1LY78_DANRE,2.0,,,,,,1,,1,,
Q1LVZ0,Q1LVZ0_DANRE,2.0,,,,,,1,,1,,
Q1LVA5,Q1LVA5_DANRE,2.0,,,,,,1,,1,,
D3Z2V6,D3Z2V6_MOUSE,2.0,,1,,,,,1,,,
D3Z8L7,RRAS_RAT,2.0,,1,,1,,,,,,
E1BMX0,E1BMX0_BOVIN,2.0,,1,,1,,,,,,
Q9R0M6,RAB9A_MOUSE,2.0,,,,,,1,,1,,
Q3T0F5,RAB7A_BOVIN,2.0,,,,,,1,,1,,
E1BTS2,E1BTS2_CHICK,2.0,,1,,1,,,,,,
Q9QYM5,RND2_MOUSE,2.0,,,,,,1,,1,,
Q9QUI0,RHOA_MOUSE,2.0,,,,,,1,,1,,
E1C524,E1C524_CHICK,2.0,,1,,1,,,,,,
E2QWU5,E2QWU5_CANFA,2.0,,1,,1,,,,,,
Q1L986,Q1L986_DANRE,2.0,,,,,,1,,1,,
Q9PSX7,RHOC_CHICK,2.0,,,,,,1,,1,,
F1QNG4,F1QNG4_DANRE,2.0,,1,,1,,,,,,
E2RLB2,E2RLB2_CANFA,2.0,,1,,1,,,,,,
Q3T107,Q3T107_BOVIN,2.0,,,,,,1,,1,,
E7F5A7,E7F5A7_DANRE,2.0,,1,,1,,,,,,
Q1KME6,RAB6A_CHICK,2.0,,,,,,1,,1,,
Q1JPH2,Q1JPH2_BOVIN,2.0,,,,,,1,,1,,
Q9NRW1,RAB6B_HUMAN,2.0,,,,,,1,,1,,
Q1HE58,RB27A_CANFA,2.0,,,,,,1,,1,,
Q9NP90,RAB9B_HUMAN,2.0,,,,,,1,,1,,
Q9NP72,RAB18_HUMAN,2.0,,,,,,1,,1,,
F1LQ62,F1LQ62_RAT,2.0,,1,,1,,,,,,
Q3TPX5,Q3TPX5_MOUSE,2.0,,1,,,,,,1,,
F1P9Z4,F1P9Z4_CANFA,2.0,,1,,1,,,,,,
F1PHV7,F1PHV7_CANFA,2.0,,1,,1,,,,,,
F1PXZ9,F1PXZ9_CANFA,2.0,,1,,1,,,,,,
G3PHH6,G3PHH6_GASAC,2.0,,1,,1,,,,,,
G1LQ08,G1LQ08_AILME,2.0,,1,,1,,,,,,
Q7T2C6,Q7T2C6_DANRE,2.0,,,,,,1,,1,,
G3X089,G3X089_SARHA,2.0,,1,,1,,,,,,
A2VDR1,A2VDR1_BOVIN,2.0,,,,,,1,,1,,
G3WHN5,G3WHN5_SARHA,2.0,,1,,1,,,,,,
Q14964,RB39A_HUMAN,2.0,,,,,,1,,1,,
Q148J4,Q148J4_BOVIN,2.0,,,,,,1,,1,,
G3WP50,G3WP50_SARHA,2.0,,1,,1,,,,,,
G3WRY4,G3WRY4_SARHA,2.0,,1,,1,,,,,,
Q7YT70,Q7YT70_CIOIN,2.0,,,,,,1,,1,,
G3WU13,G3WU13_SARHA,2.0,,1,,1,,,,,,
Q14088,RB33A_HUMAN,2.0,,,,,,1,,1,,
G3X053,G3X053_SARHA,2.0,,1,,1,,,,,,
H2MS73,H2MS73_ORYLA,2.0,,1,,1,,,,,,
Q8BHD0,RB39A_MOUSE,2.0,,,,,,1,,1,,
Q7YT72,Q7YT72_CIOIN,2.0,,,,,,1,,1,,
Q0VFS3,Q0VFS3_XENTR,2.0,,,,,,1,,1,,
Q7YT73,Q7YT73_CIOIN,2.0,,,,,,1,,1,,
Q7YT74,Q7YT74_CIOIN,2.0,,,,,,1,,1,,
Q14014,Q14014_HUMAN,2.0,,,,,,,1,1,,
Q7YT75,Q7YT75_CIOIN,2.0,,,,,,1,,1,,
H0UT66,H0UT66_CAVPO,2.0,,1,,1,,,,,,
Q7YT76,Q7YT76_CIOIN,2.0,,,,,,1,,1,,
H0UVF7,H0UVF7_CAVPO,2.0,,1,,1,,,,,,
H0V2G1,H0V2G1_CAVPO,2.0,,1,,1,,,,,,
G3WDP6,G3WDP6_SARHA,2.0,,1,,1,,,,,,
H2QIM9,H2QIM9_PANTR,2.0,,1,,1,,,,,,
H2QGV8,H2QGV8_PANTR,2.0,,1,,1,,,,,,
H2MV62,H2MV62_ORYLA,2.0,,1,,1,,,,,,
G3VG96,G3VG96_SARHA,2.0,,1,,1,,,,,,
G3VGV0,G3VGV0_SARHA,2.0,,1,,1,,,,,,
G3VL34,G3VL34_SARHA,2.0,,1,,1,,,,,,
A4IH29,A4IH29_XENTR,2.0,,,,,,1,,1,,
A4IGS5,A4IGS5_XENTR,2.0,,,,,,1,,1,,
G3VM77,G3VM77_SARHA,2.0,,1,,1,,,,,,
H2TTY8,H2TTY8_TAKRU,2.0,,1,,1,,,,,,
A4IFG5,A4IFG5_BOVIN,2.0,,,,,,,1,1,,
A4IFA1,A4IFA1_BOVIN,2.0,,1,,,,1,,,,
G3VP23,G3VP23_SARHA,2.0,,1,,1,,,,,,
H2NCA0,H2NCA0_PONAB,2.0,,1,,1,,,,,,
G3VWS4,G3VWS4_SARHA,2.0,,1,,1,,,,,,
Q875L4,Q875L4_USTMD,2.0,,,,,,1,1,,,
A2VCW4,A2VCW4_RAT,2.0,,,,,,1,,1,,
H2N6A2,H2N6A2_PONAB,2.0,,1,,1,,,,,,
Q871L7,Q871L7_NEUCS,2.0,,,,,,1,1,,,
G3W4W0,G3W4W0_SARHA,2.0,,1,,1,,,,,,
Q86YS6,RAB43_HUMAN,2.0,,,,,,1,,1,,
H2N1L4,H2N1L4_ORYLA,2.0,,1,,1,,,,,,
H2MXD7,H2MXD7_ORYLA,2.0,,1,,1,,,,,,
H2TMK1,H2TMK1_TAKRU,2.0,,1,,1,,,,,,
H0VBL7,H0VBL7_CAVPO,2.0,,1,,1,,,,,,
Q13637,RAB32_HUMAN,2.0,,,,,,1,,1,,
H0VHH8,H0VHH8_CAVPO,2.0,,1,,1,,,,,,
Q7YT82,Q7YT82_CIOIN,2.0,,,,,,1,,1,,
H0XV02,H0XV02_OTOGA,2.0,,1,,1,,,,,,
H0YRV5,H0YRV5_TAEGU,2.0,,1,,1,,,,,,
H0Z2G7,H0Z2G7_TAEGU,2.0,,1,,1,,,,,,
H0Z2T5,H0Z2T5_TAEGU,2.0,,1,,1,,,,,,
H2SP12,H2SP12_TAKRU,2.0,,1,,1,,,,,,
H2M6R0,H2M6R0_ORYLA,2.0,,1,,1,,,,,,
Q7ZVX4,Q7ZVX4_DANRE,2.0,,,,,,1,,1,,
Q7ZVP2,Q7ZVP2_DANRE,2.0,,,,,,1,,1,,
H2SK54,H2SK54_TAKRU,2.0,,1,,1,,,,,,
Q0VCB4,Q0VCB4_BOVIN,2.0,,,,,,1,,1,,
B9WCT3,B9WCT3_CANDC,2.0,,,,,,1,1,,,
Q0VDV7,Q0VDV7_MOUSE,2.0,,1,,,,,,1,,
Q4KME3,Q4KME3_DANRE,2.0,,,,,,1,,1,,
H0ZDL9,H0ZDL9_TAEGU,2.0,,1,,1,,,,,,
Q7ZVA2,Q7ZVA2_DANRE,2.0,,1,,,,1,,,,
Q7ZUW5,Q7ZUW5_DANRE,2.0,,,,,,1,,1,,
Q4LE85,RB27A_PIG,2.0,,,,,,1,,1,,
Q7ZUG4,Q7ZUG4_DANRE,2.0,,,,,,1,,1,,
H0ZPS0,H0ZPS0_TAEGU,2.0,,1,,1,,,,,,
H2LR46,H2LR46_ORYLA,2.0,,1,,1,,,,,,
H2L768,H2L768_ORYLA,2.0,,1,,1,,,,,,
H0XTI7,H0XTI7_OTOGA,2.0,,1,,1,,,,,,
H2SV56,H2SV56_TAKRU,2.0,,1,,1,,,,,,
H0VJ69,H0VJ69_CAVPO,2.0,,1,,1,,,,,,
H0XQD9,H0XQD9_OTOGA,2.0,,1,,1,,,,,,
Q13636,RAB31_HUMAN,2.0,,,,,,1,,1,,
H0VK22,H0VK22_CAVPO,2.0,,1,,1,,,,,,
Q7S5H7,Q7S5H7_NEUCR,2.0,,,,,,1,1,,,
H2SWP2,H2SWP2_TAKRU,2.0,,1,,1,,,,,,
Q803J3,Q803J3_DANRE,2.0,,,,,,1,,1,,
Q12829,RB40B_HUMAN,2.0,,,,,,1,,1,,
H0WP05,H0WP05_OTOGA,2.0,,1,,1,,,,,,
Q12526,RAS_EMENI,2.0,,,,,,1,1,,,
H2QUG6,H2QUG6_PANTR,2.0,,1,,1,,,,,,
H0X290,H0X290_OTOGA,2.0,,1,,1,,,,,,
Q7YT77,Q7YT77_CIOIN,2.0,,,,,,1,,1,,
Q7YT78,Q7YT78_CIOIN,2.0,,,,,,1,,1,,
H0X291,H0X291_OTOGA,2.0,,1,,1,,,,,,
A3KNK9,A3KNK9_DANRE,2.0,,,,,,1,,1,,
B9WEA7,B9WEA7_CANDC,2.0,,,,,,1,1,,,
H0XBZ9,H0XBZ9_OTOGA,2.0,,1,,1,,,,,,
Q7YT80,Q7YT80_CIOIN,2.0,,,,,,1,,1,,
H0XEA9,H0XEA9_OTOGA,2.0,,1,,1,,,,,,
H2MBI9,H2MBI9_ORYLA,2.0,,1,,1,,,,,,
Q4KLY1,Q4KLY1_RAT,2.0,,1,,,,1,,,,
Q4KME1,Q4KME1_DANRE,2.0,,,,,,1,,1,,
Q8BHC1,RB39B_MOUSE,2.0,,,,,,1,,1,,
G3VMA8,G3VMA8_SARHA,2.0,,1,,1,,,,,,
Q7SY35,Q7SY35_DANRE,2.0,,,,,,1,,1,,
A4FUD7,A4FUD7_BOVIN,2.0,,,,,,1,,1,,
H2XXH6,H2XXH6_CIOIN,2.0,,1,,1,,,,,,
G3RHE3,G3RHE3_GORGO,2.0,,1,,1,,,,,,
Q8IYK8,REM2_HUMAN,2.0,,1,,,,1,,,,
H2Q2V0,H2Q2V0_PANTR,2.0,,1,,1,,,,,,
H2Q376,H2Q376_PANTR,2.0,,1,,1,,,,,,
B3RLY8,B3RLY8_TRIAD,2.0,,,,,,1,1,,,
Q8BHH2,RAB9B_MOUSE,2.0,,,,,,1,,1,,
Q16FH9,Q16FH9_AEDAE,2.0,,,,,,1,1,,,
Q8MJ37,Q8MJ37_PIG,2.0,,,,,,1,,1,,
G3SQQ1,G3SQQ1_LOXAF,2.0,,1,,1,,,,,,
G3TLL0,G3TLL0_LOXAF,2.0,,1,,1,,,,,,
Q8HZJ5,RB27B_BOVIN,2.0,,,,,,1,,1,,
H2V5P7,H2V5P7_TAKRU,2.0,,1,,1,,,,,,
Q7T1C4,Q7T1C4_CHICK,2.0,,,,,,1,,1,,
Q4RF97,Q4RF97_TETNG,2.0,,,,,,1,,1,,
Q16EF0,Q16EF0_AEDAE,2.0,,,,,,1,1,,,
Q4RET5,Q4RET5_TETNG,2.0,,,,,,1,,1,,
A4D1S5,RAB19_HUMAN,2.0,,,,,,1,,1,,
G3T6A9,G3T6A9_LOXAF,2.0,,1,,1,,,,,,
G3TJV2,G3TJV2_LOXAF,2.0,,1,,1,,,,,,
Q7QCU9,Q7QCU9_ANOGA,2.0,,,,,,1,1,,,
H2Y3T6,H2Y3T6_CIOIN,2.0,,1,,1,,,,,,
B3RMI8,B3RMI8_TRIAD,2.0,,,,,,1,1,,,
G3QK90,G3QK90_GORGO,2.0,,1,,1,,,,,,
B9WL27,B9WL27_CANDC,2.0,,,,,,1,1,,,
Q8K5A4,RSLAA_MOUSE,2.0,,,,,,,1,1,,
H3A9L5,H3A9L5_LATCH,2.0,,1,,1,,,,,,
H2PBJ7,H2PBJ7_PONAB,2.0,,1,,1,,,,,,
Q8K386,RAB15_MOUSE,2.0,,,,,,1,,1,,
H2PXP5,H2PXP5_PONAB,2.0,,1,,1,,,,,,
G3QQ04,G3QQ04_GORGO,2.0,,1,,1,,,,,,
Q8JZW1,Q8JZW1_MOUSE,2.0,,,,,,,1,1,,
Q7Q9M1,Q7Q9M1_ANOGA,2.0,,,,,,1,1,,,
G3QYD4,G3QYD4_GORGO,2.0,,1,,1,,,,,,
G3R673,G3R673_GORGO,2.0,,1,,1,,,,,,
G3R737,G3R737_GORGO,2.0,,1,,1,,,,,,
H2YDK0,H2YDK0_CIOSA,2.0,,1,,1,,,,,,
Q7TPK7,Q7TPK7_RAT,2.0,,,,,,1,,1,,
H2NZP0,H2NZP0_PONAB,2.0,,1,,1,,,,,,
Q7Q9F8,Q7Q9F8_ANOGA,2.0,,,,,,1,1,,,
H2PMB2,H2PMB2_PONAB,2.0,,1,,1,,,,,,
Q4RIC9,Q4RIC9_TETNG,2.0,,,,,,1,,1,,
H2PZQ7,H2PZQ7_PANTR,2.0,,1,,1,,,,,,
Q7QAR0,Q7QAR0_ANOGA,2.0,,,,,,1,1,,,
A3QJU6,A3QJU6_DANRE,2.0,,,,,,1,,1,,
G3QH06,G3QH06_GORGO,2.0,,1,,1,,,,,,
A4FVK4,A4FVK4_DANRE,2.0,,,,,,1,,1,,
G3TVR1,G3TVR1_LOXAF,2.0,,1,,1,,,,,,
G3VBH3,G3VBH3_SARHA,2.0,,1,,1,,,,,,
Q8BU31,RAP2C_MOUSE,2.0,,,,,,,1,1,,
A4FV54,RAB8A_BOVIN,2.0,,,,,,1,,1,,
A2FX13,A2FX13_TRIVA,2.0,,,,,,1,,,,1
G3VBJ7,G3VBJ7_SARHA,2.0,,1,,1,,,,,,
G3VC17,G3VC17_SARHA,2.0,,1,,1,,,,,,
G3VCI6,G3VCI6_SARHA,2.0,,1,,1,,,,,,
G3PSP9,G3PSP9_GASAC,2.0,,1,,1,,,,,,
Q8BYP3,RHOF_MOUSE,2.0,,,,,,1,,1,,
H2Q5M1,H2Q5M1_PANTR,2.0,,1,,1,,,,,,
G3VDK1,G3VDK1_SARHA,2.0,,1,,1,,,,,,
B3RPK3,B3RPK3_TRIAD,2.0,,,,,,1,1,,,
Q7QK91,Q7QK91_ANOGA,2.0,,,,,,1,1,,,
H2NGU1,H2NGU1_PONAB,2.0,,1,,1,,,,,,
Q8BLR7,RND1_MOUSE,2.0,,,,,,1,,1,,
G3VEN3,G3VEN3_SARHA,2.0,,1,,1,,,,,,
A4IHB7,A4IHB7_XENTR,2.0,,1,,,,1,,,,
G3VAV2,G3VAV2_SARHA,2.0,,1,,1,,,,,,
H2Z5G0,H2Z5G0_CIOSA,2.0,,1,,1,,,,,,
H2UAT5,H2UAT5_TAKRU,2.0,,1,,1,,,,,,
Q8CG50,RAB43_MOUSE,2.0,,,,,,1,,1,,
Q7T3A4,RAB13_DANRE,2.0,,,,,,1,,1,,
A4IIK6,A4IIK6_XENTR,2.0,,,,,,1,,1,,
Q8CFN2,CDC42_RAT,2.0,,,,,,1,,1,,
A4IIB9,A4IIB9_XENTR,2.0,,,,,,1,,1,,
G3UDV0,G3UDV0_LOXAF,2.0,,1,,1,,,,,,
G3VAT8,G3VAT8_SARHA,2.0,,1,,1,,,,,,
Q4REI7,Q4REI7_TETNG,2.0,,,,,,1,,1,,
G3UKT1,G3UKT1_LOXAF,2.0,,1,,1,,,,,,
Q15771,RAB30_HUMAN,2.0,,,,,,1,,1,,
Q15669,RHOH_HUMAN,2.0,,,,,,1,,1,,
G3QIC5,G3QIC5_GORGO,2.0,,1,,1,,,,,,
Q15286,RAB35_HUMAN,2.0,,,,,,1,,1,,
A4IHY4,A4IHY4_XENTR,2.0,,,,,,1,,1,,
A4FV20,A4FV20_BOVIN,2.0,,,,,,1,,1,,
G3V842,G3V842_RAT,2.0,,,,,,1,,1,,
Q7QHQ9,Q7QHQ9_ANOGA,2.0,,,,,,1,1,,,
Q4RD68,Q4RD68_TETNG,2.0,,,,,,1,,1,,
Q15907,RB11B_HUMAN,2.0,,,,,,1,,1,,
B5YND5,B5YND5_THAPS,1.0,,,,,,1,,,,
B6H958,B6H958_PENCW,1.0,,,,,,1,,,,
B5YMG2,B5YMG2_THAPS,1.0,,,,,,1,,,,
B4N151,B4N151_DROWI,1.0,,,,,,1,,,,
B6H8Q8,B6H8Q8_PENCW,1.0,,,,,,1,,,,
B4MZV8,B4MZV8_DROWI,1.0,,,,,,1,,,,
B6H0T3,B6H0T3_PENCW,1.0,,,,,,1,,,,
B4N1M2,B4N1M2_DROWI,1.0,,,,,,1,,,,
B6H621,B6H621_PENCW,1.0,,,,,,1,,,,
B4PXF7,B4PXF7_DROYA,1.0,,,,,,1,,,,
B4MZB8,B4MZB8_DROWI,1.0,,,,,,1,,,,
B6H2I8,B6H2I8_PENCW,1.0,,,,,,1,,,,
B6H2W3,B6H2W3_PENCW,1.0,,,,,,1,,,,
B6H3X2,B6H3X2_PENCW,1.0,,,,,,1,,,,
B6GZR5,B6GZR5_PENCW,1.0,,,,,,1,,,,
B6H456,B6H456_PENCW,1.0,,,,,,1,,,,
B4N547,B4N547_DROWI,1.0,,,,,,1,,,,
B4N532,B4N532_DROWI,1.0,,,,,,1,,,,
B4PXJ0,B4PXJ0_DROYA,1.0,,,,,,1,,,,
B4PXX7,B4PXX7_DROYA,1.0,,,,,,1,,,,
B4PWK0,B4PWK0_DROYA,1.0,,,,,,1,,,,
B6GYU8,B6GYU8_PENCW,1.0,,,,,,1,,,,
B5YNY6,B5YNY6_THAPS,1.0,,,,,,1,,,,
B4N5E9,B4N5E9_DROWI,1.0,,,,,,1,,,,
B5YNR9,B5YNR9_THAPS,1.0,,,,,,1,,,,
B4N4Y4,B4N4Y4_DROWI,1.0,,,,,,1,,,,
B6H4Q8,B6H4Q8_PENCW,1.0,,,,,,1,,,,
B4PY14,B4PY14_DROYA,1.0,,,,,,1,,,,
B4N3J8,B4N3J8_DROWI,1.0,,,,,,1,,,,
B4N2X6,B4N2X6_DROWI,1.0,,,,,,1,,,,
B4N2F7,B4N2F7_DROWI,1.0,,,,,,1,,,,
B5YNM9,B5YNM9_THAPS,1.0,,,,,,1,,,,
B4PY34,B4PY34_DROYA,1.0,,,,,,1,,,,
B4PG53,B4PG53_DROYA,1.0,,,,,,1,,,,
B4MYQ1,B4MYQ1_DROWI,1.0,,,,,,1,,,,
B4Q0T0,B4Q0T0_DROYA,1.0,,,,,,1,,,,
B4Q0I5,B4Q0I5_DROYA,1.0,,,,,,1,,,,
B6HBV4,B6HBV4_PENCW,1.0,,,,,,1,,,,
B4M9Y7,B4M9Y7_DROVI,1.0,,,,,,1,,,,
B4Q0H2,B4Q0H2_DROYA,1.0,,,,,,1,,,,
B4MAE9,B4MAE9_DROVI,1.0,,,,,,1,,,,
B4MAR2,B4MAR2_DROVI,1.0,,,,,,1,,,,
B5DFA6,B5DFA6_RAT,1.0,,,,,,1,,,,
B4MB18,B4MB18_DROVI,1.0,,,,,,1,,,,
B4MB22,B4MB22_DROVI,1.0,,,,,,1,,,,
B5DFU8,B5DFU8_SALSA,1.0,,,,,,,,1,,
B5DG90,B5DG90_SALSA,1.0,,,,,,,,1,,
B4MBH0,B4MBH0_DROVI,1.0,,,,,,1,,,,
B5DGC8,B5DGC8_SALSA,1.0,,,,,,,,1,,
B5EF18,B5EF18_GEOBB,1.0,,,,,,1,,,,
B4MD35,B4MD35_DROVI,1.0,,,,,,1,,,,
B4MD41,B4MD41_DROVI,1.0,,,,,,1,,,,
B5EG41,B5EG41_GEOBB,1.0,,,,,,1,,,,
B4M964,B4M964_DROVI,1.0,,,,,,1,,,,
B4M8Z5,B4M8Z5_DROVI,1.0,,,,,,1,,,,
B6HAL1,B6HAL1_PENCW,1.0,,,,,,1,,,,
B4M8S6,B4M8S6_DROVI,1.0,,,,,,1,,,,
B4M0P3,B4M0P3_DROVI,1.0,,,,,,1,,,,
B4M0P4,B4M0P4_DROVI,1.0,,,,,,1,,,,
B4M0Q5,B4M0Q5_DROVI,1.0,,,,,,1,,,,
B4M158,B4M158_DROVI,1.0,,,,,,1,,,,
B4M1D1,B4M1D1_DROVI,1.0,,,,,,1,,,,
B4M1L5,B4M1L5_DROVI,1.0,,,,,,1,,,,
B4UDA5,B4UDA5_ANASK,1.0,,,,,,1,,,,
B4M2E0,B4M2E0_DROVI,1.0,,,,,,1,,,,
B4UHL2,B4UHL2_ANASK,1.0,,,,,,1,,,,
B4M2I1,B4M2I1_DROVI,1.0,,,,,,1,,,,
B4M3M9,B4M3M9_DROVI,1.0,,,,,,1,,,,
B4M4L0,B4M4L0_DROVI,1.0,,,,,,1,,,,
B4M627,B4M627_DROVI,1.0,,,,,,1,,,,
B4M6Y7,B4M6Y7_DROVI,1.0,,,,,,1,,,,
B4M768,B4M768_DROVI,1.0,,,,,,1,,,,
B4Q1M5,B4Q1M5_DROYA,1.0,,,,,,1,,,,
B4M806,B4M806_DROVI,1.0,,,,,,1,,,,
B5FX60,B5FX60_TAEGU,1.0,,,,,,1,,,,
B4ME41,B4ME41_DROVI,1.0,,,,,,1,,,,
B4ME48,B4ME48_DROVI,1.0,,,,,,1,,,,
B4MES9,B4MES9_DROVI,1.0,,,,,,1,,,,
B4MNB0,B4MNB0_DROWI,1.0,,,,,,1,,,,
B4MND5,B4MND5_DROWI,1.0,,,,,,1,,,,
B4MNY2,B4MNY2_DROWI,1.0,,,,,,1,,,,
B4MQR2,B4MQR2_DROWI,1.0,,,,,,1,,,,
B4MRQ8,B4MRQ8_DROWI,1.0,,,,,,1,,,,
B4MSG5,B4MSG5_DROWI,1.0,,,,,,1,,,,
B4MSS3,B4MSS3_DROWI,1.0,,,,,,1,,,,
B4PZC8,B4PZC8_DROYA,1.0,,,,,,1,,,,
B4MSV1,B4MSV1_DROWI,1.0,,,,,,1,,,,
B4PYX6,B4PYX6_DROYA,1.0,,,,,,1,,,,
B4PYE8,B4PYE8_DROYA,1.0,,,,,,1,,,,
B4MT64,B4MT64_DROWI,1.0,,,,,,1,,,,
B4MUE8,B4MUE8_DROWI,1.0,,,,,,1,,,,
B4MV40,B4MV40_DROWI,1.0,,,,,,1,,,,
B4MVS7,B4MVS7_DROWI,1.0,,,,,,1,,,,
B4MVW5,B4MVW5_DROWI,1.0,,,,,,1,,,,
B6HBP3,B6HBP3_PENCW,1.0,,,,,,1,,,,
B4MMN2,B4MMN2_DROWI,1.0,,,,,,1,,,,
B4MLJ6,B4MLJ6_DROWI,1.0,,,,,,1,,,,
B4MLG7,B4MLG7_DROWI,1.0,,,,,,1,,,,
B4MJS7,B4MJS7_DROWI,1.0,,,,,,1,,,,
B4MET2,B4MET2_DROVI,1.0,,,,,,1,,,,
B4MEX2,B4MEX2_DROVI,1.0,,,,,,1,,,,
B4MF16,B4MF16_DROVI,1.0,,,,,,1,,,,
B4MFS9,B4MFS9_DROVI,1.0,,,,,,1,,,,
B4MIR7,B4MIR7_DROWI,1.0,,,,,,1,,,,
B4MJI8,B4MJI8_DROWI,1.0,,,,,,1,,,,
B5FXY5,B5FXY5_TAEGU,1.0,,,,,,1,,,,
B5FY36,B5FY36_TAEGU,1.0,,,,,,1,,,,
B4MLC2,B4MLC2_DROWI,1.0,,,,,,1,,,,
B5FY69,B5FY69_TAEGU,1.0,,,,,,1,,,,
B4MJT4,B4MJT4_DROWI,1.0,,,,,,1,,,,
B4MKS3,B4MKS3_DROWI,1.0,,,,,,1,,,,
B4MKS4,B4MKS4_DROWI,1.0,,,,,,1,,,,
B4ML79,B4ML79_DROWI,1.0,,,,,,1,,,,
B4PZM8,B4PZM8_DROYA,1.0,,,,,,1,,,,
B4PZD5,B4PZD5_DROYA,1.0,,,,,,1,,,,
B4PZX9,B4PZX9_DROYA,1.0,,,,,,1,,,,
B5XCI8,B5XCI8_SALSA,1.0,,,,,,,,1,,
B5YEW2,B5YEW2_DICT6,1.0,,,,,,1,,,,
B5X0U0,B5X0U0_SALSA,1.0,,,,,,,,1,,
B5X127,B5X127_SALSA,1.0,,,,,,,,1,,
B4PKX5,B4PKX5_DROYA,1.0,,,,,,1,,,,
B4NZL3,B4NZL3_DROYA,1.0,,,,,,1,,,,
B4NZW9,B4NZW9_DROYA,1.0,,,,,,1,,,,
B5X141,B5X141_SALSA,1.0,,,,,,,,1,,
B5X4R4,B5X4R4_SALSA,1.0,,,,,,,,1,,
B4P0K5,B4P0K5_DROYA,1.0,,,,,,1,,,,
B4P102,B4P102_DROYA,1.0,,,,,,1,,,,
B4P1A4,B4P1A4_DROYA,1.0,,,,,,1,,,,
B4P1Z0,B4P1Z0_DROYA,1.0,,,,,,1,,,,
B4P3Z0,B4P3Z0_DROYA,1.0,,,,,,1,,,,
B4P5E4,B4P5E4_DROYA,1.0,,,,,,1,,,,
B5X1B6,B5X1B6_SALSA,1.0,,,,,,,,1,,
B4PKX4,B4PKX4_DROYA,1.0,,,,,,1,,,,
B4P6R4,B4P6R4_DROYA,1.0,,,,,,1,,,,
B5X4G5,B5X4G5_SALSA,1.0,,,,,,,,1,,
B4P6R5,B4P6R5_DROYA,1.0,,,,,,1,,,,
B4NWQ0,B4NWQ0_DROYA,1.0,,,,,,1,,,,
B5X0Q1,B5X0Q1_SALSA,1.0,,,,,,,,1,,
B4PLM8,B4PLM8_DROYA,1.0,,,,,,1,,,,
B4NWN3,B4NWN3_DROYA,1.0,,,,,,1,,,,
B4NLG7,B4NLG7_DROWI,1.0,,,,,,1,,,,
B4NMF8,B4NMF8_DROWI,1.0,,,,,,1,,,,
B5X5P1,B5X5P1_SALSA,1.0,,,,,,,,1,,
B4PL37,B4PL37_DROYA,1.0,,,,,,1,,,,
B4NMG9,B4NMG9_DROWI,1.0,,,,,,1,,,,
B4PL33,B4PL33_DROYA,1.0,,,,,,1,,,,
B4NMQ1,B4NMQ1_DROWI,1.0,,,,,,1,,,,
B5X5J5,B5X5J5_SALSA,1.0,,,,,,,,1,,
B5G3P5,B5G3P5_TAEGU,1.0,,,,,,1,,,,
B4NNM5,B4NNM5_DROWI,1.0,,,,,,1,,,,
B5KFQ7,B5KFQ7_TAEGU,1.0,,,,,,1,,,,
B5KLP0,B5KLP0_CAPHI,1.0,,,,,,,,1,,
B4NQ00,B4NQ00_DROWI,1.0,,,,,,1,,,,
B5X4W2,B5X4W2_SALSA,1.0,,,,,,,,1,,
B4NQ49,B4NQ49_DROWI,1.0,,,,,,1,,,,
B4NQ65,B4NQ65_DROWI,1.0,,,,,,1,,,,
B5RJE3,B5RJE3_DROME,1.0,,,,,,1,,,,
B4P843,B4P843_DROYA,1.0,,,,,,1,,,,
B4P896,B4P896_DROYA,1.0,,,,,,1,,,,
B4PK78,B4PK78_DROYA,1.0,,,,,,1,,,,
B5X1E9,B5X1E9_SALSA,1.0,,,,,,,,1,,
B4PCM2,B4PCM2_DROYA,1.0,,,,,,1,,,,
B5X2M9,B5X2M9_SALSA,1.0,,,,,,,,1,,
B5X3B9,B5X3B9_SALSA,1.0,,,,,,,,1,,
B4PD66,B4PD66_DROYA,1.0,,,,,,1,,,,
B5X2S9,B5X2S9_SALSA,1.0,,,,,,,,1,,
B4PDR8,B4PDR8_DROYA,1.0,,,,,,1,,,,
B4PDV5,B4PDV5_DROYA,1.0,,,,,,1,,,,
B5X3B0,B5X3B0_SALSA,1.0,,,,,,,,1,,
B4PE44,B4PE44_DROYA,1.0,,,,,,1,,,,
B5X2X6,B5X2X6_SALSA,1.0,,,,,,,,1,,
B5X344,B5X344_SALSA,1.0,,,,,,,,1,,
B5X2Y7,B5X2Y7_SALSA,1.0,,,,,,,,1,,
B4PF97,B4PF97_DROYA,1.0,,,,,,1,,,,
B5X307,B5X307_SALSA,1.0,,,,,,,,1,,
B4PFW8,B4PFW8_DROYA,1.0,,,,,,1,,,,
B4PFW9,B4PFW9_DROYA,1.0,,,,,,1,,,,
B4PHE7,B4PHE7_DROYA,1.0,,,,,,1,,,,
B5X229,B5X229_SALSA,1.0,,,,,,,,1,,
B5X3F9,B5X3F9_SALSA,1.0,,,,,,,,1,,
B4PCF2,B4PCF2_DROYA,1.0,,,,,,1,,,,
B4PK17,B4PK17_DROYA,1.0,,,,,,1,,,,
B4P9N2,B4P9N2_DROYA,1.0,,,,,,1,,,,
B5X466,B5X466_SALSA,1.0,,,,,,,,1,,
B5X445,B5X445_SALSA,1.0,,,,,,,,1,,
B4PAT3,B4PAT3_DROYA,1.0,,,,,,1,,,,
B5X431,B5X431_SALSA,1.0,,,,,,,,1,,
B5X1F7,B5X1F7_SALSA,1.0,,,,,,,,1,,
B5X1I9,B5X1I9_SALSA,1.0,,,,,,,,1,,
B4PJR2,B4PJR2_DROYA,1.0,,,,,,1,,,,
B5X3J3,B5X3J3_SALSA,1.0,,,,,,,,1,,
B4PIR1,B4PIR1_DROYA,1.0,,,,,,1,,,,
B4PAY4,B4PAY4_DROYA,1.0,,,,,,1,,,,
B4PB82,B4PB82_DROYA,1.0,,,,,,1,,,,
B5X1J7,B5X1J7_SALSA,1.0,,,,,,,,1,,
B4PBM9,B4PBM9_DROYA,1.0,,,,,,1,,,,
B4PHQ0,B4PHQ0_DROYA,1.0,,,,,,1,,,,
B5X420,B5X420_SALSA,1.0,,,,,,,,1,,
B5X6D7,B5X6D7_SALSA,1.0,,,,,,,,1,,
B5X6D9,B5X6D9_SALSA,1.0,,,,,,,,1,,
B5XGC1,B5XGC1_SALSA,1.0,,,,,,,,1,,
B4NDD6,B4NDD6_DROWI,1.0,,,,,,1,,,,
B5FY83,B5FY83_TAEGU,1.0,,,,,,1,,,,
B4NGQ1,B4NGQ1_DROWI,1.0,,,,,,1,,,,
B4NH42,B4NH42_DROWI,1.0,,,,,,1,,,,
B4NH46,B4NH46_DROWI,1.0,,,,,,1,,,,
B5XFG8,B5XFG8_SALSA,1.0,,,,,,,,1,,
B5XF17,B5XF17_SALSA,1.0,,,,,,,,1,,
B4NH56,B4NH56_DROWI,1.0,,,,,,1,,,,
B5XEK9,B5XEK9_SALSA,1.0,,,,,,,,1,,
B5XE97,B5XE97_SALSA,1.0,,,,,,,,1,,
B5XE81,B5XE81_SALSA,1.0,,,,,,,,1,,
B5XDN8,B5XDN8_SALSA,1.0,,,,,,,,1,,
B5XDK1,B5XDK1_SALSA,1.0,,,,,,,,1,,
B5XDC3,B5XDC3_SALSA,1.0,,,,,,,,1,,
B4NHH1,B4NHH1_DROWI,1.0,,,,,,1,,,,
B4NHK1,B4NHK1_DROWI,1.0,,,,,,1,,,,
B5XD44,B5XD44_SALSA,1.0,,,,,,,,1,,
B5XCR1,B5XCR1_SALSA,1.0,,,,,,,,1,,
B4NG51,B4NG51_DROWI,1.0,,,,,,1,,,,
B4ND57,B4ND57_DROWI,1.0,,,,,,1,,,,
B4PQA9,B4PQA9_DROYA,1.0,,,,,,1,,,,
B4NCR3,B4NCR3_DROWI,1.0,,,,,,1,,,,
B5XG74,B5XG74_SALSA,1.0,,,,,,,,1,,
B5XFY1,B5XFY1_SALSA,1.0,,,,,,,,1,,
B5XFX0,B5XFX0_SALSA,1.0,,,,,,,,1,,
B4PW48,B4PW48_DROYA,1.0,,,,,,1,,,,
B4N5X3,B4N5X3_DROWI,1.0,,,,,,1,,,,
B5XFG9,B5XFG9_SALSA,1.0,,,,,,,,1,,
B4PVY6,B4PVY6_DROYA,1.0,,,,,,1,,,,
B4N724,B4N724_DROWI,1.0,,,,,,1,,,,
B4N777,B4N777_DROWI,1.0,,,,,,1,,,,
B4N810,B4N810_DROWI,1.0,,,,,,1,,,,
B4NAQ9,B4NAQ9_DROWI,1.0,,,,,,1,,,,
B4NC39,B4NC39_DROWI,1.0,,,,,,1,,,,
B4NCG9,B4NCG9_DROWI,1.0,,,,,,1,,,,
B4PVF8,B4PVF8_DROYA,1.0,,,,,,1,,,,
B4PV37,B4PV37_DROYA,1.0,,,,,,1,,,,
B4NCN8,B4NCN8_DROWI,1.0,,,,,,1,,,,
B5FY78,B5FY78_TAEGU,1.0,,,,,,,,1,,
B4PG54,B4PG54_DROYA,1.0,,,,,,1,,,,
B5XCF8,B5XCF8_SALSA,1.0,,,,,,,,1,,
B5XCD6,B5XCD6_SALSA,1.0,,,,,,,,1,,
B4PUW7,B4PUW7_DROYA,1.0,,,,,,1,,,,
B5X894,B5X894_SALSA,1.0,,,,,,,,1,,
B4NIG4,B4NIG4_DROWI,1.0,,,,,,1,,,,
B4NJ72,RAS1_DROWI,1.0,,,,,,1,,,,
B4PRC0,B4PRC0_DROYA,1.0,,,,,,1,,,,
B5FZE1,B5FZE1_TAEGU,1.0,,,,,,,,1,,
B5X7H3,B5X7H3_SALSA,1.0,,,,,,,,1,,
B5FZE3,B5FZE3_TAEGU,1.0,,,,,,,,1,,
B5X7A8,B5X7A8_SALSA,1.0,,,,,,,,1,,
B4PQD4,B4PQD4_DROYA,1.0,,,,,,1,,,,
B4NJ88,B4NJ88_DROWI,1.0,,,,,,1,,,,
B4NKG6,B4NKG6_DROWI,1.0,,,,,,1,,,,
B5G0L4,B5G0L4_TAEGU,1.0,,,,,,1,,,,
B4NKM7,B4NKM7_DROWI,1.0,,,,,,1,,,,
B5X794,B5X794_SALSA,1.0,,,,,,,,1,,
B5X6U0,B5X6U0_SALSA,1.0,,,,,,,,1,,
B4NLC6,B4NLC6_DROWI,1.0,,,,,,1,,,,
B5X6L9,B5X6L9_SALSA,1.0,,,,,,,,1,,
B5X8Y1,B5X8Y1_SALSA,1.0,,,,,,,,1,,
B5X9H5,B5X9H5_SALSA,1.0,,,,,,,,1,,
B4NHT7,B4NHT7_DROWI,1.0,,,,,,1,,,,
B4PT49,B4PT49_DROYA,1.0,,,,,,1,,,,
B5XC92,B5XC92_SALSA,1.0,,,,,,,,1,,
B5FYI0,B5FYI0_TAEGU,1.0,,,,,,1,,,,
B4NHQ1,B4NHQ1_DROWI,1.0,,,,,,1,,,,
B4PUT7,B4PUT7_DROYA,1.0,,,,,,1,,,,
B4PUP5,RAS1_DROYA,1.0,,,,,,1,,,,
B4PUP2,B4PUP2_DROYA,1.0,,,,,,1,,,,
B5XBF5,B5XBF5_SALSA,1.0,,,,,,,,1,,
B5XB26,B5XB26_SALSA,1.0,,,,,,,,1,,
B4NHQ2,B4NHQ2_DROWI,1.0,,,,,,1,,,,
B4PSL3,B4PSL3_DROYA,1.0,,,,,,1,,,,
B4PS05,B4PS05_DROYA,1.0,,,,,,1,,,,
B5FYQ0,ARL3_TAEGU,1.0,,,,,,1,,,,
B5XAZ2,B5XAZ2_SALSA,1.0,,,,,,,,1,,
B5XAN0,B5XAN0_SALSA,1.0,,,,,,,,1,,
B5XA61,B5XA61_SALSA,1.0,,,,,,,,1,,
B5X9Q0,B5X9Q0_SALSA,1.0,,,,,,,,1,,
B4UJT0,B4UJT0_ANASK,1.0,,,,,,1,,,,
B8B6D3,B8B6D3_ORYSI,1.0,,,,,,1,,,,
B6HEI5,B6HEI5_PENCW,1.0,,,,,,1,,,,
C3YNQ8,C3YNQ8_BRAFL,1.0,,,,,,1,,,,
C3YP50,C3YP50_BRAFL,1.0,,,,,,1,,,,
C3YP54,C3YP54_BRAFL,1.0,,,,,,1,,,,
C3YRF8,C3YRF8_BRAFL,1.0,,,,,,1,,,,
C3YRK1,C3YRK1_BRAFL,1.0,,,,,,1,,,,
C3YRQ1,C3YRQ1_BRAFL,1.0,,,,,,1,,,,
C3YRR2,C3YRR2_BRAFL,1.0,,,,,,1,,,,
C3YT67,C3YT67_BRAFL,1.0,,,,,,1,,,,
C3YV50,C3YV50_BRAFL,1.0,,,,,,1,,,,
C3YV68,C3YV68_BRAFL,1.0,,,,,,1,,,,
C3YV71,C3YV71_BRAFL,1.0,,,,,,1,,,,
C3YVK2,C3YVK2_BRAFL,1.0,,,,,,1,,,,
C3YW53,C3YW53_BRAFL,1.0,,,,,,1,,,,
C3YW62,C3YW62_BRAFL,1.0,,,,,,1,,,,
C3YW66,C3YW66_BRAFL,1.0,,,,,,1,,,,
C3YX80,C3YX80_BRAFL,1.0,,,,,,1,,,,
C3YP47,C3YP47_BRAFL,1.0,,,,,,1,,,,
C3YNQ4,C3YNQ4_BRAFL,1.0,,,,,,1,,,,
C3ZIB9,C3ZIB9_BRAFL,1.0,,,,,,1,,,,
C3YNK8,C3YNK8_BRAFL,1.0,,,,,,1,,,,
C3YEP6,C3YEP6_BRAFL,1.0,,,,,,1,,,,
C3YF58,C3YF58_BRAFL,1.0,,,,,,1,,,,
C3YFP3,C3YFP3_BRAFL,1.0,,,,,,1,,,,
C3YFS3,C3YFS3_BRAFL,1.0,,,,,,1,,,,
C3YH54,C3YH54_BRAFL,1.0,,,,,,1,,,,
C3YH99,C3YH99_BRAFL,1.0,,,,,,1,,,,
C3YI32,C3YI32_BRAFL,1.0,,,,,,1,,,,
C3YID0,C3YID0_BRAFL,1.0,,,,,,1,,,,
C3YJ47,C3YJ47_BRAFL,1.0,,,,,,1,,,,
C3YJ97,C3YJ97_BRAFL,1.0,,,,,,1,,,,
C3YJC1,C3YJC1_BRAFL,1.0,,,,,,1,,,,
C3YKE6,C3YKE6_BRAFL,1.0,,,,,,1,,,,
C3YKI2,C3YKI2_BRAFL,1.0,,,,,,1,,,,
C3YLR1,C3YLR1_BRAFL,1.0,,,,,,1,,,,
C3YND5,C3YND5_BRAFL,1.0,,,,,,1,,,,
C3YX87,C3YX87_BRAFL,1.0,,,,,,1,,,,
C3YX89,C3YX89_BRAFL,1.0,,,,,,1,,,,
C3YXK2,C3YXK2_BRAFL,1.0,,,,,,1,,,,
C3YYJ2,C3YYJ2_BRAFL,1.0,,,,,,1,,,,
C3ZAH8,C3ZAH8_BRAFL,1.0,,,,,,1,,,,
C3ZB47,C3ZB47_BRAFL,1.0,,,,,,1,,,,
C3ZBL7,C3ZBL7_BRAFL,1.0,,,,,,1,,,,
C3ZC01,C3ZC01_BRAFL,1.0,,,,,,1,,,,
C3ZC71,C3ZC71_BRAFL,1.0,,,,,,1,,,,
C3ZCR5,C3ZCR5_BRAFL,1.0,,,,,,1,,,,
C3ZCR6,C3ZCR6_BRAFL,1.0,,,,,,1,,,,
C3ZD78,C3ZD78_BRAFL,1.0,,,,,,1,,,,
C3ZE31,C3ZE31_BRAFL,1.0,,,,,,1,,,,
C3ZEE0,C3ZEE0_BRAFL,1.0,,,,,,1,,,,
C3ZFG7,C3ZFG7_BRAFL,1.0,,,,,,1,,,,
C3ZGC5,C3ZGC5_BRAFL,1.0,,,,,,1,,,,
C3ZH21,C3ZH21_BRAFL,1.0,,,,,,1,,,,
C3ZHM7,C3ZHM7_BRAFL,1.0,,,,,,1,,,,
C3ZI89,C3ZI89_BRAFL,1.0,,,,,,1,,,,
C3ZAF6,C3ZAF6_BRAFL,1.0,,,,,,1,,,,
C3ZAF5,C3ZAF5_BRAFL,1.0,,,,,,1,,,,
C3Z974,C3Z974_BRAFL,1.0,,,,,,1,,,,
C3Z404,C3Z404_BRAFL,1.0,,,,,,1,,,,
C3Z0I0,C3Z0I0_BRAFL,1.0,,,,,,1,,,,
C3Z0Q8,C3Z0Q8_BRAFL,1.0,,,,,,1,,,,
C3Z1R5,C3Z1R5_BRAFL,1.0,,,,,,1,,,,
C3Z2C8,C3Z2C8_BRAFL,1.0,,,,,,1,,,,
C3Z2D6,C3Z2D6_BRAFL,1.0,,,,,,1,,,,
C3Z355,C3Z355_BRAFL,1.0,,,,,,1,,,,
C3Z473,C3Z473_BRAFL,1.0,,,,,,1,,,,
C3Z921,C3Z921_BRAFL,1.0,,,,,,1,,,,
C3Z567,C3Z567_BRAFL,1.0,,,,,,1,,,,
C3Z656,C3Z656_BRAFL,1.0,,,,,,1,,,,
C3Z6N4,C3Z6N4_BRAFL,1.0,,,,,,1,,,,
C3Z6Q6,C3Z6Q6_BRAFL,1.0,,,,,,1,,,,
C3Z7K0,C3Z7K0_BRAFL,1.0,,,,,,1,,,,
C3Z904,C3Z904_BRAFL,1.0,,,,,,1,,,,
C3YDZ5,C3YDZ5_BRAFL,1.0,,,,,,1,,,,
C3YDX8,C3YDX8_BRAFL,1.0,,,,,,1,,,,
C3YD42,C3YD42_BRAFL,1.0,,,,,,1,,,,
C1A7E8,C1A7E8_GEMAT,1.0,,,,,,1,,,,
B9WIT4,B9WIT4_CANDC,1.0,,,,,,1,,,,
B9WKC3,B9WKC3_CANDC,1.0,,,,,,1,,,,
B9WL02,B9WL02_CANDC,1.0,,,,,,1,,,,
B9WL88,B9WL88_CANDC,1.0,,,,,,1,,,,
B9WM58,B9WM58_CANDC,1.0,,,,,,1,,,,
B9WMF1,B9WMF1_CANDC,1.0,,,,,,1,,,,
B9WMJ7,B9WMJ7_CANDC,1.0,,,,,,1,,,,
B9WMQ3,B9WMQ3_CANDC,1.0,,,,,,1,,,,
C0H5X4,C0H5X4_MOUSE,1.0,,1,,,,,,,,
C0H6Z7,C0H6Z7_DROME,1.0,,,,,,1,,,,
C0IQA7,C0IQA7_MOUSE,1.0,,,,,,1,,,,
C0JKE4,C0JKE4_CAVPO,1.0,,,,,,1,,,,
C0Q9B8,C0Q9B8_DESAH,1.0,,,,,,1,,,,
C0RW27,C0RW27_DASNO,1.0,,,,,,1,,,,
C0Z2T5,C0Z2T5_ARATH,1.0,,,,,,1,,,,
B9WHC9,B9WHC9_CANDC,1.0,,,,,,1,,,,
B9WFN9,B9WFN9_CANDC,1.0,,,,,,1,,,,
B9WF34,B9WF34_CANDC,1.0,,,,,,1,,,,
B9W8M2,B9W8M2_CANDC,1.0,,,,,,1,,,,
B9W724,B9W724_CANDC,1.0,,,,,,1,,,,
B9W768,B9W768_CANDC,1.0,,,,,,1,,,,
B9W789,B9W789_CANDC,1.0,,,,,,1,,,,
B9W7D0,B9W7D0_CANDC,1.0,,,,,,1,,,,
B9W7V3,B9W7V3_CANDC,1.0,,,,,,1,,,,
B9W870,B9W870_CANDC,1.0,,,,,,1,,,,
B9W9C2,B9W9C2_CANDC,1.0,,,,,,1,,,,
B9WE85,B9WE85_CANDC,1.0,,,,,,1,,,,
B9WA26,B9WA26_CANDC,1.0,,,,,,1,,,,
B9WBG3,B9WBG3_CANDC,1.0,,,,,,1,,,,
B9WBS9,B9WBS9_CANDC,1.0,,,,,,1,,,,
B9WBX9,B9WBX9_CANDC,1.0,,,,,,1,,,,
B9WC61,B9WC61_CANDC,1.0,,,,,,1,,,,
B9WDB7,B9WDB7_CANDC,1.0,,,,,,1,,,,
C0Z3J4,C0Z3J4_ARATH,1.0,,,,,,1,,,,
C1A892,C1A892_GEMAT,1.0,,,,,,1,,,,
C3YCC3,C3YCC3_BRAFL,1.0,,,,,,1,,,,
C1CX32,C1CX32_DEIDV,1.0,,,,,,1,,,,
C3Y0S6,C3Y0S6_BRAFL,1.0,,,,,,1,,,,
C3Y1S7,C3Y1S7_BRAFL,1.0,,,,,,1,,,,
C3Y3L2,C3Y3L2_BRAFL,1.0,,,,,,1,,,,
C3Y491,C3Y491_BRAFL,1.0,,,,,,1,,,,
C3Y4H7,C3Y4H7_BRAFL,1.0,,,,,,1,,,,
C3Y512,C3Y512_BRAFL,1.0,,,,,,1,,,,
C3Y6M2,C3Y6M2_BRAFL,1.0,,,,,,1,,,,
C3Y6N0,C3Y6N0_BRAFL,1.0,,,,,,1,,,,
C3Y6W4,C3Y6W4_BRAFL,1.0,,,,,,1,,,,
C3Y7H5,C3Y7H5_BRAFL,1.0,,,,,,1,,,,
C3Y7J5,C3Y7J5_BRAFL,1.0,,,,,,1,,,,
C3Y7L4,C3Y7L4_BRAFL,1.0,,,,,,1,,,,
C3Y8H3,C3Y8H3_BRAFL,1.0,,,,,,1,,,,
C3Y955,C3Y955_BRAFL,1.0,,,,,,1,,,,
C3YA80,C3YA80_BRAFL,1.0,,,,,,1,,,,
C3Y0H6,C3Y0H6_BRAFL,1.0,,,,,,1,,,,
C3Y066,C3Y066_BRAFL,1.0,,,,,,1,,,,
C3Y064,C3Y064_BRAFL,1.0,,,,,,1,,,,
C3NI02,C3NI02_SULIN,1.0,,,,,,1,,,,
C1DVV4,C1DVV4_SULAA,1.0,,,,,,1,,,,
C1FXS1,C1FXS1_DASNO,1.0,,,,,,1,,,,
C3MPG9,C3MPG9_SULIL,1.0,,,,,,1,,,,
C3MYF7,C3MYF7_SULIM,1.0,,,,,,1,,,,
C3N551,C3N551_SULIA,1.0,,,,,,1,,,,
C3NDP9,C3NDP9_SULIY,1.0,,,,,,1,,,,
C3XQ95,C3XQ95_BRAFL,1.0,,,,,,1,,,,
C3Y057,C3Y057_BRAFL,1.0,,,,,,1,,,,
C3XQM1,C3XQM1_BRAFL,1.0,,,,,,1,,,,
C3XR84,C3XR84_BRAFL,1.0,,,,,,1,,,,
C3XSA3,C3XSA3_BRAFL,1.0,,,,,,1,,,,
C3XVK6,C3XVK6_BRAFL,1.0,,,,,,1,,,,
C3XZC9,C3XZC9_BRAFL,1.0,,,,,,1,,,,
C3XZS9,C3XZS9_BRAFL,1.0,,,,,,1,,,,
C3ZI91,C3ZI91_BRAFL,1.0,,,,,,1,,,,
C3ZJ55,C3ZJ55_BRAFL,1.0,,,,,,1,,,,
B9W6P0,B9W6P0_CANDC,1.0,,,,,,1,,,,
C5DQ77,C5DQ77_ZYGRC,1.0,,,,,,1,,,,
C5DRK4,C5DRK4_ZYGRC,1.0,,,,,,1,,,,
C5DS66,C5DS66_ZYGRC,1.0,,,,,,1,,,,
C5DSK1,C5DSK1_ZYGRC,1.0,,,,,,1,,,,
C5DSS5,C5DSS5_ZYGRC,1.0,,,,,,1,,,,
C5DSZ9,C5DSZ9_ZYGRC,1.0,,,,,,1,,,,
C5DTB3,C5DTB3_ZYGRC,1.0,,,,,,1,,,,
C5DTD7,C5DTD7_ZYGRC,1.0,,,,,,1,,,,
C5DTM1,C5DTM1_ZYGRC,1.0,,,,,,1,,,,
C5DUB6,C5DUB6_ZYGRC,1.0,,,,,,1,,,,
C5DUC0,C5DUC0_ZYGRC,1.0,,,,,,1,,,,
C5DUU3,C5DUU3_ZYGRC,1.0,,,,,,1,,,,
C5DUU4,C5DUU4_ZYGRC,1.0,,,,,,1,,,,
C5DV17,C5DV17_ZYGRC,1.0,,,,,,1,,,,
C5DWH1,C5DWH1_ZYGRC,1.0,,,,,,1,,,,
C5DX76,C5DX76_ZYGRC,1.0,,,,,,1,,,,
C5DQC3,C5DQC3_ZYGRC,1.0,,,,,,1,,,,
C5DQ43,C5DQ43_ZYGRC,1.0,,,,,,1,,,,
C3ZJE1,C3ZJE1_BRAFL,1.0,,,,,,1,,,,
C5DPR6,C5DPR6_ZYGRC,1.0,,,,,,1,,,,
C5DJR8,C5DJR8_LACTC,1.0,,,,,,1,,,,
C5DJR9,C5DJR9_LACTC,1.0,,,,,,1,,,,
C5DJS7,C5DJS7_LACTC,1.0,,,,,,1,,,,
C5DKL5,C5DKL5_LACTC,1.0,,,,,,1,,,,
C5DKV9,C5DKV9_LACTC,1.0,,,,,,1,,,,
C5DKY4,C5DKY4_LACTC,1.0,,,,,,1,,,,
C5DLM0,C5DLM0_LACTC,1.0,,,,,,1,,,,
C5DM35,C5DM35_LACTC,1.0,,,,,,1,,,,
C5DME0,C5DME0_LACTC,1.0,,,,,,1,,,,
C5DME6,C5DME6_LACTC,1.0,,,,,,1,,,,
C5DME9,C5DME9_LACTC,1.0,,,,,,1,,,,
C5DMJ9,C5DMJ9_LACTC,1.0,,,,,,1,,,,
C5DN80,C5DN80_LACTC,1.0,,,,,,1,,,,
C5DNP5,C5DNP5_LACTC,1.0,,,,,,1,,,,
C5DPA0,C5DPA0_ZYGRC,1.0,,,,,,1,,,,
C5DXC3,C5DXC3_ZYGRC,1.0,,,,,,1,,,,
C5DXK2,C5DXK2_ZYGRC,1.0,,,,,,1,,,,
C5DXX5,C5DXX5_ZYGRC,1.0,,,,,,1,,,,
C5DYC9,C5DYC9_ZYGRC,1.0,,,,,,1,,,,
C5P539,C5P539_COCP7,1.0,,,,,,1,,,,
C5P5N5,C5P5N5_COCP7,1.0,,,,,,1,,,,
C5P6G6,C5P6G6_COCP7,1.0,,,,,,1,,,,
C5P7R5,C5P7R5_COCP7,1.0,,,,,,1,,,,
C5P7U9,C5P7U9_COCP7,1.0,,,,,,1,,,,
C5P7X6,C5P7X6_COCP7,1.0,,,,,,1,,,,
C5P8W8,C5P8W8_COCP7,1.0,,,,,,1,,,,
C5P9G4,C5P9G4_COCP7,1.0,,,,,,1,,,,
C5P9U1,C5P9U1_COCP7,1.0,,,,,,1,,,,
C5PB19,C5PB19_COCP7,1.0,,,,,,1,,,,
C5PCM2,C5PCM2_COCP7,1.0,,,,,,1,,,,
C5PD75,C5PD75_COCP7,1.0,,,,,,1,,,,
C5PDK3,C5PDK3_COCP7,1.0,,,,,,1,,,,
C5PEI2,C5PEI2_COCP7,1.0,,,,,,1,,,,
C5PEM4,C5PEM4_COCP7,1.0,,,,,,1,,,,
C5P4C3,C5P4C3_COCP7,1.0,,,,,,1,,,,
C5P437,C5P437_COCP7,1.0,,,,,,1,,,,
C5P3M8,C5P3M8_COCP7,1.0,,,,,,1,,,,
C5E344,C5E344_LACTC,1.0,,,,,,1,,,,
C5DZ80,C5DZ80_ZYGRC,1.0,,,,,,1,,,,
C5E1J0,C5E1J0_ZYGRC,1.0,,,,,,1,,,,
C5E252,C5E252_LACTC,1.0,,,,,,1,,,,
C5E253,C5E253_LACTC,1.0,,,,,,1,,,,
C5E2B9,C5E2B9_LACTC,1.0,,,,,,1,,,,
C5E327,C5E327_LACTC,1.0,,,,,,1,,,,
C5E422,C5E422_ZYGRC,1.0,,,,,,1,,,,
C5P2G6,C5P2G6_COCP7,1.0,,,,,,1,,,,
C5E4M5,C5E4M5_ZYGRC,1.0,,,,,,1,,,,
C5E4S9,C5E4S9_ZYGRC,1.0,,,,,,1,,,,
C5NZ36,C5NZ36_COCP7,1.0,,,,,,1,,,,
C5NZZ9,C5NZZ9_COCP7,1.0,,,,,,1,,,,
C5P064,C5P064_COCP7,1.0,,,,,,1,,,,
C5P0T2,C5P0T2_COCP7,1.0,,,,,,1,,,,
C5DIN2,C5DIN2_LACTC,1.0,,,,,,1,,,,
C5DID5,C5DID5_LACTC,1.0,,,,,,1,,,,
C5DI44,C5DI44_LACTC,1.0,,,,,,1,,,,
C4R0Q2,C4R0Q2_PICPG,1.0,,,,,,1,,,,
C3ZXS5,C3ZXS5_BRAFL,1.0,,,,,,1,,,,
C3ZXS6,C3ZXS6_BRAFL,1.0,,,,,,1,,,,
C3ZXT6,C3ZXT6_BRAFL,1.0,,,,,,1,,,,
C3ZY10,C3ZY10_BRAFL,1.0,,,,,,1,,,,
C4A0E8,C4A0E8_BRAFL,1.0,,,,,,1,,,,
C4A0T5,C4A0T5_BRAFL,1.0,,,,,,1,,,,
C4A108,C4A108_BRAFL,1.0,,,,,,1,,,,
C4KGQ4,C4KGQ4_SULIK,1.0,,,,,,1,,,,
C4MRC5,C4MRC5_PIG,1.0,,,,,,1,,,,
C4QVA0,C4QVA0_PICPG,1.0,,,,,,1,,,,
C4QVI7,C4QVI7_PICPG,1.0,,,,,,1,,,,
C4QXL9,C4QXL9_PICPG,1.0,,,,,,1,,,,
C4QYQ7,C4QYQ7_PICPG,1.0,,,,,,1,,,,
C4QZ12,C4QZ12_PICPG,1.0,,,,,,1,,,,
C4QZP2,C4QZP2_PICPG,1.0,,,,,,1,,,,
C3ZX45,C3ZX45_BRAFL,1.0,,,,,,1,,,,
C3ZW44,C3ZW44_BRAFL,1.0,,,,,,1,,,,
C3ZVB7,C3ZVB7_BRAFL,1.0,,,,,,1,,,,
C3ZRU4,C3ZRU4_BRAFL,1.0,,,,,,1,,,,
C3ZJE4,C3ZJE4_BRAFL,1.0,,,,,,1,,,,
C3ZLT5,C3ZLT5_BRAFL,1.0,,,,,,1,,,,
C3ZLT6,C3ZLT6_BRAFL,1.0,,,,,,1,,,,
C3ZMJ1,C3ZMJ1_BRAFL,1.0,,,,,,1,,,,
C3ZP28,C3ZP28_BRAFL,1.0,,,,,,1,,,,
C3ZQN0,C3ZQN0_BRAFL,1.0,,,,,,1,,,,
C3ZRX6,C3ZRX6_BRAFL,1.0,,,,,,1,,,,
C3ZVB3,C3ZVB3_BRAFL,1.0,,,,,,1,,,,
C3ZRX8,C3ZRX8_BRAFL,1.0,,,,,,1,,,,
C3ZS01,C3ZS01_BRAFL,1.0,,,,,,1,,,,
C3ZSI0,C3ZSI0_BRAFL,1.0,,,,,,1,,,,
C3ZT51,C3ZT51_BRAFL,1.0,,,,,,1,,,,
C3ZTG4,C3ZTG4_BRAFL,1.0,,,,,,1,,,,
C3ZTX9,C3ZTX9_BRAFL,1.0,,,,,,1,,,,
C4R0N5,C4R0N5_PICPG,1.0,,,,,,1,,,,
C4R0Y7,C4R0Y7_PICPG,1.0,,,,,,1,,,,
C5DFY2,C5DFY2_LACTC,1.0,,,,,,1,,,,
C4R1E1,C4R1E1_PICPG,1.0,,,,,,1,,,,
C4WSY3,C4WSY3_ACYPI,1.0,,,,,,,1,,,
C4WV62,C4WV62_ACYPI,1.0,,,,,,,1,,,
C4WWE6,C4WWE6_ACYPI,1.0,,,,,,,1,,,
C4WXK2,C4WXK2_ACYPI,1.0,,,,,,,1,,,
C4YKT4,RAS1_CANAW,1.0,,,,,,,1,,,
C4YL45,C4YL45_CANAW,1.0,,,,,,,1,,,
C5A220,C5A220_THEGJ,1.0,,,,,,1,,,,
C5A6S1,C5A6S1_THEGJ,1.0,,,,,,1,,,,
C5DBH4,C5DBH4_LACTC,1.0,,,,,,1,,,,
C5DCZ2,C5DCZ2_LACTC,1.0,,,,,,1,,,,
C5DDM9,C5DDM9_LACTC,1.0,,,,,,1,,,,
C5DEM2,C5DEM2_LACTC,1.0,,,,,,1,,,,
C5DEQ1,C5DEQ1_LACTC,1.0,,,,,,1,,,,
C5DF43,C5DF43_LACTC,1.0,,,,,,1,,,,
C5DFM1,C5DFM1_LACTC,1.0,,,,,,1,,,,
C4R994,C4R994_PICPG,1.0,,,,,,1,,,,
C4R854,C4R854_PICPG,1.0,,,,,,1,,,,
C4R7C1,C4R7C1_PICPG,1.0,,,,,,1,,,,
C4R3X9,C4R3X9_PICPG,1.0,,,,,,1,,,,
C4R266,C4R266_PICPG,1.0,,,,,,1,,,,
C4R2W7,C4R2W7_PICPG,1.0,,,,,,1,,,,
C4R2X7,C4R2X7_PICPG,1.0,,,,,,1,,,,
C4R3M6,C4R3M6_PICPG,1.0,,,,,,1,,,,
C4R3N7,C4R3N7_PICPG,1.0,,,,,,1,,,,
C4R3P3,C4R3P3_PICPG,1.0,,,,,,1,,,,
C4R509,C4R509_PICPG,1.0,,,,,,1,,,,
C4R775,C4R775_PICPG,1.0,,,,,,1,,,,
C4R5B1,C4R5B1_PICPG,1.0,,,,,,1,,,,
C4R5D0,C4R5D0_PICPG,1.0,,,,,,1,,,,
C4R681,C4R681_PICPG,1.0,,,,,,1,,,,
C4R716,C4R716_PICPG,1.0,,,,,,1,,,,
C4R765,C4R765_PICPG,1.0,,,,,,1,,,,
C4R771,C4R771_PICPG,1.0,,,,,,1,,,,
B9W6T7,B9W6T7_CANDC,1.0,,,,,,1,,,,
B9V4F0,B9V4F0_PIG,1.0,,,,,,1,,,,
B6HFE8,B6HFE8_PENCW,1.0,,,,,,1,,,,
B7Q4D2,B7Q4D2_IXOSC,1.0,,,,,,1,,,,
B7Q5B5,B7Q5B5_IXOSC,1.0,,,,,,1,,,,
B7Q5P0,B7Q5P0_IXOSC,1.0,,,,,,1,,,,
B7Q699,B7Q699_IXOSC,1.0,,,,,,1,,,,
B7Q6C8,B7Q6C8_IXOSC,1.0,,,,,,1,,,,
B7Q7R1,B7Q7R1_IXOSC,1.0,,,,,,1,,,,
B7QA36,B7QA36_IXOSC,1.0,,,,,,1,,,,
B7QBI6,B7QBI6_IXOSC,1.0,,,,,,1,,,,
B7QCS6,B7QCS6_IXOSC,1.0,,,,,,1,,,,
B7QCW2,B7QCW2_IXOSC,1.0,,,,,,1,,,,
B7QDB4,B7QDB4_IXOSC,1.0,,,,,,1,,,,
B7QDW6,B7QDW6_IXOSC,1.0,,,,,,1,,,,
B7QFI6,B7QFI6_IXOSC,1.0,,,,,,1,,,,
B7QFX7,B7QFX7_IXOSC,1.0,,,,,,1,,,,
B7QGE0,B7QGE0_IXOSC,1.0,,,,,,1,,,,
B7QGT5,B7QGT5_IXOSC,1.0,,,,,,1,,,,
B7Q4D3,B7Q4D3_IXOSC,1.0,,,,,,1,,,,
B7Q2W4,B7Q2W4_IXOSC,1.0,,,,,,1,,,,
B8AZZ6,B8AZZ6_ORYSI,1.0,,,,,,1,,,,
B7Q2D9,B7Q2D9_IXOSC,1.0,,,,,,1,,,,
B7PPF1,B7PPF1_IXOSC,1.0,,,,,,1,,,,
B7PRK4,B7PRK4_IXOSC,1.0,,,,,,1,,,,
B7PTQ4,B7PTQ4_IXOSC,1.0,,,,,,1,,,,
B7PU44,B7PU44_IXOSC,1.0,,,,,,1,,,,
B7PWC1,B7PWC1_IXOSC,1.0,,,,,,1,,,,
B7PWM8,B7PWM8_IXOSC,1.0,,,,,,1,,,,
B7PWY7,B7PWY7_IXOSC,1.0,,,,,,1,,,,
B7PXW6,B7PXW6_IXOSC,1.0,,,,,,1,,,,
B7PYJ8,B7PYJ8_IXOSC,1.0,,,,,,1,,,,
B7PZ70,B7PZ70_IXOSC,1.0,,,,,,1,,,,
B7PZM8,B7PZM8_IXOSC,1.0,,,,,,1,,,,
B7Q0P6,B7Q0P6_IXOSC,1.0,,,,,,1,,,,
B7Q0Z0,B7Q0Z0_IXOSC,1.0,,,,,,1,,,,
B7Q199,B7Q199_IXOSC,1.0,,,,,,1,,,,
B7Q2C6,B7Q2C6_IXOSC,1.0,,,,,,1,,,,
B7QHS7,B7QHS7_IXOSC,1.0,,,,,,1,,,,
B7QHT0,B7QHT0_IXOSC,1.0,,,,,,1,,,,
B7QI78,B7QI78_IXOSC,1.0,,,,,,1,,,,
B7QIB6,B7QIB6_IXOSC,1.0,,,,,,1,,,,
B8AAZ2,B8AAZ2_ORYSI,1.0,,,,,,1,,,,
B8AB05,B8AB05_ORYSI,1.0,,,,,,1,,,,
B8AC22,B8AC22_ORYSI,1.0,,,,,,1,,,,
B8AFJ5,B8AFJ5_ORYSI,1.0,,,,,,1,,,,
B8AGM7,B8AGM7_ORYSI,1.0,,,,,,1,,,,
B8AH05,B8AH05_ORYSI,1.0,,,,,,1,,,,
B8AI21,B8AI21_ORYSI,1.0,,,,,,1,,,,
B8AJG0,B8AJG0_ORYSI,1.0,,,,,,1,,,,
B8AMT0,B8AMT0_ORYSI,1.0,,,,,,1,,,,
B8AN04,B8AN04_ORYSI,1.0,,,,,,1,,,,
B8AN77,B8AN77_ORYSI,1.0,,,,,,1,,,,
B8AQR5,B8AQR5_ORYSI,1.0,,,,,,1,,,,
B8AS56,B8AS56_ORYSI,1.0,,,,,,1,,,,
B8AUC1,B8AUC1_ORYSI,1.0,,,,,,1,,,,
B8AW94,B8AW94_ORYSI,1.0,,,,,,1,,,,
B8AA94,B8AA94_ORYSI,1.0,,,,,,1,,,,
B8A8N9,B8A8N9_ORYSI,1.0,,,,,,1,,,,
B8A666,B8A666_DANRE,1.0,,,,,,,,1,,
B7Z5V3,B7Z5V3_HUMAN,1.0,,,,,,,,1,,
B7QK28,B7QK28_IXOSC,1.0,,,,,,1,,,,
B7QK40,B7QK40_IXOSC,1.0,,,,,,1,,,,
B7U6F0,B7U6F0_ANAPL,1.0,,,,,,,,1,,
B7Z3L0,B7Z3L0_HUMAN,1.0,,,,,,,,1,,
B7Z4P9,B7Z4P9_HUMAN,1.0,,,,,,,,1,,
B7Z4X1,B7Z4X1_HUMAN,1.0,,,,,,,,1,,
B7Z5Z9,B7Z5Z9_HUMAN,1.0,,,,,,,,1,,
B8A453,B8A453_DANRE,1.0,,,,,,1,,,,
B7Z8M7,B7Z8M7_HUMAN,1.0,,,,,,,,1,,
B7ZAY2,B7ZAY2_HUMAN,1.0,,,,,,,,1,,
B7ZAY4,B7ZAY4_HUMAN,1.0,,,,,,,,1,,
B7ZB78,B7ZB78_HUMAN,1.0,,,,,,,,1,,
B7ZD40,B7ZD40_DANRE,1.0,,,,,,1,,,,
B8A3X3,B8A3X3_DROME,1.0,,,,,,1,,,,
B7PNJ7,B7PNJ7_IXOSC,1.0,,,,,,1,,,,
B7PNI8,B7PNI8_IXOSC,1.0,,,,,,1,,,,
B7PNH3,B7PNH3_IXOSC,1.0,,,,,,1,,,,
B7P1J6,B7P1J6_IXOSC,1.0,,,,,,1,,,,
B6YWV7,B6YWV7_THEON,1.0,,,,,,1,,,,
B6YX92,B6YX92_THEON,1.0,,,,,,1,,,,
B7F994,B7F994_ORYSJ,1.0,,,,,,1,,,,
B7FSP0,B7FSP0_PHATC,1.0,,,,,,,1,,,
B7K2G4,B7K2G4_CYAP8,1.0,,,,,,1,,,,
B7K3P4,B7K3P4_CYAP8,1.0,,,,,,1,,,,
B7K3Z5,B7K3Z5_CYAP8,1.0,,,,,,1,,,,
B7K4K0,B7K4K0_CYAP8,1.0,,,,,,1,,,,
B7K7K3,B7K7K3_CYAP7,1.0,,,,,,1,,,,
B7K9T7,B7K9T7_CYAP7,1.0,,,,,,1,,,,
B7KCV2,B7KCV2_CYAP7,1.0,,,,,,1,,,,
B7KEE8,B7KEE8_CYAP7,1.0,,,,,,1,,,,
B7KI73,B7KI73_CYAP7,1.0,,,,,,1,,,,
B7KLJ1,B7KLJ1_CYAP7,1.0,,,,,,1,,,,
B7P0S1,B7P0S1_IXOSC,1.0,,,,,,1,,,,
B6RT17,B6RT17_CAPHI,1.0,,,,,,,,1,,
B6IHN6,B6IHN6_CAEBR,1.0,,,,,,1,,,,
B6HTX4,B6HTX4_PENCW,1.0,,,,,,1,,,,
B6HKF1,B6HKF1_PENCW,1.0,,,,,,1,,,,
B6HHK6,B6HHK6_PENCW,1.0,,,,,,1,,,,
B6HHY0,B6HHY0_PENCW,1.0,,,,,,1,,,,
B6HIF1,B6HIF1_PENCW,1.0,,,,,,1,,,,
B6HIR9,B6HIR9_PENCW,1.0,,,,,,1,,,,
B6HJY0,B6HJY0_PENCW,1.0,,,,,,1,,,,
B6HKD9,B6HKD9_PENCW,1.0,,,,,,1,,,,
B6HKH3,B6HKH3_PENCW,1.0,,,,,,1,,,,
B6HTR0,B6HTR0_PENCW,1.0,,,,,,1,,,,
B6HKN8,B6HKN8_PENCW,1.0,,,,,,1,,,,
B6HKQ1,B6HKQ1_PENCW,1.0,,,,,,1,,,,
B6HP22,B6HP22_PENCW,1.0,,,,,,1,,,,
B6HRF8,B6HRF8_PENCW,1.0,,,,,,1,,,,
B6HSH4,B6HSH4_PENCW,1.0,,,,,,1,,,,
B6HTI8,B6HTI8_PENCW,1.0,,,,,,1,,,,
B7P173,B7P173_IXOSC,1.0,,,,,,1,,,,
B7P1L1,B7P1L1_IXOSC,1.0,,,,,,1,,,,
B7PNH2,B7PNH2_IXOSC,1.0,,,,,,1,,,,
B7P283,B7P283_IXOSC,1.0,,,,,,1,,,,
B7PDY5,B7PDY5_IXOSC,1.0,,,,,,1,,,,
B7PEJ6,B7PEJ6_IXOSC,1.0,,,,,,1,,,,
B7PF10,B7PF10_IXOSC,1.0,,,,,,1,,,,
B7PFL2,B7PFL2_IXOSC,1.0,,,,,,1,,,,
B7PH64,B7PH64_IXOSC,1.0,,,,,,1,,,,
B7PH65,B7PH65_IXOSC,1.0,,,,,,1,,,,
B7PH66,B7PH66_IXOSC,1.0,,,,,,1,,,,
B7PHV0,B7PHV0_IXOSC,1.0,,,,,,1,,,,
B7PHY7,B7PHY7_IXOSC,1.0,,,,,,1,,,,
B7PIZ2,B7PIZ2_IXOSC,1.0,,,,,,1,,,,
B7PKD8,B7PKD8_IXOSC,1.0,,,,,,1,,,,
B7PKK5,B7PKK5_IXOSC,1.0,,,,,,1,,,,
B7PKX9,B7PKX9_IXOSC,1.0,,,,,,1,,,,
B7PLK7,B7PLK7_IXOSC,1.0,,,,,,1,,,,
B7PM77,B7PM77_IXOSC,1.0,,,,,,1,,,,
B7PDB0,B7PDB0_IXOSC,1.0,,,,,,1,,,,
B7PBF8,B7PBF8_IXOSC,1.0,,,,,,1,,,,
B7PAZ8,B7PAZ8_IXOSC,1.0,,,,,,1,,,,
B7P8D7,B7P8D7_IXOSC,1.0,,,,,,1,,,,
B7P2F7,B7P2F7_IXOSC,1.0,,,,,,1,,,,
B7P3M9,B7P3M9_IXOSC,1.0,,,,,,1,,,,
B7P4A7,B7P4A7_IXOSC,1.0,,,,,,1,,,,
B7P4V7,B7P4V7_IXOSC,1.0,,,,,,1,,,,
B7P6C7,B7P6C7_IXOSC,1.0,,,,,,1,,,,
B7P797,B7P797_IXOSC,1.0,,,,,,1,,,,
B7P8D8,B7P8D8_IXOSC,1.0,,,,,,1,,,,
B7PAT4,B7PAT4_IXOSC,1.0,,,,,,1,,,,
B7P8X6,B7P8X6_IXOSC,1.0,,,,,,1,,,,
B7P9F3,B7P9F3_IXOSC,1.0,,,,,,1,,,,
B7PA82,B7PA82_IXOSC,1.0,,,,,,1,,,,
B7PAE0,B7PAE0_IXOSC,1.0,,,,,,1,,,,
B7PAF6,B7PAF6_IXOSC,1.0,,,,,,1,,,,
B7PAF7,B7PAF7_IXOSC,1.0,,,,,,1,,,,
B8AWV8,B8AWV8_ORYSI,1.0,,,,,,1,,,,
B8B1S5,B8B1S5_ORYSI,1.0,,,,,,1,,,,
B9V4E8,B9V4E8_PIG,1.0,,,,,,1,,,,
B9H198,B9H198_POPTR,1.0,,,,,,1,,,,
B9H3B2,B9H3B2_POPTR,1.0,,,,,,1,,,,
B9H489,B9H489_POPTR,1.0,,,,,,1,,,,
B9H4T8,B9H4T8_POPTR,1.0,,,,,,1,,,,
B9H5K8,B9H5K8_POPTR,1.0,,,,,,1,,,,
B9H6K0,B9H6K0_POPTR,1.0,,,,,,1,,,,
B9H878,B9H878_POPTR,1.0,,,,,,1,,,,
B9HBS5,B9HBS5_POPTR,1.0,,,,,,1,,,,
B9HCV1,B9HCV1_POPTR,1.0,,,,,,1,,,,
B9HES5,B9HES5_POPTR,1.0,,,,,,1,,,,
B9HF05,B9HF05_POPTR,1.0,,,,,,1,,,,
B9HFE2,B9HFE2_POPTR,1.0,,,,,,1,,,,
B9HG36,B9HG36_POPTR,1.0,,,,,,1,,,,
B9HHI5,B9HHI5_POPTR,1.0,,,,,,1,,,,
B9HIL7,B9HIL7_POPTR,1.0,,,,,,1,,,,
B9HL69,B9HL69_POPTR,1.0,,,,,,1,,,,
B9H2F2,B9H2F2_POPTR,1.0,,,,,,1,,,,
B9GX10,B9GX10_POPTR,1.0,,,,,,1,,,,
B8B4Y5,B8B4Y5_ORYSI,1.0,,,,,,1,,,,
B9GU86,B9GU86_POPTR,1.0,,,,,,1,,,,
B9G4N8,B9G4N8_ORYSJ,1.0,,,,,,1,,,,
B9G5Y0,B9G5Y0_ORYSJ,1.0,,,,,,1,,,,
B9G8D5,B9G8D5_ORYSJ,1.0,,,,,,1,,,,
B9GAF6,B9GAF6_ORYSJ,1.0,,,,,,1,,,,
B9GER9,B9GER9_POPTR,1.0,,,,,,1,,,,
B9GFR0,B9GFR0_POPTR,1.0,,,,,,1,,,,
B9GG27,B9GG27_POPTR,1.0,,,,,,1,,,,
B9GHD4,B9GHD4_POPTR,1.0,,,,,,1,,,,
B9GIA4,B9GIA4_POPTR,1.0,,,,,,1,,,,
B9GK39,B9GK39_POPTR,1.0,,,,,,1,,,,
B9GP45,B9GP45_POPTR,1.0,,,,,,1,,,,
B9GQQ0,B9GQQ0_POPTR,1.0,,,,,,1,,,,
B9GQS4,B9GQS4_POPTR,1.0,,,,,,1,,,,
B9GR54,B9GR54_POPTR,1.0,,,,,,1,,,,
B9GTP5,B9GTP5_POPTR,1.0,,,,,,1,,,,
B9HLH6,B9HLH6_POPTR,1.0,,,,,,1,,,,
B9HR61,B9HR61_POPTR,1.0,,,,,,1,,,,
B9HS50,B9HS50_POPTR,1.0,,,,,,1,,,,
B9HT47,B9HT47_POPTR,1.0,,,,,,1,,,,
B9IFU0,B9IFU0_POPTR,1.0,,,,,,1,,,,
B9IH48,B9IH48_POPTR,1.0,,,,,,1,,,,
B9II29,B9II29_POPTR,1.0,,,,,,1,,,,
B9ILB1,B9ILB1_POPTR,1.0,,,,,,1,,,,
B9ILP8,B9ILP8_POPTR,1.0,,,,,,1,,,,
B9IQ05,B9IQ05_POPTR,1.0,,,,,,1,,,,
B9IQR9,B9IQR9_POPTR,1.0,,,,,,1,,,,
B9KZE6,B9KZE6_THERP,1.0,,,,,,1,,,,
B9LBY2,B9LBY2_CHLSY,1.0,,,,,,1,,,,
B9LH16,B9LH16_CHLSY,1.0,,,,,,1,,,,
B9LUQ0,B9LUQ0_HALLT,1.0,,,,,,1,,,,
B9LZ10,B9LZ10_GEODF,1.0,,,,,,1,,,,
B9LZJ0,B9LZJ0_GEODF,1.0,,,,,,1,,,,
B9M661,B9M661_GEODF,1.0,,,,,,1,,,,
B9V3V1,B9V3V1_EPICO,1.0,,,,,,,,1,,
B9IEN7,B9IEN7_POPTR,1.0,,,,,,1,,,,
B9IEB2,B9IEB2_POPTR,1.0,,,,,,1,,,,
B9ID51,B9ID51_POPTR,1.0,,,,,,1,,,,
B9I705,B9I705_POPTR,1.0,,,,,,1,,,,
B9HUI6,B9HUI6_POPTR,1.0,,,,,,1,,,,
B9HWX5,B9HWX5_POPTR,1.0,,,,,,1,,,,
B9HX45,B9HX45_POPTR,1.0,,,,,,1,,,,
B9I0C2,B9I0C2_POPTR,1.0,,,,,,1,,,,
B9I4A4,B9I4A4_POPTR,1.0,,,,,,1,,,,
B9I4B8,B9I4B8_POPTR,1.0,,,,,,1,,,,
B9I7W3,B9I7W3_POPTR,1.0,,,,,,1,,,,
B9ICG5,B9ICG5_POPTR,1.0,,,,,,1,,,,
B9I8G3,B9I8G3_POPTR,1.0,,,,,,1,,,,
B9I916,B9I916_POPTR,1.0,,,,,,1,,,,
B9IAD0,B9IAD0_POPTR,1.0,,,,,,1,,,,
B9IAE7,B9IAE7_POPTR,1.0,,,,,,1,,,,
B9IAZ7,B9IAZ7_POPTR,1.0,,,,,,1,,,,
B9IBR0,B9IBR0_POPTR,1.0,,,,,,1,,,,
B9G1W0,B9G1W0_ORYSJ,1.0,,,,,,1,,,,
B9FZW2,B9FZW2_ORYSJ,1.0,,,,,,1,,,,
B9FU98,B9FU98_ORYSJ,1.0,,,,,,1,,,,
B8GD19,B8GD19_CHLAD,1.0,,,,,,1,,,,
B8C362,B8C362_THAPS,1.0,,,,,,1,,,,
B8C4I0,B8C4I0_THAPS,1.0,,,,,,1,,,,
B8C531,B8C531_THAPS,1.0,,,,,,1,,,,
B8C8T6,B8C8T6_THAPS,1.0,,,,,,1,,,,
B8C9T2,B8C9T2_THAPS,1.0,,,,,,1,,,,
B8CE86,B8CE86_THAPS,1.0,,,,,,1,,,,
B8CEZ1,B8CEZ1_THAPS,1.0,,,,,,1,,,,
B8CF20,B8CF20_THAPS,1.0,,,,,,1,,,,
B8CF84,B8CF84_THAPS,1.0,,,,,,1,,,,
B8CFX8,B8CFX8_THAPS,1.0,,,,,,1,,,,
B8D2L6,B8D2L6_DESK1,1.0,,,,,,1,,,,
B8D437,B8D437_DESK1,1.0,,,,,,1,,,,
B8E0I5,B8E0I5_DICTD,1.0,,,,,,1,,,,
B8F8X9,B8F8X9_DESAA,1.0,,,,,,1,,,,
B8FFB8,B8FFB8_DESAA,1.0,,,,,,1,,,,
B8C184,B8C184_THAPS,1.0,,,,,,1,,,,
B8C136,B8C136_THAPS,1.0,,,,,,1,,,,
B8BYL6,B8BYL6_THAPS,1.0,,,,,,1,,,,
B8BLE7,B8BLE7_ORYSI,1.0,,,,,,1,,,,
B4M0H3,B4M0H3_DROVI,1.0,,,,,,1,,,,
B8B6Q5,B8B6Q5_ORYSI,1.0,,,,,,1,,,,
B8B8V3,B8B8V3_ORYSI,1.0,,,,,,1,,,,
B8BDR1,B8BDR1_ORYSI,1.0,,,,,,1,,,,
B8BGJ2,B8BGJ2_ORYSI,1.0,,,,,,1,,,,
B8BH38,B8BH38_ORYSI,1.0,,,,,,1,,,,
B8BRY5,B8BRY5_THAPS,1.0,,,,,,1,,,,
B8BY77,B8BY77_THAPS,1.0,,,,,,1,,,,
B8BS84,B8BS84_THAPS,1.0,,,,,,1,,,,
B8BU31,B8BU31_THAPS,1.0,,,,,,1,,,,
B8BUA4,B8BUA4_THAPS,1.0,,,,,,1,,,,
B8BUG2,B8BUG2_THAPS,1.0,,,,,,1,,,,
B8BVR9,B8BVR9_THAPS,1.0,,,,,,1,,,,
B8BY70,B8BY70_THAPS,1.0,,,,,,1,,,,
B8G4S1,B8G4S1_CHLAD,1.0,,,,,,1,,,,
B8GFP5,B8GFP5_METPE,1.0,,,,,,1,,,,
B9FM11,B9FM11_ORYSJ,1.0,,,,,,1,,,,
B8HK19,B8HK19_CYAP4,1.0,,,,,,1,,,,
B8Y263,B8Y263_CYPCA,1.0,,,,,,,,1,,
B9ELM7,B9ELM7_SALSA,1.0,,,,,,,,1,,
B9EM10,B9EM10_SALSA,1.0,,,,,,,,1,,
B9EMH1,B9EMH1_SALSA,1.0,,,,,,,,1,,
B9EN43,B9EN43_SALSA,1.0,,,,,,,,1,,
B9ENL7,B9ENL7_SALSA,1.0,,,,,,,,1,,
B9ENW5,B9ENW5_SALSA,1.0,,,,,,,,1,,
B9EP49,B9EP49_SALSA,1.0,,,,,,,,1,,
B9EPR0,B9EPR0_SALSA,1.0,,,,,,,,1,,
B9EQG6,B9EQG6_SALSA,1.0,,,,,,,,1,,
B9ETG8,B9ETG8_ORYSJ,1.0,,,,,,1,,,,
B9EZ48,B9EZ48_ORYSJ,1.0,,,,,,1,,,,
B9F838,B9F838_ORYSJ,1.0,,,,,,1,,,,
B9F8C2,B9F8C2_ORYSJ,1.0,,,,,,1,,,,
B9FM10,B9FM10_ORYSJ,1.0,,,,,,1,,,,
B8Y262,B8Y262_CYPCA,1.0,,,,,,,,1,,
B8NV68,B8NV68_ASPFN,1.0,,,,,,,1,,,
B8NUG7,B8NUG7_ASPFN,1.0,,,,,,,1,,,
B8JLB2,B8JLB2_DANRE,1.0,,,,,,1,,,,
B8HQ52,B8HQ52_CYAP4,1.0,,,,,,1,,,,
B8HVX3,B8HVX3_CYAP4,1.0,,,,,,1,,,,
B8HVX4,B8HVX4_CYAP4,1.0,,,,,,1,,,,
B8J6X6,B8J6X6_ANAD2,1.0,,,,,,1,,,,
B8JCS4,B8JCS4_ANAD2,1.0,,,,,,1,,,,
B8JGF7,B8JGF7_ANAD2,1.0,,,,,,1,,,,
B8JLE6,B8JLE6_DANRE,1.0,,,,,,1,,,,
B8NSD7,B8NSD7_ASPFN,1.0,,,,,,,1,,,
B8LC09,B8LC09_THAPS,1.0,,,,,,1,,,,
B8LDI9,B8LDI9_THAPS,1.0,,,,,,1,,,,
B8LEX5,B8LEX5_THAPS,1.0,,,,,,1,,,,
B8N1J2,B8N1J2_ASPFN,1.0,,,,,,,1,,,
B8NBY6,B8NBY6_ASPFN,1.0,,,,,,,1,,,
B8NH14,B8NH14_ASPFN,1.0,,,,,,,1,,,
B4M0H7,B4M0H7_DROVI,1.0,,,,,,1,,,,
B3MQJ0,B3MQJ0_DROAN,1.0,,,,,,1,,,,
B4M0H2,B4M0H2_DROVI,1.0,,,,,,1,,,,
A4HVQ6,A4HVQ6_LEIIN,1.0,,,,,,1,,,,
A4HS43,A4HS43_LEIIN,1.0,,,,,,1,,,,
A4HSC6,A4HSC6_LEIIN,1.0,,,,,,1,,,,
A4HT72,A4HT72_LEIIN,1.0,,,,,,1,,,,
A4HTD9,A4HTD9_LEIIN,1.0,,,,,,1,,,,
A4HU06,A4HU06_LEIIN,1.0,,,,,,1,,,,
A4HUK3,A4HUK3_LEIIN,1.0,,,,,,1,,,,
A4HUM8,A4HUM8_LEIIN,1.0,,,,,,1,,,,
A4HUM9,A4HUM9_LEIIN,1.0,,,,,,1,,,,
A4HVF7,A4HVF7_LEIIN,1.0,,,,,,1,,,,
A4HW20,A4HW20_LEIIN,1.0,,,,,,1,,,,
A4I5R5,A4I5R5_LEIIN,1.0,,,,,,1,,,,
A4HX34,A4HX34_LEIIN,1.0,,,,,,1,,,,
A4HX72,A4HX72_LEIIN,1.0,,,,,,1,,,,
A4HXY7,A4HXY7_LEIIN,1.0,,,,,,1,,,,
A4HZ80,A4HZ80_LEIIN,1.0,,,,,,1,,,,
A4I1I3,A4I1I3_LEIIN,1.0,,,,,,1,,,,
A4I1I6,A4I1I6_LEIIN,1.0,,,,,,1,,,,
A4I1Y3,A4I1Y3_LEIIN,1.0,,,,,,1,,,,
A4I446,A4I446_LEIIN,1.0,,,,,,1,,,,
A4I4E4,A4I4E4_LEIIN,1.0,,,,,,1,,,,
A4HS29,A4HS29_LEIIN,1.0,,,,,,1,,,,
A4HRM3,A4HRM3_LEIIN,1.0,,,,,,1,,,,
A4G0S9,A4G0S9_METM5,1.0,,,,,,1,,,,
A4FUD1,GPN1_BOVIN,1.0,,,,,,1,,,,
A3CIF1,A3CIF1_ORYSJ,1.0,,,,,,1,,,,
A3CJQ0,A3CJQ0_ORYSJ,1.0,,,,,,1,,,,
A3CWG9,A3CWG9_METMJ,1.0,,,,,,1,,,,
A3DNX2,A3DNX2_STAMF,1.0,,,,,,1,,,,
A3DP50,A3DP50_STAMF,1.0,,,,,,1,,,,
A3KGR6,A3KGR6_MOUSE,1.0,,1,,,,,,,,
A3KNC5,A3KNC5_XENLA,1.0,,,,,,,,1,,
A3KP42,A3KP42_DANRE,1.0,,,,,,1,,,,
A3LR20,A3LR20_PICST,1.0,,,,,,,1,,,
A3LTA2,SAR1_PICST,1.0,,,,,,1,,,,
A3LU85,A3LU85_PICST,1.0,,,,,,,1,,,
A3LZT1,A3LZT1_PICST,1.0,,,,,,,1,,,
A3MWY0,A3MWY0_PYRCJ,1.0,,,,,,1,,,,
A3PBX4,A3PBX4_PROM0,1.0,,,,,,1,,,,
A3PCU2,A3PCU2_PROM0,1.0,,,,,,1,,,,
A3PET2,A3PET2_PROM0,1.0,,,,,,1,,,,
A4D2P0,A4D2P0_HUMAN,1.0,,,,,,,,1,,
A4D2P1,A4D2P1_HUMAN,1.0,,,,,,,,1,,
A4D2P2,A4D2P2_HUMAN,1.0,,,,,,,,1,,
A4I5J8,A4I5J8_LEIIN,1.0,,,,,,1,,,,
A4I6I0,A4I6I0_LEIIN,1.0,,,,,,1,,,,
A5AR55,A5AR55_VITVI,1.0,,,,,,1,,,,
A4S6E6,A4S6E6_OSTLU,1.0,,,,,,1,,,,
A4RYU5,A4RYU5_OSTLU,1.0,,,,,,1,,,,
A4RZ26,A4RZ26_OSTLU,1.0,,,,,,1,,,,
A4RZQ6,A4RZQ6_OSTLU,1.0,,,,,,1,,,,
A4RZQ8,A4RZQ8_OSTLU,1.0,,,,,,1,,,,
A4S0A9,A4S0A9_OSTLU,1.0,,,,,,1,,,,
A4S1I8,A4S1I8_OSTLU,1.0,,,,,,1,,,,
A4S330,A4S330_OSTLU,1.0,,,,,,1,,,,
A4S418,A4S418_OSTLU,1.0,,,,,,1,,,,
A4S5Z2,A4S5Z2_OSTLU,1.0,,,,,,1,,,,
A4S7B4,A4S7B4_OSTLU,1.0,,,,,,1,,,,
A4I784,A4I784_LEIIN,1.0,,,,,,1,,,,
A4S968,A4S968_OSTLU,1.0,,,,,,1,,,,
A4SBB8,A4SBB8_OSTLU,1.0,,,,,,1,,,,
A4UZ34,A4UZ34_CAEEL,1.0,,,,,,1,,,,
A4WLN1,A4WLN1_PYRAR,1.0,,,,,,1,,,,
A4YHP4,A4YHP4_METS5,1.0,,,,,,1,,,,
A5AF29,A5AF29_VITVI,1.0,,,,,,1,,,,
A5AF38,A5AF38_VITVI,1.0,,,,,,1,,,,
A5AIJ8,A5AIJ8_VITVI,1.0,,,,,,1,,,,
A5AMS9,A5AMS9_VITVI,1.0,,,,,,1,,,,
A4RYA3,A4RYA3_OSTLU,1.0,,,,,,1,,,,
A4RXH0,A4RXH0_OSTLU,1.0,,,,,,1,,,,
A4RXE1,A4RXE1_OSTLU,1.0,,,,,,1,,,,
A4RX38,A4RX38_OSTLU,1.0,,,,,,1,,,,
A4I7N3,A4I7N3_LEIIN,1.0,,,,,,1,,,,
A4I7Z9,A4I7Z9_LEIIN,1.0,,,,,,1,,,,
A4I825,A4I825_LEIIN,1.0,,,,,,1,,,,
A4I946,A4I946_LEIIN,1.0,,,,,,1,,,,
A4IAR4,A4IAR4_LEIIN,1.0,,,,,,1,,,,
A4IC86,A4IC86_LEIIN,1.0,,,,,,1,,,,
A4ICQ2,A4ICQ2_LEIIN,1.0,,,,,,1,,,,
A4IE34,A4IE34_LEIIN,1.0,,,,,,1,,,,
A4IF60,A4IF60_MOUSE,1.0,,,,,,,,1,,
A4IFP7,A4IFP7_BOVIN,1.0,,,,,,1,,,,
A4IHS6,A4IHS6_XENTR,1.0,,,,,,1,,,,
A4IHU1,A4IHU1_XENTR,1.0,,,,,,,,1,,
A4IIB0,A4IIB0_XENTR,1.0,,,,,,,,1,,
A4QNK3,A4QNK3_XENTR,1.0,,,,,,,,1,,
A4RS91,A4RS91_OSTLU,1.0,,,,,,1,,,,
A4RSM6,A4RSM6_OSTLU,1.0,,,,,,1,,,,
A4RSU4,A4RSU4_OSTLU,1.0,,,,,,1,,,,
A4RVV4,A4RVV4_OSTLU,1.0,,,,,,1,,,,
A4RWY4,A4RWY4_OSTLU,1.0,,,,,,1,,,,
A3C3N1,A3C3N1_ORYSJ,1.0,,,,,,1,,,,
A3BMJ5,A3BMJ5_ORYSJ,1.0,,,,,,1,,,,
A3BKG5,A3BKG5_ORYSJ,1.0,,,,,,1,,,,
A2IBC9,A2IBC9_XENLA,1.0,,,,,,,,1,,
A2GBJ0,A2GBJ0_TRIVA,1.0,,,,,,1,,,,
A2GDY7,A2GDY7_TRIVA,1.0,,,,,,1,,,,
A2GEQ6,A2GEQ6_TRIVA,1.0,,,,,,1,,,,
A2GGN6,A2GGN6_TRIVA,1.0,,,,,,1,,,,
A2GIP9,A2GIP9_TRIVA,1.0,,,,,,1,,,,
A2GJI4,A2GJI4_TRIVA,1.0,,,,,,1,,,,
A2GJW9,A2GJW9_TRIVA,1.0,,,,,,1,,,,
A2GZN9,A2GZN9_TRIVA,1.0,,,,,,1,,,,
A2HCS5,A2HCS5_TRIVA,1.0,,,,,,1,,,,
A2Q7X9,A2Q7X9_ASPNC,1.0,,,,,,,1,,,
A3B9U3,A3B9U3_ORYSJ,1.0,,,,,,1,,,,
A2QKI8,A2QKI8_ASPNC,1.0,,,,,,,1,,,
A2QN33,A2QN33_ASPNC,1.0,,,,,,,1,,,
A2QY02,A2QY02_ASPNC,1.0,,,,,,,1,,,
A2R9R7,A2R9R7_ASPNC,1.0,,,,,,,1,,,
A2RU94,A2RU94_HUMAN,1.0,,,,,,,,1,,
A2SRG6,A2SRG6_METLZ,1.0,,,,,,1,,,,
A2VCR8,A2VCR8_MOUSE,1.0,,,,,,,,1,,
A2VDE0,A2VDE0_XENLA,1.0,,,,,,,,1,,
A2VDE1,A2VDE1_XENLA,1.0,,,,,,,,1,,
A2G974,A2G974_TRIVA,1.0,,,,,,1,,,,
A2G8R9,A2G8R9_TRIVA,1.0,,,,,,1,,,,
A2G856,A2G856_TRIVA,1.0,,,,,,1,,,,
A2G845,A2G845_TRIVA,1.0,,,,,,1,,,,
A2G0C7,A2G0C7_TRIVA,1.0,,,,,,1,,,,
A2G0V9,A2G0V9_TRIVA,1.0,,,,,,1,,,,
A2G189,A2G189_TRIVA,1.0,,,,,,1,,,,
A2G1A1,A2G1A1_TRIVA,1.0,,,,,,1,,,,
A2G1N8,A2G1N8_TRIVA,1.0,,,,,,1,,,,
A2G1Q5,A2G1Q5_TRIVA,1.0,,,,,,1,,,,
A2G211,A2G211_TRIVA,1.0,,,,,,1,,,,
A2G2C2,A2G2C2_TRIVA,1.0,,,,,,1,,,,
A2G2G1,A2G2G1_TRIVA,1.0,,,,,,1,,,,
A2G3A8,A2G3A8_TRIVA,1.0,,,,,,1,,,,
A2G3I9,A2G3I9_TRIVA,1.0,,,,,,1,,,,
A2G3Z0,A2G3Z0_TRIVA,1.0,,,,,,1,,,,
A2G412,A2G412_TRIVA,1.0,,,,,,1,,,,
A2G473,A2G473_TRIVA,1.0,,,,,,1,,,,
A2G4K9,A2G4K9_TRIVA,1.0,,,,,,1,,,,
A2G4Z9,A2G4Z9_TRIVA,1.0,,,,,,1,,,,
A2G6X1,A2G6X1_TRIVA,1.0,,,,,,1,,,,
A2G7B3,A2G7B3_TRIVA,1.0,,,,,,1,,,,
A2G7K2,A2G7K2_TRIVA,1.0,,,,,,1,,,,
A2VE09,A2VE09_BOVIN,1.0,,,,,,1,,,,
A2WLD6,A2WLD6_ORYSI,1.0,,,,,,1,,,,
A2WN65,A2WN65_ORYSI,1.0,,,,,,1,,,,
A2Y5Z6,A2Y5Z6_ORYSI,1.0,,,,,,1,,,,
A2Y7H5,A2Y7H5_ORYSI,1.0,,,,,,1,,,,
A2Y7R5,RAN2_ORYSI,1.0,,,,,,1,,,,
A2Y7R6,A2Y7R6_ORYSI,1.0,,,,,,1,,,,
A2Y8J0,A2Y8J0_ORYSI,1.0,,,,,,1,,,,
A2YAW0,A2YAW0_ORYSI,1.0,,,,,,1,,,,
A2YDY6,A2YDY6_ORYSI,1.0,,,,,,1,,,,
A2YEQ6,RAN3_ORYSI,1.0,,,,,,1,,,,
A2YGY9,A2YGY9_ORYSI,1.0,,,,,,1,,,,
A2YNS8,A2YNS8_ORYSI,1.0,,,,,,1,,,,
A2YSZ2,A2YSZ2_ORYSI,1.0,,,,,,1,,,,
A2YZB4,A2YZB4_ORYSI,1.0,,,,,,1,,,,
A2YZW7,A2YZW7_ORYSI,1.0,,,,,,1,,,,
A2Z3B5,A2Z3B5_ORYSI,1.0,,,,,,1,,,,
A2Z844,A2Z844_ORYSI,1.0,,,,,,1,,,,
A2ZLM3,A2ZLM3_ORYSI,1.0,,,,,,1,,,,
A2ZLU0,A2ZLU0_ORYSI,1.0,,,,,,1,,,,
A2ZPY6,A2ZPY6_ORYSJ,1.0,,,,,,1,,,,
A3ANX5,A3ANX5_ORYSJ,1.0,,,,,,1,,,,
A3ANY8,A3ANY8_ORYSJ,1.0,,,,,,1,,,,
A2Y6G9,A2Y6G9_ORYSI,1.0,,,,,,1,,,,
A2Y3D4,A2Y3D4_ORYSI,1.0,,,,,,1,,,,
A2WPH1,A2WPH1_ORYSI,1.0,,,,,,1,,,,
A2Y2Q3,A2Y2Q3_ORYSI,1.0,,,,,,1,,,,
A2WRD4,A2WRD4_ORYSI,1.0,,,,,,1,,,,
A2WSI7,RAN1_ORYSI,1.0,,,,,,1,,,,
A2WTK8,A2WTK8_ORYSI,1.0,,,,,,1,,,,
A2WV30,A2WV30_ORYSI,1.0,,,,,,1,,,,
A2WX00,A2WX00_ORYSI,1.0,,,,,,1,,,,
A2X6K4,A2X6K4_ORYSI,1.0,,,,,,1,,,,
A2X8L8,A2X8L8_ORYSI,1.0,,,,,,1,,,,
A2X9H9,A2X9H9_ORYSI,1.0,,,,,,1,,,,
A2XCH6,A2XCH6_ORYSI,1.0,,,,,,1,,,,
A2XCL6,A2XCL6_ORYSI,1.0,,,,,,1,,,,
A2XDF3,A2XDF3_ORYSI,1.0,,,,,,1,,,,
A2XDL7,A2XDL7_ORYSI,1.0,,,,,,1,,,,
A2XGG7,A2XGG7_ORYSI,1.0,,,,,,1,,,,
A2XHK2,A2XHK2_ORYSI,1.0,,,,,,1,,,,
A2XKD7,A2XKD7_ORYSI,1.0,,,,,,1,,,,
A2XN85,A2XN85_ORYSI,1.0,,,,,,1,,,,
A2XN99,A2XN99_ORYSI,1.0,,,,,,1,,,,
A2XNX2,A2XNX2_ORYSI,1.0,,,,,,1,,,,
A2XZG2,A2XZG2_ORYSI,1.0,,,,,,1,,,,
A5AP72,A5AP72_VITVI,1.0,,,,,,1,,,,
A5ARL1,A5ARL1_VITVI,1.0,,,,,,1,,,,
B4M0D6,B4M0D6_DROVI,1.0,,,,,,1,,,,
A7RSB1,A7RSB1_NEMVE,1.0,,,,,,1,,,,
A7RLH9,A7RLH9_NEMVE,1.0,,,,,,1,,,,
A7RLK5,A7RLK5_NEMVE,1.0,,,,,,1,,,,
A7RMA6,A7RMA6_NEMVE,1.0,,,,,,1,,,,
A7RN39,A7RN39_NEMVE,1.0,,,,,,1,,,,
A7RNQ2,A7RNQ2_NEMVE,1.0,,,,,,1,,,,
A7RP62,A7RP62_NEMVE,1.0,,,,,,1,,,,
A7RR62,A7RR62_NEMVE,1.0,,,,,,1,,,,
A7RR98,A7RR98_NEMVE,1.0,,,,,,1,,,,
A7RS05,A7RS05_NEMVE,1.0,,,,,,1,,,,
A7RT62,A7RT62_NEMVE,1.0,,,,,,1,,,,
A7RWL3,A7RWL3_NEMVE,1.0,,,,,,1,,,,
A7RT65,A7RT65_NEMVE,1.0,,,,,,1,,,,
A7RTA3,A7RTA3_NEMVE,1.0,,,,,,1,,,,
A7RU11,A7RU11_NEMVE,1.0,,,,,,1,,,,
A7RUK3,A7RUK3_NEMVE,1.0,,,,,,1,,,,
A7RUM5,A7RUM5_NEMVE,1.0,,,,,,1,,,,
A7RV29,A7RV29_NEMVE,1.0,,,,,,1,,,,
A7RV85,A7RV85_NEMVE,1.0,,,,,,1,,,,
A7RVW7,A7RVW7_NEMVE,1.0,,,,,,1,,,,
A7RVW8,A7RVW8_NEMVE,1.0,,,,,,1,,,,
A7RLB7,A7RLB7_NEMVE,1.0,,,,,,1,,,,
A7RKI3,A7RKI3_NEMVE,1.0,,,,,,1,,,,
A7RK05,A7RK05_NEMVE,1.0,,,,,,1,,,,
A7RK04,A7RK04_NEMVE,1.0,,,,,,1,,,,
A7F6F4,A7F6F4_SCLS1,1.0,,,,,,1,,,,
A7F6Y7,A7F6Y7_SCLS1,1.0,,,,,,1,,,,
A7F7Z6,A7F7Z6_SCLS1,1.0,,,,,,1,,,,
A7F871,A7F871_SCLS1,1.0,,,,,,1,,,,
A7H9L3,A7H9L3_ANADF,1.0,,,,,,1,,,,
A7HGU1,A7HGU1_ANADF,1.0,,,,,,1,,,,
A7HIU9,A7HIU9_ANADF,1.0,,,,,,1,,,,
A7IAI5,A7IAI5_METB6,1.0,,,,,,1,,,,
A7NQ06,A7NQ06_ROSCS,1.0,,,,,,1,,,,
A7NS17,A7NS17_ROSCS,1.0,,,,,,1,,,,
A7RER3,A7RER3_NEMVE,1.0,,,,,,1,,,,
A7RER4,A7RER4_NEMVE,1.0,,,,,,1,,,,
A7RG79,A7RG79_NEMVE,1.0,,,,,,1,,,,
A7RGU7,A7RGU7_NEMVE,1.0,,,,,,1,,,,
A7RH59,A7RH59_NEMVE,1.0,,,,,,,1,,,
A7RI56,A7RI56_NEMVE,1.0,,,,,,1,,,,
A7RJD9,A7RJD9_NEMVE,1.0,,,,,,1,,,,
A7RJK4,A7RJK4_NEMVE,1.0,,,,,,1,,,,
A7RJN8,A7RJN8_NEMVE,1.0,,,,,,1,,,,
A7RWI0,A7RWI0_NEMVE,1.0,,,,,,1,,,,
A7RWL5,A7RWL5_NEMVE,1.0,,,,,,1,,,,
A5ART2,A5ART2_VITVI,1.0,,,,,,1,,,,
A7SC16,A7SC16_NEMVE,1.0,,,,,,1,,,,
A7S7D8,A7S7D8_NEMVE,1.0,,,,,,1,,,,
A7S7D9,A7S7D9_NEMVE,1.0,,,,,,1,,,,
A7S7Y6,A7S7Y6_NEMVE,1.0,,,,,,1,,,,
A7S806,A7S806_NEMVE,1.0,,,,,,1,,,,
A7S9Y5,A7S9Y5_NEMVE,1.0,,,,,,1,,,,
A7SAE8,A7SAE8_NEMVE,1.0,,,,,,1,,,,
A7SAH6,A7SAH6_NEMVE,1.0,,,,,,1,,,,
A7SAZ6,A7SAZ6_NEMVE,1.0,,,,,,1,,,,
A7SBI0,A7SBI0_NEMVE,1.0,,,,,,1,,,,
A7SCK4,A7SCK4_NEMVE,1.0,,,,,,1,,,,
A7RX73,A7RX73_NEMVE,1.0,,,,,,1,,,,
A7SCK6,A7SCK6_NEMVE,1.0,,,,,,1,,,,
A7SCP9,A7SCP9_NEMVE,1.0,,,,,,1,,,,
A7SDV1,A7SDV1_NEMVE,1.0,,,,,,1,,,,
A7SFJ1,A7SFJ1_NEMVE,1.0,,,,,,1,,,,
A7SFJ4,A7SFJ4_NEMVE,1.0,,,,,,1,,,,
A7SFQ5,A7SFQ5_NEMVE,1.0,,,,,,1,,,,
A7SG05,A7SG05_NEMVE,1.0,,,,,,1,,,,
A7SG88,A7SG88_NEMVE,1.0,,,,,,1,,,,
A7SGJ3,A7SGJ3_NEMVE,1.0,,,,,,1,,,,
A7S718,A7S718_NEMVE,1.0,,,,,,1,,,,
A7S616,A7S616_NEMVE,1.0,,,,,,1,,,,
A7S615,A7S615_NEMVE,1.0,,,,,,1,,,,
A7S613,A7S613_NEMVE,1.0,,,,,,1,,,,
A7RXC6,A7RXC6_NEMVE,1.0,,,,,,1,,,,
A7RXW7,A7RXW7_NEMVE,1.0,,,,,,1,,,,
A7RZ04,A7RZ04_NEMVE,1.0,,,,,,1,,,,
A7RZ86,A7RZ86_NEMVE,1.0,,,,,,1,,,,
A7RZL0,A7RZL0_NEMVE,1.0,,,,,,1,,,,
A7RZL3,A7RZL3_NEMVE,1.0,,,,,,1,,,,
A7RZT6,A7RZT6_NEMVE,1.0,,,,,,1,,,,
A7S0H8,A7S0H8_NEMVE,1.0,,,,,,1,,,,
A7S0K2,A7S0K2_NEMVE,1.0,,,,,,,1,,,
A7S0S1,A7S0S1_NEMVE,1.0,,,,,,1,,,,
A7S1E6,A7S1E6_NEMVE,1.0,,,,,,1,,,,
A7S214,A7S214_NEMVE,1.0,,,,,,1,,,,
A7S215,A7S215_NEMVE,1.0,,,,,,1,,,,
A7S278,A7S278_NEMVE,1.0,,,,,,1,,,,
A7S2G3,A7S2G3_NEMVE,1.0,,,,,,1,,,,
A7S5I3,A7S5I3_NEMVE,1.0,,,,,,1,,,,
A7S5I6,A7S5I6_NEMVE,1.0,,,,,,1,,,,
A7S5K9,A7S5K9_NEMVE,1.0,,,,,,1,,,,
A7S5Z2,A7S5Z2_NEMVE,1.0,,,,,,1,,,,
A7F6C0,A7F6C0_SCLS1,1.0,,,,,,1,,,,
A7F667,A7F667_SCLS1,1.0,,,,,,1,,,,
A7F631,A7F631_SCLS1,1.0,,,,,,1,,,,
A5EVH2,A5EVH2_DICNV,1.0,,,,,,1,,,,
A5C504,A5C504_VITVI,1.0,,,,,,1,,,,
A5C6P8,A5C6P8_VITVI,1.0,,,,,,1,,,,
A5C8F3,A5C8F3_VITVI,1.0,,,,,,1,,,,
A5C9K9,A5C9K9_VITVI,1.0,,,,,,1,,,,
A5CB74,A5CB74_VITVI,1.0,,,,,,1,,,,
A5D7F5,DJC27_BOVIN,1.0,,,,,,1,,,,
A5DR82,SAR1_PICGU,1.0,,,,,,1,,,,
A5E5G3,SAR1_LODEL,1.0,,,,,,1,,,,
A5EVH1,A5EVH1_DICNV,1.0,,,,,,1,,,,
A5G5B7,A5G5B7_GEOUR,1.0,,,,,,1,,,,
A7F4L7,A7F4L7_SCLS1,1.0,,,,,,1,,,,
A5G9K7,A5G9K7_GEOUR,1.0,,,,,,1,,,,
A5GJU4,A5GJU4_SYNPW,1.0,,,,,,1,,,,
A5GLF3,A5GLF3_SYNPW,1.0,,,,,,1,,,,
A5GNB8,A5GNB8_SYNPW,1.0,,,,,,1,,,,
A5GTI5,A5GTI5_SYNR3,1.0,,,,,,1,,,,
A5GTY6,A5GTY6_SYNR3,1.0,,,,,,1,,,,
A5GV62,A5GV62_SYNR3,1.0,,,,,,1,,,,
A5JSV6,A5JSV6_SHEEP,1.0,,,,,,,,1,,
A5PK69,A5PK69_BOVIN,1.0,,,,,,,,1,,
A5C2I4,A5C2I4_VITVI,1.0,,,,,,1,,,,
A5C254,A5C254_VITVI,1.0,,,,,,1,,,,
A5C0J6,A5C0J6_VITVI,1.0,,,,,,1,,,,
A5BYE8,A5BYE8_VITVI,1.0,,,,,,1,,,,
A5ATB8,A5ATB8_VITVI,1.0,,,,,,1,,,,
A5ATT9,A5ATT9_VITVI,1.0,,,,,,1,,,,
A5AUV6,A5AUV6_VITVI,1.0,,,,,,1,,,,
A5AWH2,A5AWH2_VITVI,1.0,,,,,,1,,,,
A5AWW7,A5AWW7_VITVI,1.0,,,,,,1,,,,
A5AX18,A5AX18_VITVI,1.0,,,,,,1,,,,
A5AY90,A5AY90_VITVI,1.0,,,,,,1,,,,
A5B3S9,A5B3S9_VITVI,1.0,,,,,,1,,,,
A5B446,A5B446_VITVI,1.0,,,,,,1,,,,
A5B8V4,A5B8V4_VITVI,1.0,,,,,,1,,,,
A5BCB1,A5BCB1_VITVI,1.0,,,,,,1,,,,
A5BCP0,A5BCP0_VITVI,1.0,,,,,,1,,,,
A5BFL3,A5BFL3_VITVI,1.0,,,,,,1,,,,
A5BGY6,A5BGY6_VITVI,1.0,,,,,,1,,,,
A5BKD0,A5BKD0_VITVI,1.0,,,,,,1,,,,
A5BPU5,A5BPU5_VITVI,1.0,,,,,,1,,,,
A5BUD1,A5BUD1_VITVI,1.0,,,,,,1,,,,
A5BUZ6,A5BUZ6_VITVI,1.0,,,,,,1,,,,
A5BW15,A5BW15_VITVI,1.0,,,,,,1,,,,
A5PKG0,A5PKG0_BOVIN,1.0,,,,,,1,,,,
A5PKI8,A5PKI8_BOVIN,1.0,,,,,,1,,,,
A5PMJ8,A5PMJ8_DANRE,1.0,,,,,,1,,,,
A7E9Z0,A7E9Z0_SCLS1,1.0,,,,,,1,,,,
A7EA67,A7EA67_SCLS1,1.0,,,,,,1,,,,
A7EBT3,A7EBT3_SCLS1,1.0,,,,,,1,,,,
A7ECT9,A7ECT9_SCLS1,1.0,,,,,,1,,,,
A7EDA4,A7EDA4_SCLS1,1.0,,,,,,1,,,,
A7EEW9,A7EEW9_SCLS1,1.0,,,,,,1,,,,
A7EEX6,A7EEX6_SCLS1,1.0,,,,,,1,,,,
A7EGT2,A7EGT2_SCLS1,1.0,,,,,,1,,,,
A7EMM2,A7EMM2_SCLS1,1.0,,,,,,1,,,,
A7EMP7,A7EMP7_SCLS1,1.0,,,,,,1,,,,
A7EN26,A7EN26_SCLS1,1.0,,,,,,1,,,,
A7EN31,A7EN31_SCLS1,1.0,,,,,,1,,,,
A7EPS1,A7EPS1_SCLS1,1.0,,,,,,1,,,,
A7EQ05,A7EQ05_SCLS1,1.0,,,,,,1,,,,
A7EQ34,A7EQ34_SCLS1,1.0,,,,,,1,,,,
A7ERW7,A7ERW7_SCLS1,1.0,,,,,,1,,,,
A7EST5,A7EST5_SCLS1,1.0,,,,,,1,,,,
A7ET53,A7ET53_SCLS1,1.0,,,,,,1,,,,
A7F340,A7F340_SCLS1,1.0,,,,,,1,,,,
A7F379,A7F379_SCLS1,1.0,,,,,,1,,,,
A7EA51,A7EA51_SCLS1,1.0,,,,,,1,,,,
A7E9W7,A7E9W7_SCLS1,1.0,,,,,,1,,,,
A5UPT3,A5UPT3_ROSS1,1.0,,,,,,1,,,,
A7E9K5,A7E9K5_SCLS1,1.0,,,,,,1,,,,
A5WW21,RASEF_DANRE,1.0,,,,,,1,,,,
A6H7F2,GPN2_BOVIN,1.0,,,,,,1,,,,
A6N045,A6N045_ORYSI,1.0,,,,,,1,,,,
A6N0E9,A6N0E9_ORYSI,1.0,,,,,,1,,,,
A6N0X7,A6N0X7_ORYSI,1.0,,,,,,1,,,,
A6NH57,ARL5C_HUMAN,1.0,,,,,,1,,,,
A6NIZ1,RP1BL_HUMAN,1.0,,,,,,,,1,,
A6Q8I6,A6Q8I6_SULNB,1.0,,,,,,1,,,,
A6QLP1,A6QLP1_BOVIN,1.0,,,,,,1,,,,
A6QP66,RERGL_BOVIN,1.0,,,,,,,,1,,
A6QR46,RAB6B_BOVIN,1.0,,,,,,1,,,,
A6UQS8,A6UQS8_METVS,1.0,,,,,,1,,,,
A6UTW6,A6UTW6_META3,1.0,,,,,,1,,,,
A6VHQ6,A6VHQ6_METM7,1.0,,,,,,1,,,,
A7E427,A7E427_SCLS1,1.0,,,,,,1,,,,
A7E4G6,A7E4G6_SCLS1,1.0,,,,,,1,,,,
A7E4H4,A7E4H4_SCLS1,1.0,,,,,,1,,,,
A7E5H0,A7E5H0_SCLS1,1.0,,,,,,1,,,,
A7E6Y9,A7E6Y9_SCLS1,1.0,,,,,,1,,,,
A2FZA9,A2FZA9_TRIVA,1.0,,,,,,1,,,,
A2FZ42,A2FZ42_TRIVA,1.0,,,,,,1,,,,
A2FYW3,A2FYW3_TRIVA,1.0,,,,,,1,,,,
A2DJF6,A2DJF6_TRIVA,1.0,,,,,,1,,,,
A2DE26,A2DE26_TRIVA,1.0,,,,,,1,,,,
A2DF01,A2DF01_TRIVA,1.0,,,,,,1,,,,
A2DFC4,A2DFC4_TRIVA,1.0,,,,,,1,,,,
A2DFV5,A2DFV5_TRIVA,1.0,,,,,,1,,,,
A2DFV6,A2DFV6_TRIVA,1.0,,,,,,1,,,,
A2DHK2,A2DHK2_TRIVA,1.0,,,,,,1,,,,
A2DI65,A2DI65_TRIVA,1.0,,,,,,1,,,,
A2DIT5,A2DIT5_TRIVA,1.0,,,,,,1,,,,
A2DJA8,A2DJA8_TRIVA,1.0,,,,,,1,,,,
A2DJK8,A2DJK8_TRIVA,1.0,,,,,,1,,,,
A2DMY4,A2DMY4_TRIVA,1.0,,,,,,1,,,,
A2DJT9,A2DJT9_TRIVA,1.0,,,,,,1,,,,
A2DKL4,A2DKL4_TRIVA,1.0,,,,,,1,,,,
A2DKN8,A2DKN8_TRIVA,1.0,,,,,,1,,,,
A2DL05,A2DL05_TRIVA,1.0,,,,,,1,,,,
A2DL60,A2DL60_TRIVA,1.0,,,,,,1,,,,
A2DLM1,A2DLM1_TRIVA,1.0,,,,,,1,,,,
A2DLU9,A2DLU9_TRIVA,1.0,,,,,,1,,,,
A2DLV4,A2DLV4_TRIVA,1.0,,,,,,1,,,,
A2DLV6,A2DLV6_TRIVA,1.0,,,,,,1,,,,
A2DCC5,A2DCC5_TRIVA,1.0,,,,,,1,,,,
A2DC81,A2DC81_TRIVA,1.0,,,,,,1,,,,
A2DC35,A2DC35_TRIVA,1.0,,,,,,1,,,,
A2DC18,A2DC18_TRIVA,1.0,,,,,,1,,,,
A2C6Y4,A2C6Y4_PROM3,1.0,,,,,,1,,,,
A2CA84,A2CA84_PROM3,1.0,,,,,,1,,,,
A2CAU9,A2CAU9_PROM3,1.0,,,,,,1,,,,
A2CG35,A2CG35_MOUSE,1.0,,,,,,,,1,,
A2D7C1,A2D7C1_TRIVA,1.0,,,,,,1,,,,
A2D7K8,A2D7K8_TRIVA,1.0,,,,,,1,,,,
A2D7W8,A2D7W8_TRIVA,1.0,,,,,,1,,,,
A2D842,A2D842_TRIVA,1.0,,,,,,1,,,,
A2D874,A2D874_TRIVA,1.0,,,,,,1,,,,
A2D8F3,A2D8F3_TRIVA,1.0,,,,,,1,,,,
A2D8H5,A2D8H5_TRIVA,1.0,,,,,,1,,,,
A2D8H9,A2D8H9_TRIVA,1.0,,,,,,1,,,,
A2D8P5,A2D8P5_TRIVA,1.0,,,,,,1,,,,
A2D9E3,A2D9E3_TRIVA,1.0,,,,,,1,,,,
A2DAD5,A2DAD5_TRIVA,1.0,,,,,,1,,,,
A2DAL1,A2DAL1_TRIVA,1.0,,,,,,1,,,,
A2DAY7,A2DAY7_TRIVA,1.0,,,,,,1,,,,
A2DBC9,A2DBC9_TRIVA,1.0,,,,,,1,,,,
A2DC15,A2DC15_TRIVA,1.0,,,,,,1,,,,
A2DLV9,A2DLV9_TRIVA,1.0,,,,,,1,,,,
A2DMZ1,A2DMZ1_TRIVA,1.0,,,,,,1,,,,
A2FYW2,A2FYW2_TRIVA,1.0,,,,,,1,,,,
A2DYD3,A2DYD3_TRIVA,1.0,,,,,,1,,,,
A2DWN2,A2DWN2_TRIVA,1.0,,,,,,1,,,,
A2DWP5,A2DWP5_TRIVA,1.0,,,,,,1,,,,
A2DWQ3,A2DWQ3_TRIVA,1.0,,,,,,1,,,,
A2DX20,A2DX20_TRIVA,1.0,,,,,,1,,,,
A2DX66,A2DX66_TRIVA,1.0,,,,,,1,,,,
A2DXB8,A2DXB8_TRIVA,1.0,,,,,,1,,,,
A2DXC2,A2DXC2_TRIVA,1.0,,,,,,1,,,,
A2DXY3,A2DXY3_TRIVA,1.0,,,,,,1,,,,
A2DY65,A2DY65_TRIVA,1.0,,,,,,1,,,,
A2DYG4,A2DYG4_TRIVA,1.0,,,,,,1,,,,
A2DNA4,A2DNA4_TRIVA,1.0,,,,,,1,,,,
A2DYZ8,A2DYZ8_TRIVA,1.0,,,,,,1,,,,
A2DZ39,A2DZ39_TRIVA,1.0,,,,,,1,,,,
A2DZJ4,A2DZJ4_TRIVA,1.0,,,,,,1,,,,
A2DZN5,A2DZN5_TRIVA,1.0,,,,,,1,,,,
A2E0C0,A2E0C0_TRIVA,1.0,,,,,,1,,,,
A2E0G1,A2E0G1_TRIVA,1.0,,,,,,1,,,,
A2E0I5,A2E0I5_TRIVA,1.0,,,,,,1,,,,
A2E0I6,A2E0I6_TRIVA,1.0,,,,,,1,,,,
A2E0L1,A2E0L1_TRIVA,1.0,,,,,,1,,,,
A2DWM5,A2DWM5_TRIVA,1.0,,,,,,1,,,,
A2DWL9,A2DWL9_TRIVA,1.0,,,,,,1,,,,
A2DW43,A2DW43_TRIVA,1.0,,,,,,1,,,,
A2DUT4,A2DUT4_TRIVA,1.0,,,,,,1,,,,
A2DNV2,A2DNV2_TRIVA,1.0,,,,,,1,,,,
A2DNW2,A2DNW2_TRIVA,1.0,,,,,,1,,,,
A2DPD6,A2DPD6_TRIVA,1.0,,,,,,1,,,,
A2DQG8,A2DQG8_TRIVA,1.0,,,,,,1,,,,
A2DQW8,A2DQW8_TRIVA,1.0,,,,,,1,,,,
A2DRK7,A2DRK7_TRIVA,1.0,,,,,,1,,,,
A2DRV6,A2DRV6_TRIVA,1.0,,,,,,1,,,,
A2DRX0,A2DRX0_TRIVA,1.0,,,,,,1,,,,
A2DS18,A2DS18_TRIVA,1.0,,,,,,1,,,,
A2DS35,A2DS35_TRIVA,1.0,,,,,,1,,,,
A2DSR0,A2DSR0_TRIVA,1.0,,,,,,1,,,,
A2DT20,A2DT20_TRIVA,1.0,,,,,,1,,,,
A2DTP5,A2DTP5_TRIVA,1.0,,,,,,1,,,,
A2DTS3,A2DTS3_TRIVA,1.0,,,,,,1,,,,
A2DTT5,A2DTT5_TRIVA,1.0,,,,,,1,,,,
A2DU69,A2DU69_TRIVA,1.0,,,,,,1,,,,
A2DUD4,A2DUD4_TRIVA,1.0,,,,,,1,,,,
A2DUG0,A2DUG0_TRIVA,1.0,,,,,,1,,,,
A2DUM9,A2DUM9_TRIVA,1.0,,,,,,1,,,,
A2C4I9,A2C4I9_PROM1,1.0,,,,,,1,,,,
A2C1H5,A2C1H5_PROM1,1.0,,,,,,1,,,,
A2C158,A2C158_PROM1,1.0,,,,,,1,,,,
A0A0A0MXQ7,A0A0A0MXQ7_PONAB,1.0,,1,,,,,,,,
A0A096NJA0,A0A096NJA0_PAPAN,1.0,,1,,,,,,,,
A0A096NQV2,A0A096NQV2_PAPAN,1.0,,1,,,,,,,,
A0A096NQV3,A0A096NQV3_PAPAN,1.0,,1,,,,,,,,
A0A096NSD3,A0A096NSD3_PAPAN,1.0,,1,,,,,,,,
A0A096NU79,A0A096NU79_PAPAN,1.0,,1,,,,,,,,
A0A096NV11,A0A096NV11_PAPAN,1.0,,1,,,,,,,,
A0A096NW96,A0A096NW96_PAPAN,1.0,,1,,,,,,,,
A0A096NYD2,A0A096NYD2_PAPAN,1.0,,1,,,,,,,,
A0A0A0MUY6,A0A0A0MUY6_PAPAN,1.0,,1,,,,,,,,
A0A0C4DGH2,A0A0C4DGH2_HUMAN,1.0,,1,,,,,,,,
A2BYG9,A2BYG9_PROM5,1.0,,,,,,1,,,,
A0B8H4,A0B8H4_METTP,1.0,,,,,,1,,,,
A0JM47,A0JM47_XENTR,1.0,,,,,,1,,,,
A0L4U3,A0L4U3_MAGSM,1.0,,,,,,1,,,,
A0LF17,A0LF17_SYNFM,1.0,,,,,,1,,,,
A0LIT9,A0LIT9_SYNFM,1.0,,,,,,1,,,,
A0MA67,A0MA67_PHYRM,1.0,,,,,,1,,,,
A0NBB2,A0NBB2_ANOGA,1.0,,,,,,1,,,,
A0NEA9,A0NEA9_ANOGA,1.0,,,,,,1,,,,
A0NF86,A0NF86_ANOGA,1.0,,,,,,1,,,,
A0A096NE82,A0A096NE82_PAPAN,1.0,,1,,,,,,,,
A0A096NBY6,A0A096NBY6_PAPAN,1.0,,1,,,,,,,,
A0A096N315,A0A096N315_PAPAN,1.0,,1,,,,,,,,
A0A096MYL8,A0A096MYL8_PAPAN,1.0,,1,,,,,,,,
A0A087X4R4,A0A087X4R4_POEFO,1.0,,1,,,,,,,,
A0A087X9L5,A0A087X9L5_POEFO,1.0,,1,,,,,,,,
A0A087XGP1,A0A087XGP1_POEFO,1.0,,1,,,,,,,,
A0A087XNL6,A0A087XNL6_POEFO,1.0,,1,,,,,,,,
A0A087XNS6,A0A087XNS6_POEFO,1.0,,1,,,,,,,,
A0A087XQH1,A0A087XQH1_POEFO,1.0,,1,,,,,,,,
A0A087XSV8,A0A087XSV8_POEFO,1.0,,1,,,,,,,,
A0A087YC03,A0A087YC03_POEFO,1.0,,1,,,,,,,,
A0A087YG35,A0A087YG35_POEFO,1.0,,1,,,,,,,,
A0A087YHC9,A0A087YHC9_POEFO,1.0,,1,,,,,,,,
A0A087YNC4,A0A087YNC4_POEFO,1.0,,1,,,,,,,,
A0A087YNH9,A0A087YNH9_POEFO,1.0,,1,,,,,,,,
A0A096LY90,A0A096LY90_POEFO,1.0,,1,,,,,,,,
A0A096M1I7,A0A096M1I7_POEFO,1.0,,1,,,,,,,,
A0A096M470,A0A096M470_POEFO,1.0,,1,,,,,,,,
A0A096MH67,A0A096MH67_POEFO,1.0,,1,,,,,,,,
A0A096MNJ8,A0A096MNJ8_PAPAN,1.0,,1,,,,,,,,
A0A096MPV6,A0A096MPV6_PAPAN,1.0,,1,,,,,,,,
A0A096MYB0,A0A096MYB0_PAPAN,1.0,,1,,,,,,,,
A0NFB8,A0NFB8_ANOGA,1.0,,,,,,1,,,,
A0PJQ5,A0PJQ5_DANRE,1.0,,,,,,1,,,,
A0SXQ6,A0SXQ6_MAGGR,1.0,,,,,,1,,,,
A1RX50,A1RX50_THEPD,1.0,,,,,,1,,,,
A1XBS0,A1XBS0_SCHJA,1.0,,,,,,1,,,,
A1XBS2,A1XBS2_SCHJA,1.0,,,,,,1,,,,
A1Z6R7,A1Z6R7_DROME,1.0,,,,,,1,,,,
A1Z7S1,A1Z7S1_DROME,1.0,,,,,,1,,,,
A1ZBK9,A1ZBK9_DROME,1.0,,,,,,1,,,,
A2A4Q3,A2A4Q3_MOUSE,1.0,,,,,,,,1,,
A2A7Z6,A2A7Z6_MOUSE,1.0,,,,,,,,1,,
A2AC13,A2AC13_MOUSE,1.0,,,,,,,,1,,
A2AFP5,A2AFP5_MOUSE,1.0,,,,,,,,1,,
A2AL34,A2AL34_MOUSE,1.0,,,,,,,,1,,
A2ARZ7,A2ARZ7_MOUSE,1.0,,,,,,,,1,,
A2BI17,A2BI17_DANRE,1.0,,,,,,1,,,,
A2BJ36,A2BJ36_HYPBU,1.0,,,,,,1,,,,
A2BMP6,A2BMP6_HYPBU,1.0,,,,,,1,,,,
A2BQ81,A2BQ81_PROMS,1.0,,,,,,1,,,,
A2BR18,A2BR18_PROMS,1.0,,,,,,1,,,,
A2BT18,A2BT18_PROMS,1.0,,,,,,1,,,,
A2BVR3,A2BVR3_PROM5,1.0,,,,,,1,,,,
A2BWP5,A2BWP5_PROM5,1.0,,,,,,1,,,,
A1RXR0,A1RXR0_THEPD,1.0,,,,,,1,,,,
A1RWB0,A1RWB0_THEPD,1.0,,,,,,1,,,,
A0SXQ7,A0SXQ7_MAGGR,1.0,,,,,,1,,,,
A1RVW3,A1RVW3_PYRIL,1.0,,,,,,1,,,,
A1ALS0,A1ALS0_PELPD,1.0,,,,,,1,,,,
A1AT67,A1AT67_PELPD,1.0,,,,,,1,,,,
A1C4P1,A1C4P1_ASPCL,1.0,,,,,,,1,,,
A1CAG5,A1CAG5_ASPCL,1.0,,,,,,,1,,,
A1CB72,A1CB72_ASPCL,1.0,,,,,,,1,,,
A1CJ48,A1CJ48_ASPCL,1.0,,,,,,,1,,,
A1CRG9,SAR1_ASPCL,1.0,,,,,,1,,,,
A1CSK4,A1CSK4_ASPCL,1.0,,,,,,,1,,,
A1CZL4,A1CZL4_NEOFI,1.0,,,,,,,1,,,
A1D4D1,SAR1_NEOFI,1.0,,,,,,1,,,,
A1D8D0,A1D8D0_NEOFI,1.0,,,,,,,1,,,
A1DE68,A1DE68_NEOFI,1.0,,,,,,,1,,,
A1DET9,A1DET9_NEOFI,1.0,,,,,,,1,,,
A1DG90,A1DG90_NEOFI,1.0,,,,,,,1,,,
A1L0U2,A1L0U2_MOUSE,1.0,,,,,,,,1,,
A1L104,A1L104_XENLA,1.0,,,,,,,,1,,
A1L2R5,A1L2R5_XENLA,1.0,,,,,,,,1,,
A1L528,A1L528_BOVIN,1.0,,,,,,,,1,,
A1RS23,A1RS23_PYRIL,1.0,,,,,,1,,,,
A2E1J0,A2E1J0_TRIVA,1.0,,,,,,1,,,,
A2E2I7,A2E2I7_TRIVA,1.0,,,,,,1,,,,
A2E2M1,A2E2M1_TRIVA,1.0,,,,,,1,,,,
A2F905,A2F905_TRIVA,1.0,,,,,,1,,,,
A2F5C1,A2F5C1_TRIVA,1.0,,,,,,1,,,,
A2F5C8,A2F5C8_TRIVA,1.0,,,,,,1,,,,
A2F5E2,A2F5E2_TRIVA,1.0,,,,,,1,,,,
A2F5P5,A2F5P5_TRIVA,1.0,,,,,,1,,,,
A2F6B8,A2F6B8_TRIVA,1.0,,,,,,1,,,,
A2F6R3,A2F6R3_TRIVA,1.0,,,,,,1,,,,
A2F731,A2F731_TRIVA,1.0,,,,,,1,,,,
A2F797,A2F797_TRIVA,1.0,,,,,,1,,,,
A2F8E0,A2F8E0_TRIVA,1.0,,,,,,1,,,,
A2F926,A2F926_TRIVA,1.0,,,,,,1,,,,
A2EW65,A2EW65_TRIVA,1.0,,,,,,1,,,,
A2FAP9,A2FAP9_TRIVA,1.0,,,,,,1,,,,
A2FBE2,A2FBE2_TRIVA,1.0,,,,,,1,,,,
A2FBG0,A2FBG0_TRIVA,1.0,,,,,,1,,,,
A2FDC5,A2FDC5_TRIVA,1.0,,,,,,1,,,,
A2FDY9,A2FDY9_TRIVA,1.0,,,,,,1,,,,
A2FE96,A2FE96_TRIVA,1.0,,,,,,1,,,,
A2FEU4,A2FEU4_TRIVA,1.0,,,,,,1,,,,
A2FFH4,A2FFH4_TRIVA,1.0,,,,,,1,,,,
A2FFY5,A2FFY5_TRIVA,1.0,,,,,,1,,,,
A2F556,A2F556_TRIVA,1.0,,,,,,1,,,,
A2F554,A2F554_TRIVA,1.0,,,,,,1,,,,
A2F4Z4,A2F4Z4_TRIVA,1.0,,,,,,1,,,,
A2F446,A2F446_TRIVA,1.0,,,,,,1,,,,
A2EWE4,A2EWE4_TRIVA,1.0,,,,,,1,,,,
A2EWL6,A2EWL6_TRIVA,1.0,,,,,,1,,,,
A2EWS4,A2EWS4_TRIVA,1.0,,,,,,1,,,,
A2EWV7,A2EWV7_TRIVA,1.0,,,,,,1,,,,
A2EX11,A2EX11_TRIVA,1.0,,,,,,1,,,,
A2EX28,A2EX28_TRIVA,1.0,,,,,,1,,,,
A2EX52,A2EX52_TRIVA,1.0,,,,,,1,,,,
A2EXV3,A2EXV3_TRIVA,1.0,,,,,,1,,,,
A2EXW0,A2EXW0_TRIVA,1.0,,,,,,1,,,,
A2EYG0,A2EYG0_TRIVA,1.0,,,,,,1,,,,
A2EYR4,A2EYR4_TRIVA,1.0,,,,,,1,,,,
A2EZ62,A2EZ62_TRIVA,1.0,,,,,,1,,,,
A2F128,A2F128_TRIVA,1.0,,,,,,1,,,,
A2F1D7,A2F1D7_TRIVA,1.0,,,,,,1,,,,
A2F1W8,A2F1W8_TRIVA,1.0,,,,,,1,,,,
A2F1X0,A2F1X0_TRIVA,1.0,,,,,,1,,,,
A2F278,A2F278_TRIVA,1.0,,,,,,1,,,,
A2F345,A2F345_TRIVA,1.0,,,,,,1,,,,
A2F3B3,A2F3B3_TRIVA,1.0,,,,,,1,,,,
A2FH53,A2FH53_TRIVA,1.0,,,,,,1,,,,
A2FHI9,A2FHI9_TRIVA,1.0,,,,,,1,,,,
A2FHX4,A2FHX4_TRIVA,1.0,,,,,,1,,,,
A2FR00,A2FR00_TRIVA,1.0,,,,,,1,,,,
A2FSA5,A2FSA5_TRIVA,1.0,,,,,,1,,,,
A2FSR0,A2FSR0_TRIVA,1.0,,,,,,1,,,,
A2FSW8,A2FSW8_TRIVA,1.0,,,,,,1,,,,
A2FSZ4,A2FSZ4_TRIVA,1.0,,,,,,1,,,,
A2FTT1,A2FTT1_TRIVA,1.0,,,,,,1,,,,
A2FTW9,A2FTW9_TRIVA,1.0,,,,,,1,,,,
A2FUW5,A2FUW5_TRIVA,1.0,,,,,,1,,,,
A2FV17,A2FV17_TRIVA,1.0,,,,,,1,,,,
A2FV67,A2FV67_TRIVA,1.0,,,,,,1,,,,
A2FVD4,A2FVD4_TRIVA,1.0,,,,,,1,,,,
A2FVW8,A2FVW8_TRIVA,1.0,,,,,,1,,,,
A2FW27,A2FW27_TRIVA,1.0,,,,,,1,,,,
A2FWD3,A2FWD3_TRIVA,1.0,,,,,,1,,,,
A2FWF3,A2FWF3_TRIVA,1.0,,,,,,1,,,,
A2FXD4,A2FXD4_TRIVA,1.0,,,,,,1,,,,
A2FXZ3,A2FXZ3_TRIVA,1.0,,,,,,1,,,,
A2FYF0,A2FYF0_TRIVA,1.0,,,,,,1,,,,
A2FYL0,A2FYL0_TRIVA,1.0,,,,,,1,,,,
A2FYN2,A2FYN2_TRIVA,1.0,,,,,,1,,,,
A2FRN3,A2FRN3_TRIVA,1.0,,,,,,1,,,,
A2FQU7,A2FQU7_TRIVA,1.0,,,,,,1,,,,
A2FHX6,A2FHX6_TRIVA,1.0,,,,,,1,,,,
A2FQ53,A2FQ53_TRIVA,1.0,,,,,,1,,,,
A2FI73,A2FI73_TRIVA,1.0,,,,,,1,,,,
A2FIJ0,A2FIJ0_TRIVA,1.0,,,,,,1,,,,
A2FJ75,A2FJ75_TRIVA,1.0,,,,,,1,,,,
A2FJF4,A2FJF4_TRIVA,1.0,,,,,,1,,,,
A2FJN5,A2FJN5_TRIVA,1.0,,,,,,1,,,,
A2FJN6,A2FJN6_TRIVA,1.0,,,,,,1,,,,
A2FJT3,A2FJT3_TRIVA,1.0,,,,,,1,,,,
A2FJT8,A2FJT8_TRIVA,1.0,,,,,,1,,,,
A2FK56,A2FK56_TRIVA,1.0,,,,,,1,,,,
A2FKH1,A2FKH1_TRIVA,1.0,,,,,,1,,,,
A2FKV0,A2FKV0_TRIVA,1.0,,,,,,1,,,,
A2FLN4,A2FLN4_TRIVA,1.0,,,,,,1,,,,
A2FMB2,A2FMB2_TRIVA,1.0,,,,,,1,,,,
A2FMI4,A2FMI4_TRIVA,1.0,,,,,,1,,,,
A2FN85,A2FN85_TRIVA,1.0,,,,,,1,,,,
A2FNU5,A2FNU5_TRIVA,1.0,,,,,,1,,,,
A2FPX6,A2FPX6_TRIVA,1.0,,,,,,1,,,,
A2FPX7,A2FPX7_TRIVA,1.0,,,,,,1,,,,
A2FQ27,A2FQ27_TRIVA,1.0,,,,,,1,,,,
A2EWA5,A2EWA5_TRIVA,1.0,,,,,,1,,,,
A2EVR7,A2EVR7_TRIVA,1.0,,,,,,1,,,,
A2E2M2,A2E2M2_TRIVA,1.0,,,,,,1,,,,
A2EAU9,A2EAU9_TRIVA,1.0,,,,,,1,,,,
A2E9E6,A2E9E6_TRIVA,1.0,,,,,,1,,,,
A2E9G3,A2E9G3_TRIVA,1.0,,,,,,1,,,,
A2E9I9,A2E9I9_TRIVA,1.0,,,,,,1,,,,
A2E9K2,A2E9K2_TRIVA,1.0,,,,,,1,,,,
A2E9N3,A2E9N3_TRIVA,1.0,,,,,,1,,,,
A2E9S2,A2E9S2_TRIVA,1.0,,,,,,1,,,,
A2EA47,A2EA47_TRIVA,1.0,,,,,,1,,,,
A2EA53,A2EA53_TRIVA,1.0,,,,,,1,,,,
A2EAJ5,A2EAJ5_TRIVA,1.0,,,,,,1,,,,
A2EBY3,A2EBY3_TRIVA,1.0,,,,,,1,,,,
A2EVP4,A2EVP4_TRIVA,1.0,,,,,,1,,,,
A2ECH8,A2ECH8_TRIVA,1.0,,,,,,1,,,,
A2ECK7,A2ECK7_TRIVA,1.0,,,,,,1,,,,
A2EDH4,A2EDH4_TRIVA,1.0,,,,,,1,,,,
A2EDH5,A2EDH5_TRIVA,1.0,,,,,,1,,,,
A2EDV7,A2EDV7_TRIVA,1.0,,,,,,1,,,,
A2EE72,A2EE72_TRIVA,1.0,,,,,,1,,,,
A2EE95,A2EE95_TRIVA,1.0,,,,,,1,,,,
A2EEB3,A2EEB3_TRIVA,1.0,,,,,,1,,,,
A2EEL9,A2EEL9_TRIVA,1.0,,,,,,1,,,,
A2E9D3,A2E9D3_TRIVA,1.0,,,,,,1,,,,
A2E8W9,A2E8W9_TRIVA,1.0,,,,,,1,,,,
A2E8Q4,A2E8Q4_TRIVA,1.0,,,,,,1,,,,
A2E8M0,A2E8M0_TRIVA,1.0,,,,,,1,,,,
A2E312,A2E312_TRIVA,1.0,,,,,,1,,,,
A2E3Q3,A2E3Q3_TRIVA,1.0,,,,,,1,,,,
A2E476,A2E476_TRIVA,1.0,,,,,,1,,,,
A2E4A1,A2E4A1_TRIVA,1.0,,,,,,1,,,,
A2E4C7,A2E4C7_TRIVA,1.0,,,,,,1,,,,
A2E4D7,A2E4D7_TRIVA,1.0,,,,,,1,,,,
A2E4S5,A2E4S5_TRIVA,1.0,,,,,,1,,,,
A2E4Y3,A2E4Y3_TRIVA,1.0,,,,,,1,,,,
A2E5E2,A2E5E2_TRIVA,1.0,,,,,,1,,,,
A2E5E4,A2E5E4_TRIVA,1.0,,,,,,1,,,,
A2E5I7,A2E5I7_TRIVA,1.0,,,,,,1,,,,
A2E5L9,A2E5L9_TRIVA,1.0,,,,,,1,,,,
A2E619,A2E619_TRIVA,1.0,,,,,,1,,,,
A2E625,A2E625_TRIVA,1.0,,,,,,1,,,,
A2E760,A2E760_TRIVA,1.0,,,,,,1,,,,
A2E7J8,A2E7J8_TRIVA,1.0,,,,,,1,,,,
A2E7L0,A2E7L0_TRIVA,1.0,,,,,,1,,,,
A2E7Y4,A2E7Y4_TRIVA,1.0,,,,,,1,,,,
A2E8I0,A2E8I0_TRIVA,1.0,,,,,,1,,,,
A2EF66,A2EF66_TRIVA,1.0,,,,,,1,,,,
A2EF89,A2EF89_TRIVA,1.0,,,,,,1,,,,
A2EFD0,A2EFD0_TRIVA,1.0,,,,,,1,,,,
A2EPF4,A2EPF4_TRIVA,1.0,,,,,,1,,,,
A2EQ49,A2EQ49_TRIVA,1.0,,,,,,1,,,,
A2EQG9,A2EQG9_TRIVA,1.0,,,,,,1,,,,
A2EQP4,A2EQP4_TRIVA,1.0,,,,,,1,,,,
A2ERD4,A2ERD4_TRIVA,1.0,,,,,,1,,,,
A2ES63,A2ES63_TRIVA,1.0,,,,,,1,,,,
A2ESK3,A2ESK3_TRIVA,1.0,,,,,,1,,,,
A2ESN6,A2ESN6_TRIVA,1.0,,,,,,1,,,,
A2ESW8,A2ESW8_TRIVA,1.0,,,,,,1,,,,
A2ESY6,A2ESY6_TRIVA,1.0,,,,,,1,,,,
A2ESY7,A2ESY7_TRIVA,1.0,,,,,,1,,,,
A2ETR8,A2ETR8_TRIVA,1.0,,,,,,1,,,,
A2ETY2,A2ETY2_TRIVA,1.0,,,,,,1,,,,
A2EU59,A2EU59_TRIVA,1.0,,,,,,1,,,,
A2EUH8,A2EUH8_TRIVA,1.0,,,,,,1,,,,
A2EUK1,A2EUK1_TRIVA,1.0,,,,,,1,,,,
A2EUL8,A2EUL8_TRIVA,1.0,,,,,,1,,,,
A2EV06,A2EV06_TRIVA,1.0,,,,,,1,,,,
A2EVE6,A2EVE6_TRIVA,1.0,,,,,,1,,,,
A2EVM8,A2EVM8_TRIVA,1.0,,,,,,1,,,,
A2EPG3,A2EPG3_TRIVA,1.0,,,,,,1,,,,
A2ENB1,A2ENB1_TRIVA,1.0,,,,,,1,,,,
A2EGF8,A2EGF8_TRIVA,1.0,,,,,,1,,,,
A2EN61,A2EN61_TRIVA,1.0,,,,,,1,,,,
A2EGH0,A2EGH0_TRIVA,1.0,,,,,,1,,,,
A2EGL8,A2EGL8_TRIVA,1.0,,,,,,1,,,,
A2EGS8,A2EGS8_TRIVA,1.0,,,,,,1,,,,
A2EHU8,A2EHU8_TRIVA,1.0,,,,,,1,,,,
A2EI68,A2EI68_TRIVA,1.0,,,,,,1,,,,
A2EI96,A2EI96_TRIVA,1.0,,,,,,1,,,,
A2EII0,A2EII0_TRIVA,1.0,,,,,,1,,,,
A2EIK0,A2EIK0_TRIVA,1.0,,,,,,1,,,,
A2EIX2,A2EIX2_TRIVA,1.0,,,,,,1,,,,
A2EJI6,A2EJI6_TRIVA,1.0,,,,,,1,,,,
A2EJU0,A2EJU0_TRIVA,1.0,,,,,,1,,,,
A2EKA1,A2EKA1_TRIVA,1.0,,,,,,1,,,,
A2EKN4,A2EKN4_TRIVA,1.0,,,,,,1,,,,
A2EKW5,A2EKW5_TRIVA,1.0,,,,,,1,,,,
A2EL65,A2EL65_TRIVA,1.0,,,,,,1,,,,
A2ELG5,A2ELG5_TRIVA,1.0,,,,,,1,,,,
A2ELV0,A2ELV0_TRIVA,1.0,,,,,,1,,,,
A2EM21,A2EM21_TRIVA,1.0,,,,,,1,,,,
A2EMB9,A2EMB9_TRIVA,1.0,,,,,,1,,,,
A7SGQ3,A7SGQ3_NEMVE,1.0,,,,,,1,,,,
A7SGV9,A7SGV9_NEMVE,1.0,,,,,,1,,,,
A7SGW0,A7SGW0_NEMVE,1.0,,,,,,1,,,,
B3MQ69,B3MQ69_DROAN,1.0,,,,,,1,,,,
B3MGQ8,B3MGQ8_DROAN,1.0,,,,,,1,,,,
B3MIH3,B3MIH3_DROAN,1.0,,,,,,1,,,,
B3MIJ6,B3MIJ6_DROAN,1.0,,,,,,1,,,,
B3MIP5,B3MIP5_DROAN,1.0,,,,,,1,,,,
B3MK03,B3MK03_DROAN,1.0,,,,,,1,,,,
B3MKA3,B3MKA3_DROAN,1.0,,,,,,1,,,,
B3MKX4,B3MKX4_DROAN,1.0,,,,,,1,,,,
B3MLN6,B3MLN6_DROAN,1.0,,,,,,1,,,,
B3MPJ2,B3MPJ2_DROAN,1.0,,,,,,1,,,,
B3MQD0,B3MQD0_DROAN,1.0,,,,,,1,,,,
B3MY05,B3MY05_DROAN,1.0,,,,,,1,,,,
B3MQI0,B3MQI0_DROAN,1.0,,,,,,1,,,,
C5PFL1,C5PFL1_COCP7,1.0,,,,,,1,,,,
B3MQZ2,B3MQZ2_DROAN,1.0,,,,,,1,,,,
B3MRB8,B3MRB8_DROAN,1.0,,,,,,1,,,,
B3MRX6,B3MRX6_DROAN,1.0,,,,,,1,,,,
B3MSD1,B3MSD1_DROAN,1.0,,,,,,1,,,,
B3MU40,B3MU40_DROAN,1.0,,,,,,1,,,,
B3MVH2,B3MVH2_DROAN,1.0,,,,,,1,,,,
B3MW90,B3MW90_DROAN,1.0,,,,,,1,,,,
B3MGI3,B3MGI3_DROAN,1.0,,,,,,1,,,,
B3MGG0,B3MGG0_DROAN,1.0,,,,,,1,,,,
B3MFG1,B3MFG1_DROAN,1.0,,,,,,1,,,,
B3MF51,B3MF51_DROAN,1.0,,,,,,1,,,,
B3M5S1,B3M5S1_DROAN,1.0,,,,,,1,,,,
B3M791,B3M791_DROAN,1.0,,,,,,1,,,,
B3M7R4,B3M7R4_DROAN,1.0,,,,,,1,,,,
B3M7X0,B3M7X0_DROAN,1.0,,,,,,1,,,,
B3M8I3,B3M8I3_DROAN,1.0,,,,,,1,,,,
B3M8T8,B3M8T8_DROAN,1.0,,,,,,1,,,,
B3M984,B3M984_DROAN,1.0,,,,,,1,,,,
B3M9D7,B3M9D7_DROAN,1.0,,,,,,1,,,,
B3M9D8,B3M9D8_DROAN,1.0,,,,,,1,,,,
B3M9H6,B3M9H6_DROAN,1.0,,,,,,1,,,,
B3M9U1,B3M9U1_DROAN,1.0,,,,,,1,,,,
B3MAE1,B3MAE1_DROAN,1.0,,,,,,1,,,,
B3MAM4,B3MAM4_DROAN,1.0,,,,,,1,,,,
B3MB97,B3MB97_DROAN,1.0,,,,,,1,,,,
B3MD31,B3MD31_DROAN,1.0,,,,,,1,,,,
B3MDF7,B3MDF7_DROAN,1.0,,,,,,1,,,,
B3MDX3,B3MDX3_DROAN,1.0,,,,,,1,,,,
B3MEW2,B3MEW2_DROAN,1.0,,,,,,1,,,,
B3MF50,B3MF50_DROAN,1.0,,,,,,1,,,,
B3MXQ5,B3MXQ5_DROAN,1.0,,,,,,1,,,,
B3MYD4,B3MYD4_DROAN,1.0,,,,,,1,,,,
B0Y0W7,B0Y0W7_ASPFC,1.0,,,,,,,1,,,
B3RM58,B3RM58_TRIAD,1.0,,,,,,1,,,,
B3RK41,B3RK41_TRIAD,1.0,,,,,,1,,,,
B3RK59,B3RK59_TRIAD,1.0,,,,,,1,,,,
B3RKL6,B3RKL6_TRIAD,1.0,,,,,,1,,,,
B3RKM7,B3RKM7_TRIAD,1.0,,,,,,1,,,,
B3RKQ8,B3RKQ8_TRIAD,1.0,,,,,,1,,,,
B3RL19,B3RL19_TRIAD,1.0,,,,,,1,,,,
B3RL20,B3RL20_TRIAD,1.0,,,,,,1,,,,
B3RLF4,B3RLF4_TRIAD,1.0,,,,,,1,,,,
B3RLG4,B3RLG4_TRIAD,1.0,,,,,,1,,,,
B3RM76,B3RM76_TRIAD,1.0,,,,,,1,,,,
B3MYJ0,B3MYJ0_DROAN,1.0,,,,,,1,,,,
B3RML2,B3RML2_TRIAD,1.0,,,,,,1,,,,
B3RN97,B3RN97_TRIAD,1.0,,,,,,1,,,,
B3RPW9,B3RPW9_TRIAD,1.0,,,,,,1,,,,
B3RQZ1,B3RQZ1_TRIAD,1.0,,,,,,1,,,,
B3RQZ5,B3RQZ5_TRIAD,1.0,,,,,,1,,,,
B3RRC5,B3RRC5_TRIAD,1.0,,,,,,1,,,,
B3RRR0,B3RRR0_TRIAD,1.0,,,,,,1,,,,
B3RS33,B3RS33_TRIAD,1.0,,,,,,1,,,,
B3RSH6,B3RSH6_TRIAD,1.0,,,,,,1,,,,
B3RK40,B3RK40_TRIAD,1.0,,,,,,1,,,,
B3RK10,B3RK10_TRIAD,1.0,,,,,,1,,,,
B3RJC4,B3RJC4_TRIAD,1.0,,,,,,1,,,,
B3RJC3,B3RJC3_TRIAD,1.0,,,,,,1,,,,
B3MZ91,B3MZ91_DROAN,1.0,,,,,,1,,,,
B3MZK3,B3MZK3_DROAN,1.0,,,,,,1,,,,
B3MZK9,B3MZK9_DROAN,1.0,,,,,,1,,,,
B3N1T6,B3N1T6_DROAN,1.0,,,,,,1,,,,
B3N218,B3N218_DROAN,1.0,,,,,,1,,,,
B3N219,B3N219_DROAN,1.0,,,,,,1,,,,
B3QU73,B3QU73_CHLT3,1.0,,,,,,1,,,,
B3QVV3,B3QVV3_CHLT3,1.0,,,,,,1,,,,
B3QVV4,B3QVV4_CHLT3,1.0,,,,,,1,,,,
B3QWQ0,B3QWQ0_CHLT3,1.0,,,,,,1,,,,
B3RFG8,B3RFG8_SORAR,1.0,,,,,,,,1,,
B3RI97,B3RI97_TRIAD,1.0,,,,,,1,,,,
B3RIA8,B3RIA8_TRIAD,1.0,,,,,,1,,,,
B3RID8,B3RID8_TRIAD,1.0,,,,,,1,,,,
B3RIJ5,B3RIJ5_TRIAD,1.0,,,,,,1,,,,
B3RIL9,B3RIL9_TRIAD,1.0,,,,,,1,,,,
B3RIM6,B3RIM6_TRIAD,1.0,,,,,,1,,,,
B3RJ80,B3RJ80_TRIAD,1.0,,,,,,1,,,,
B3RJ81,B3RJ81_TRIAD,1.0,,,,,,1,,,,
B3M528,B3M528_DROAN,1.0,,,,,,1,,,,
B3M4V3,B3M4V3_DROAN,1.0,,,,,,1,,,,
B3M315,B3M315_DROAN,1.0,,,,,,1,,,,
B2IX76,B2IX76_NOSP7,1.0,,,,,,1,,,,
B1XI60,B1XI60_SYNP2,1.0,,,,,,1,,,,
B1XK38,B1XK38_SYNP2,1.0,,,,,,1,,,,
B1XKS5,B1XKS5_SYNP2,1.0,,,,,,1,,,,
B1XLJ8,B1XLJ8_SYNP2,1.0,,,,,,1,,,,
B1Y9U1,B1Y9U1_PYRNV,1.0,,,,,,1,,,,
B2BJC8,B2BJC8_9TRYP,1.0,,,,,,1,,,,
B2BLV4,B2BLV4_BRALA,1.0,,,,,,,,1,,
B2BWH5,B2BWH5_DANRE,1.0,,,,,,,,1,,
B2GU04,B2GU04_XENTR,1.0,,,,,,,,1,,
B2IZE4,B2IZE4_NOSP7,1.0,,,,,,1,,,,
B3M307,B3M307_DROAN,1.0,,,,,,1,,,,
B2J3D8,B2J3D8_NOSP7,1.0,,,,,,1,,,,
B2J3S7,B2J3S7_NOSP7,1.0,,,,,,1,,,,
B2JA21,B2JA21_NOSP7,1.0,,,,,,1,,,,
B2JA34,B2JA34_NOSP7,1.0,,,,,,1,,,,
B2KHW7,B2KHW7_RHIFE,1.0,,,,,,,,1,,
B2KKU6,B2KKU6_MOUSE,1.0,,,,,,,,1,,
B2LYK6,B2LYK6_SHEEP,1.0,,,,,,,,1,,
B2LYL3,B2LYL3_SHEEP,1.0,,,,,,,,1,,
B2M0S8,B2M0S8_CAPHI,1.0,,,,,,,,1,,
B1X0I5,B1X0I5_CYAA5,1.0,,,,,,1,,,,
B1WZ57,B1WZ57_CYAA5,1.0,,,,,,1,,,,
B1WYJ9,B1WYJ9_CYAA5,1.0,,,,,,1,,,,
B1WXH8,B1WXH8_CYAA5,1.0,,,,,,1,,,,
B0Y446,B0Y446_ASPFC,1.0,,,,,,,1,,,
B1AH77,B1AH77_HUMAN,1.0,,,,,,,,1,,
B1AH78,B1AH78_HUMAN,1.0,,,,,,,,1,,
B1AH80,B1AH80_HUMAN,1.0,,,,,,,,1,,
B1ATT4,B1ATT4_MOUSE,1.0,,,,,,,,1,,
B1ATY8,B1ATY8_MOUSE,1.0,,,,,,1,,,,
B1H1B2,B1H1B2_XENTR,1.0,,,,,,,,1,,
B1H2Z9,B1H2Z9_XENTR,1.0,,,,,,1,,,,
B1H300,B1H300_XENTR,1.0,,,,,,,,1,,
B1H345,B1H345_XENTR,1.0,,,,,,1,,,,
B1L5C5,B1L5C5_KORCO,1.0,,,,,,1,,,,
B1L6M3,B1L6M3_KORCO,1.0,,,,,,1,,,,
B1L6Q5,B1L6Q5_KORCO,1.0,,,,,,1,,,,
B1NYD5,B1NYD5_KRYMA,1.0,,,,,,,,1,,
B1PBZ6,B1PBZ6_PETMA,1.0,,,,,,,,1,,
B1WBZ7,B1WBZ7_RAT,1.0,,,,,,1,,,,
B1WC73,B1WC73_RAT,1.0,,,,,,1,,,,
B1WNH6,B1WNH6_CYAA5,1.0,,,,,,1,,,,
B1WWC8,B1WWC8_CYAA5,1.0,,,,,,1,,,,
B2MV83,B2MV83_SCHJA,1.0,,,,,,1,,,,
B2MVW2,B2MVW2_SHEEP,1.0,,,,,,,,1,,
B2MVW5,B2MVW5_SHEEP,1.0,,,,,,,,1,,
B3GUT0,B3GUT0_SCHJA,1.0,,,,,,1,,,,
B3GUX4,B3GUX4_SCHJA,1.0,,,,,,1,,,,
B3GUZ9,B3GUZ9_SCHJA,1.0,,,,,,1,,,,
B3KTE3,B3KTE3_HUMAN,1.0,,,,,,,,1,,
B3LVJ3,B3LVJ3_DROAN,1.0,,,,,,1,,,,
B3LVJ4,B3LVJ4_DROAN,1.0,,,,,,1,,,,
B3LVN7,B3LVN7_DROAN,1.0,,,,,,1,,,,
B3LWF5,B3LWF5_DROAN,1.0,,,,,,1,,,,
B3LXI6,B3LXI6_DROAN,1.0,,,,,,1,,,,
B3LYA3,B3LYA3_DROAN,1.0,,,,,,1,,,,
B3LYD6,B3LYD6_DROAN,1.0,,,,,,1,,,,
B3LYP2,B3LYP2_DROAN,1.0,,,,,,1,,,,
B3LZ30,B3LZ30_DROAN,1.0,,,,,,1,,,,
B3LZH3,B3LZH3_DROAN,1.0,,,,,,1,,,,
B3M0E6,B3M0E6_DROAN,1.0,,,,,,1,,,,
B3M182,B3M182_DROAN,1.0,,,,,,1,,,,
B3M185,RAS1_DROAN,1.0,,,,,,1,,,,
B3M1C7,B3M1C7_DROAN,1.0,,,,,,1,,,,
B3M2W0,B3M2W0_DROAN,1.0,,,,,,1,,,,
B3M302,B3M302_DROAN,1.0,,,,,,1,,,,
B3GUW9,B3GUW9_SCHJA,1.0,,,,,,1,,,,
B3EDA7,B3EDA7_CHLL2,1.0,,,,,,1,,,,
B2MVW6,B2MVW6_SHEEP,1.0,,,,,,,,1,,
B3E9V5,B3E9V5_GEOLS,1.0,,,,,,1,,,,
B2MVW7,B2MVW7_SHEEP,1.0,,,,,,,,1,,
B2R5I8,B2R5I8_HUMAN,1.0,,,,,,,,1,,
B2R7I9,B2R7I9_HUMAN,1.0,,,,,,,,1,,
B2R838,B2R838_HUMAN,1.0,,,,,,,,1,,
B2R8W8,B2R8W8_HUMAN,1.0,,,,,,,,1,,
B2RPS1,B2RPS1_MOUSE,1.0,,,,,,,,1,,
B2RRN5,B2RRN5_MOUSE,1.0,,,,,,,,1,,
B2RVE2,B2RVE2_MOUSE,1.0,,,,,,,,1,,
B2RYP0,B2RYP0_RAT,1.0,,,,,,,,1,,
B2RZ53,B2RZ53_RAT,1.0,,,,,,1,,,,
B2RZ70,B2RZ70_RAT,1.0,,,,,,1,,,,
B2ZAG4,B2ZAG4_NEUCS,1.0,,,,,,1,,,,
B2ZAG7,B2ZAG7_NEUCS,1.0,,,,,,1,,,,
B2ZHC0,B2ZHC0_SHEEP,1.0,,,,,,,,1,,
B3DLF7,B3DLF7_XENTR,1.0,,,,,,1,,,,
B3DMR0,B3DMR0_DROME,1.0,,,,,,1,,,,
B3DNG5,B3DNG5_DROME,1.0,,,,,,1,,,,
B3DNH3,B3DNH3_DROME,1.0,,,,,,1,,,,
B3E7R1,B3E7R1_GEOLS,1.0,,,,,,1,,,,
B3RU29,B3RU29_TRIAD,1.0,,,,,,1,,,,
B3RU33,B3RU33_TRIAD,1.0,,,,,,1,,,,
B3RU34,B3RU34_TRIAD,1.0,,,,,,1,,,,
B4JRY0,B4JRY0_DROGR,1.0,,,,,,1,,,,
B4JN71,B4JN71_DROGR,1.0,,,,,,1,,,,
B4JP84,B4JP84_DROGR,1.0,,,,,,1,,,,
B4JPE8,B4JPE8_DROGR,1.0,,,,,,1,,,,
B4JQN8,B4JQN8_DROGR,1.0,,,,,,1,,,,
B4JQY9,B4JQY9_DROGR,1.0,,,,,,1,,,,
B4JRJ1,B4JRJ1_DROGR,1.0,,,,,,1,,,,
B4JRK3,B4JRK3_DROGR,1.0,,,,,,1,,,,
B4JRK4,B4JRK4_DROGR,1.0,,,,,,1,,,,
B4JRN9,B4JRN9_DROGR,1.0,,,,,,1,,,,
B4JS38,B4JS38_DROGR,1.0,,,,,,1,,,,
B4J9Y2,B4J9Y2_DROGR,1.0,,,,,,1,,,,
B4JUC1,B4JUC1_DROGR,1.0,,,,,,1,,,,
B4JV68,B4JV68_DROGR,1.0,,,,,,1,,,,
B4JV70,B4JV70_DROGR,1.0,,,,,,1,,,,
B4JV80,B4JV80_DROGR,1.0,,,,,,1,,,,
B4JW29,B4JW29_DROGR,1.0,,,,,,1,,,,
B4JX94,B4JX94_DROGR,1.0,,,,,,1,,,,
B4JXI3,B4JXI3_DROGR,1.0,,,,,,1,,,,
B4JZQ5,B4JZQ5_DROGR,1.0,,,,,,1,,,,
B4JZR6,B4JZR6_DROGR,1.0,,,,,,1,,,,
B4JN35,B4JN35_DROGR,1.0,,,,,,1,,,,
B4JMH9,B4JMH9_DROGR,1.0,,,,,,1,,,,
B4JLR1,B4JLR1_DROGR,1.0,,,,,,1,,,,
B4JLH3,B4JLH3_DROGR,1.0,,,,,,1,,,,
B4JEB4,B4JEB4_DROGR,1.0,,,,,,1,,,,
B4JF54,B4JF54_DROGR,1.0,,,,,,1,,,,
B4JFI8,B4JFI8_DROGR,1.0,,,,,,1,,,,
B4JFU8,RAS1_DROGR,1.0,,,,,,1,,,,
B4JFV4,B4JFV4_DROGR,1.0,,,,,,1,,,,
B4JGX9,B4JGX9_DROGR,1.0,,,,,,1,,,,
B4JHL6,B4JHL6_DROGR,1.0,,,,,,1,,,,
B4JHU6,B4JHU6_DROGR,1.0,,,,,,1,,,,
B4JHX4,B4JHX4_DROGR,1.0,,,,,,1,,,,
B4JII1,B4JII1_DROGR,1.0,,,,,,1,,,,
B4JII5,B4JII5_DROGR,1.0,,,,,,1,,,,
B4JIZ9,B4JIZ9_DROGR,1.0,,,,,,1,,,,
B4JJB6,B4JJB6_DROGR,1.0,,,,,,1,,,,
B4JJH5,B4JJH5_DROGR,1.0,,,,,,1,,,,
B4JJZ1,B4JJZ1_DROGR,1.0,,,,,,1,,,,
B4JK30,B4JK30_DROGR,1.0,,,,,,1,,,,
B4JKA5,B4JKA5_DROGR,1.0,,,,,,1,,,,
B4JKI4,B4JKI4_DROGR,1.0,,,,,,1,,,,
B4JKP5,B4JKP5_DROGR,1.0,,,,,,1,,,,
B4K0H1,B4K0H1_DROGR,1.0,,,,,,1,,,,
B4K166,B4K166_DROGR,1.0,,,,,,1,,,,
B4K3Q1,B4K3Q1_DROGR,1.0,,,,,,1,,,,
B4LL57,B4LL57_DROVI,1.0,,,,,,1,,,,
B4LLV5,B4LLV5_DROVI,1.0,,,,,,1,,,,
B4LMD6,B4LMD6_DROVI,1.0,,,,,,1,,,,
B4LNW6,B4LNW6_DROVI,1.0,,,,,,1,,,,
B4LP06,B4LP06_DROVI,1.0,,,,,,1,,,,
B4LQN8,B4LQN8_DROVI,1.0,,,,,,1,,,,
B4LQN9,B4LQN9_DROVI,1.0,,,,,,1,,,,
B4LQP0,B4LQP0_DROVI,1.0,,,,,,1,,,,
B4LRI1,B4LRI1_DROVI,1.0,,,,,,1,,,,
B4LS36,B4LS36_DROVI,1.0,,,,,,1,,,,
B4LSG0,B4LSG0_DROVI,1.0,,,,,,1,,,,
B4LUS3,B4LUS3_DROVI,1.0,,,,,,1,,,,
B4LWU9,B4LWU9_DROVI,1.0,,,,,,1,,,,
B4LY29,RAS1_DROVI,1.0,,,,,,1,,,,
B4LY33,B4LY33_DROVI,1.0,,,,,,1,,,,
B4LYW1,B4LYW1_DROVI,1.0,,,,,,1,,,,
B4LYX2,B4LYX2_DROVI,1.0,,,,,,1,,,,
B4LZ65,B4LZ65_DROVI,1.0,,,,,,1,,,,
B4LZB0,B4LZB0_DROVI,1.0,,,,,,1,,,,
B4LZE0,B4LZE0_DROVI,1.0,,,,,,1,,,,
B4LLE0,B4LLE0_DROVI,1.0,,,,,,1,,,,
B4LL56,B4LL56_DROVI,1.0,,,,,,1,,,,
B4K3S5,B4K3S5_DROGR,1.0,,,,,,1,,,,
B4LKN6,B4LKN6_DROVI,1.0,,,,,,1,,,,
B4LB86,B4LB86_DROVI,1.0,,,,,,1,,,,
B4LBM1,B4LBM1_DROVI,1.0,,,,,,1,,,,
B4LBU7,B4LBU7_DROVI,1.0,,,,,,1,,,,
B4LC98,B4LC98_DROVI,1.0,,,,,,1,,,,
B4LC99,B4LC99_DROVI,1.0,,,,,,1,,,,
B4LD64,B4LD64_DROVI,1.0,,,,,,1,,,,
B4LDE8,B4LDE8_DROVI,1.0,,,,,,1,,,,
B4LDP7,B4LDP7_DROVI,1.0,,,,,,1,,,,
B4LDX8,B4LDX8_DROVI,1.0,,,,,,1,,,,
B4LDZ5,B4LDZ5_DROVI,1.0,,,,,,1,,,,
B4LFD1,B4LFD1_DROVI,1.0,,,,,,1,,,,
B4LG76,B4LG76_DROVI,1.0,,,,,,1,,,,
B4LGK3,B4LGK3_DROVI,1.0,,,,,,1,,,,
B4LGT5,B4LGT5_DROVI,1.0,,,,,,1,,,,
B4LH20,B4LH20_DROVI,1.0,,,,,,1,,,,
B4LHH7,B4LHH7_DROVI,1.0,,,,,,1,,,,
B4LIJ3,B4LIJ3_DROVI,1.0,,,,,,1,,,,
B4LJG0,B4LJG0_DROVI,1.0,,,,,,1,,,,
B4LK10,B4LK10_DROVI,1.0,,,,,,1,,,,
B4JBU2,B4JBU2_DROGR,1.0,,,,,,1,,,,
B4J9Y1,B4J9Y1_DROGR,1.0,,,,,,1,,,,
B3RUC8,B3RUC8_TRIAD,1.0,,,,,,1,,,,
B3S8W4,B3S8W4_TRIAD,1.0,,,,,,1,,,,
B3S4L7,B3S4L7_TRIAD,1.0,,,,,,1,,,,
B3S4Y9,B3S4Y9_TRIAD,1.0,,,,,,1,,,,
B3S520,B3S520_TRIAD,1.0,,,,,,1,,,,
B3S542,B3S542_TRIAD,1.0,,,,,,1,,,,
B3S5P4,B3S5P4_TRIAD,1.0,,,,,,1,,,,
B3S6C9,B3S6C9_TRIAD,1.0,,,,,,1,,,,
B3S6V0,B3S6V0_TRIAD,1.0,,,,,,1,,,,
B3S7R8,B3S7R8_TRIAD,1.0,,,,,,1,,,,
B3S8T3,B3S8T3_TRIAD,1.0,,,,,,1,,,,
B3S972,B3S972_TRIAD,1.0,,,,,,1,,,,
B4J9R6,B4J9R6_DROGR,1.0,,,,,,1,,,,
B3S9A2,B3S9A2_TRIAD,1.0,,,,,,1,,,,
B3SA74,B3SA74_TRIAD,1.0,,,,,,1,,,,
B3SC18,B3SC18_TRIAD,1.0,,,,,,1,,,,
B3SCL7,B3SCL7_TRIAD,1.0,,,,,,1,,,,
B3SCW5,B3SCW5_TRIAD,1.0,,,,,,1,,,,
B3SDQ1,B3SDQ1_TRIAD,1.0,,,,,,1,,,,
B3W649,B3W649_SCHJA,1.0,,,,,,1,,,,
B4DE50,B4DE50_HUMAN,1.0,,,,,,,,1,,
B4DMH5,B4DMH5_HUMAN,1.0,,,,,,,,1,,
B3S3X4,B3S3X4_TRIAD,1.0,,,,,,1,,,,
B3S2Y3,B3S2Y3_TRIAD,1.0,,,,,,1,,,,
B3S2W3,B3S2W3_TRIAD,1.0,,,,,,1,,,,
B3S2S8,B3S2S8_TRIAD,1.0,,,,,,1,,,,
B3RUU3,B3RUU3_TRIAD,1.0,,,,,,1,,,,
B3RVN8,B3RVN8_TRIAD,1.0,,,,,,1,,,,
B3RWQ3,B3RWQ3_TRIAD,1.0,,,,,,1,,,,
B3RWS8,B3RWS8_TRIAD,1.0,,,,,,1,,,,
B3RX28,B3RX28_TRIAD,1.0,,,,,,1,,,,
B3RX42,B3RX42_TRIAD,1.0,,,,,,1,,,,
B3RX76,B3RX76_TRIAD,1.0,,,,,,1,,,,
B3RYI6,B3RYI6_TRIAD,1.0,,,,,,1,,,,
B3RYJ3,B3RYJ3_TRIAD,1.0,,,,,,1,,,,
B3S037,B3S037_TRIAD,1.0,,,,,,1,,,,
B3S134,B3S134_TRIAD,1.0,,,,,,1,,,,
B3S1G6,B3S1G6_TRIAD,1.0,,,,,,1,,,,
B3S1J7,B3S1J7_TRIAD,1.0,,,,,,1,,,,
B3S210,B3S210_TRIAD,1.0,,,,,,1,,,,
B3S211,B3S211_TRIAD,1.0,,,,,,1,,,,
B3S213,B3S213_TRIAD,1.0,,,,,,1,,,,
B3S268,B3S268_TRIAD,1.0,,,,,,1,,,,
B3S2N9,B3S2N9_TRIAD,1.0,,,,,,1,,,,
B3S2Q0,B3S2Q0_TRIAD,1.0,,,,,,1,,,,
B4DMJ8,B4DMJ8_HUMAN,1.0,,,,,,,,1,,
B4DMN1,B4DMN1_HUMAN,1.0,,,,,,,,1,,
B4DMS1,B4DMS1_HUMAN,1.0,,,,,,,,1,,
B4J1E2,B4J1E2_DROGR,1.0,,,,,,1,,,,
B4J200,B4J200_DROGR,1.0,,,,,,1,,,,
B4J201,B4J201_DROGR,1.0,,,,,,1,,,,
B4J295,B4J295_DROGR,1.0,,,,,,1,,,,
B4J2E5,B4J2E5_DROGR,1.0,,,,,,1,,,,
B4J2S1,B4J2S1_DROGR,1.0,,,,,,1,,,,
B4J359,B4J359_DROGR,1.0,,,,,,1,,,,
B4J3P0,B4J3P0_DROGR,1.0,,,,,,1,,,,
B4J3R6,B4J3R6_DROGR,1.0,,,,,,1,,,,
B4J3R8,B4J3R8_DROGR,1.0,,,,,,1,,,,
B4J4B2,B4J4B2_DROGR,1.0,,,,,,1,,,,
B4J623,B4J623_DROGR,1.0,,,,,,1,,,,
B4J673,B4J673_DROGR,1.0,,,,,,1,,,,
B4J6J6,B4J6J6_DROGR,1.0,,,,,,1,,,,
B4J742,B4J742_DROGR,1.0,,,,,,1,,,,
B4J7F3,B4J7F3_DROGR,1.0,,,,,,1,,,,
B4J7M5,B4J7M5_DROGR,1.0,,,,,,1,,,,
B4J7T0,B4J7T0_DROGR,1.0,,,,,,1,,,,
B4J9A1,B4J9A1_DROGR,1.0,,,,,,1,,,,
B4J9H5,B4J9H5_DROGR,1.0,,,,,,1,,,,
B4J1Y1,B4J1Y1_DROGR,1.0,,,,,,1,,,,
B4J095,B4J095_DROGR,1.0,,,,,,1,,,,
B4DN70,B4DN70_HUMAN,1.0,,,,,,1,,,,
B4IZX9,B4IZX9_DROGR,1.0,,,,,,1,,,,
B4DNQ0,B4DNQ0_HUMAN,1.0,,,,,,,,1,,
B4DPH9,B4DPH9_HUMAN,1.0,,,,,,,,1,,
B4DQU5,B4DQU5_HUMAN,1.0,,,,,,,,1,,
B4DSG7,B4DSG7_HUMAN,1.0,,,,,,,,1,,
B4DUD4,B4DUD4_HUMAN,1.0,,,,,,,,1,,
B4E1U9,B4E1U9_HUMAN,1.0,,,,,,,,1,,
B4F5J7,B4F5J7_DROME,1.0,,,,,,1,,,,
B4F757,B4F757_RAT,1.0,,,,,,,,1,,
B4F765,B4F765_RAT,1.0,,,,,,1,,,,
B4IT78,B4IT78_DROYA,1.0,,,,,,1,,,,
B4ITG4,B4ITG4_DROYA,1.0,,,,,,1,,,,
B4ITV7,B4ITV7_DROYA,1.0,,,,,,1,,,,
B4ITZ3,B4ITZ3_DROYA,1.0,,,,,,1,,,,
B4IUL4,B4IUL4_DROYA,1.0,,,,,,1,,,,
B4IWP0,B4IWP0_DROGR,1.0,,,,,,1,,,,
B4IX44,B4IX44_DROGR,1.0,,,,,,1,,,,
B4IXL5,B4IXL5_DROGR,1.0,,,,,,1,,,,
B4IXP2,B4IXP2_DROGR,1.0,,,,,,1,,,,
B4IYF0,B4IYF0_DROGR,1.0,,,,,,1,,,,
B0Y359,B0Y359_ASPFC,1.0,,,,,,,1,,,
B0XZ60,B0XZ60_ASPFC,1.0,,,,,,,1,,,
A7SGW1,A7SGW1_NEMVE,1.0,,,,,,1,,,,
A8MXF6,A8MXF6_HUMAN,1.0,,,,,,1,,,,
A8K005,A8K005_HUMAN,1.0,,,,,,,,1,,
A8K0B7,A8K0B7_HUMAN,1.0,,,,,,,,1,,
A8K5R1,A8K5R1_HUMAN,1.0,,,,,,,,1,,
A8K6I8,A8K6I8_HUMAN,1.0,,,,,,,,1,,
A8KAH9,A8KAH9_HUMAN,1.0,,,,,,,,1,,
A8MBC4,A8MBC4_CALMQ,1.0,,,,,,1,,,,
A8MSP2,A8MSP2_HUMAN,1.0,,,,,,,,1,,
A8MTC6,A8MTC6_HUMAN,1.0,,,,,,,,1,,
A8MUU7,A8MUU7_HUMAN,1.0,,,,,,,,1,,
A8MZI4,A8MZI4_HUMAN,1.0,,,,,,,,1,,
A8WRK5,A8WRK5_CAEBR,1.0,,,,,,1,,,,
A8VIF4,A8VIF4_CHICK,1.0,,,,,,1,,,,
A8VT03,A8VT03_CAERE,1.0,,,,,,1,,,,
A8WMU9,A8WMU9_CAEBR,1.0,,,,,,1,,,,
A8WN28,A8WN28_CAEBR,1.0,,,,,,1,,,,
A8WNE8,A8WNE8_CAEBR,1.0,,,,,,1,,,,
A8WNL4,A8WNL4_CAEBR,1.0,,,,,,1,,,,
A8WNZ8,A8WNZ8_CAEBR,1.0,,,,,,1,,,,
A8WPI1,A8WPI1_CAEBR,1.0,,,,,,1,,,,
A8WQV0,A8WQV0_CAEBR,1.0,,,,,,1,,,,
A8JHI5,A8JHI5_CHLRE,1.0,,,,,,1,,,,
A8JFY4,A8JFY4_CHLRE,1.0,,,,,,1,,,,
A8JDB1,A8JDB1_CHLRE,1.0,,,,,,1,,,,
A8JC30,A8JC30_CHLRE,1.0,,,,,,1,,,,
A8HZH5,A8HZH5_CHLRE,1.0,,,,,,1,,,,
A8I4Q7,A8I4Q7_CHLRE,1.0,,,,,,1,,,,
A8I7W6,A8I7W6_CHLRE,1.0,,,,,,1,,,,
A8II90,A8II90_TETTH,1.0,,,,,,1,,,,
A8IJN1,A8IJN1_CHLRE,1.0,,,,,,1,,,,
A8IK25,A8IK25_CHLRE,1.0,,,,,,1,,,,
A8ILA3,A8ILA3_CHLRE,1.0,,,,,,1,,,,
A8INQ0,ARL13_CHLRE,1.0,,,,,,1,,,,
A8IR89,A8IR89_CHLRE,1.0,,,,,,1,,,,
A8IRX5,A8IRX5_CHLRE,1.0,,,,,,1,,,,
A8ISN6,A8ISN6_CHLRE,1.0,,,,,,1,,,,
A8IVK0,A8IVK0_CHLRE,1.0,,,,,,1,,,,
A8IZH7,A8IZH7_CHLRE,1.0,,,,,,1,,,,
A8J0T6,A8J0T6_CHLRE,1.0,,,,,,1,,,,
A8J6A0,A8J6A0_CHLRE,1.0,,,,,,1,,,,
A8J6H1,A8J6H1_CHLRE,1.0,,,,,,1,,,,
A8J947,A8J947_CHLRE,1.0,,,,,,1,,,,
A8J9V0,A8J9V0_CHLRE,1.0,,,,,,1,,,,
A8JBR9,A8JBR9_CHLRE,1.0,,,,,,1,,,,
A8WR19,A8WR19_CAEBR,1.0,,,,,,1,,,,
A8WRV4,A8WRV4_CAEBR,1.0,,,,,,1,,,,
B0XW73,B0XW73_ASPFC,1.0,,,,,,,1,,,
A8Y0A3,A8Y0A3_CAEBR,1.0,,,,,,1,,,,
A8XQS8,A8XQS8_CAEBR,1.0,,,,,,1,,,,
A8XRF4,A8XRF4_CAEBR,1.0,,,,,,1,,,,
A8XSE9,A8XSE9_CAEBR,1.0,,,,,,1,,,,
A8XSI8,A8XSI8_CAEBR,1.0,,,,,,1,,,,
A8XSJ8,A8XSJ8_CAEBR,1.0,,,,,,1,,,,
A8XTK7,A8XTK7_CAEBR,1.0,,,,,,1,,,,
A8XXC6,A8XXC6_CAEBR,1.0,,,,,,1,,,,
A8XYS7,A8XYS7_CAEBR,1.0,,,,,,1,,,,
A8XZN8,A8XZN8_CAEBR,1.0,,,,,,1,,,,
A8Y1E7,A8Y1E7_CAEBR,1.0,,,,,,1,,,,
A8WRZ3,A8WRZ3_CAEBR,1.0,,,,,,1,,,,
A8Y3D3,A8Y3D3_CAEBR,1.0,,,,,,1,,,,
A8ZVI9,A8ZVI9_DESOH,1.0,,,,,,1,,,,
A9A533,A9A533_NITMS,1.0,,,,,,1,,,,
A9A921,A9A921_METM6,1.0,,,,,,1,,,,
A9AYJ7,A9AYJ7_HERA2,1.0,,,,,,1,,,,
A9AZA9,A9AZA9_HERA2,1.0,,,,,,1,,,,
A9BAU1,A9BAU1_PROM4,1.0,,,,,,1,,,,
A9BAW9,A9BAW9_PROM4,1.0,,,,,,1,,,,
A9BCD2,A9BCD2_PROM4,1.0,,,,,,1,,,,
A8XNF2,A8XNF2_CAEBR,1.0,,,,,,1,,,,
A8XLC1,A8XLC1_CAEBR,1.0,,,,,,1,,,,
A8XL88,A8XL88_CAEBR,1.0,,,,,,1,,,,
A8XJV0,A8XJV0_CAEBR,1.0,,,,,,1,,,,
A8WSN0,A8WSN0_CAEBR,1.0,,,,,,1,,,,
A8WTR5,A8WTR5_CAEBR,1.0,,,,,,1,,,,
A8WU73,A8WU73_CAEBR,1.0,,,,,,1,,,,
A8WVQ0,A8WVQ0_CAEBR,1.0,,,,,,1,,,,
A8WW14,A8WW14_CAEBR,1.0,,,,,,1,,,,
A8WWD2,A8WWD2_CAEBR,1.0,,,,,,1,,,,
A8WWE3,A8WWE3_CAEBR,1.0,,,,,,1,,,,
A8X128,A8X128_CAEBR,1.0,,,,,,1,,,,
A8X1B4,A8X1B4_CAEBR,1.0,,,,,,1,,,,
A8X382,A8X382_CAEBR,1.0,,,,,,1,,,,
A8X473,A8X473_CAEBR,1.0,,,,,,1,,,,
A8X8P4,A8X8P4_CAEBR,1.0,,,,,,1,,,,
A8X8P6,A8X8P6_CAEBR,1.0,,,,,,1,,,,
A8XA38,A8XA38_CAEBR,1.0,,,,,,1,,,,
A8XG73,A8XG73_CAEBR,1.0,,,,,,1,,,,
A8XGW3,A8XGW3_CAEBR,1.0,,,,,,1,,,,
A8XHA6,A8XHA6_CAEBR,1.0,,,,,,1,,,,
A8XIF5,A8XIF5_CAEBR,1.0,,,,,,1,,,,
A8XII0,A8XII0_CAEBR,1.0,,,,,,1,,,,
A8HX77,A8HX77_CHLRE,1.0,,,,,,1,,,,
A8HWK6,A8HWK6_CHLRE,1.0,,,,,,1,,,,
A8HN58,IFT27_CHLRE,1.0,,,,,,1,,,,
A7T5F8,A7T5F8_NEMVE,1.0,,,,,,1,,,,
A7SY85,A7SY85_NEMVE,1.0,,,,,,1,,,,
A7SY87,A7SY87_NEMVE,1.0,,,,,,1,,,,
A7SYP3,A7SYP3_NEMVE,1.0,,,,,,1,,,,
A7SZ76,A7SZ76_NEMVE,1.0,,,,,,1,,,,
A7T1G0,A7T1G0_NEMVE,1.0,,,,,,1,,,,
A7T2D5,A7T2D5_NEMVE,1.0,,,,,,1,,,,
A7T3D5,A7T3D5_NEMVE,1.0,,,,,,1,,,,
A7T3M6,A7T3M6_NEMVE,1.0,,,,,,1,,,,
A7T4B9,A7T4B9_NEMVE,1.0,,,,,,1,,,,
A7T6C8,A7T6C8_NEMVE,1.0,,,,,,1,,,,
A8HN42,A8HN42_CHLRE,1.0,,,,,,1,,,,
A7T782,A7T782_NEMVE,1.0,,,,,,1,,,,
A7T8D4,A7T8D4_NEMVE,1.0,,,,,,1,,,,
A7T927,A7T927_NEMVE,1.0,,,,,,1,,,,
A7T9N6,A7T9N6_NEMVE,1.0,,,,,,1,,,,
A7TA02,A7TA02_NEMVE,1.0,,,,,,1,,,,
A7TAW3,A7TAW3_NEMVE,1.0,,,,,,1,,,,
A7TB35,A7TB35_NEMVE,1.0,,,,,,1,,,,
A7TCC2,A7TCC2_NEMVE,1.0,,,,,,1,,,,
A7TE22,A7TE22_VANPO,1.0,,,,,,1,,,,
A7SWE1,A7SWE1_NEMVE,1.0,,,,,,1,,,,
A7SVV1,A7SVV1_NEMVE,1.0,,,,,,1,,,,
A7SVC4,A7SVC4_NEMVE,1.0,,,,,,1,,,,
A7STG0,A7STG0_NEMVE,1.0,,,,,,1,,,,
A7SGW2,A7SGW2_NEMVE,1.0,,,,,,1,,,,
A7SH53,A7SH53_NEMVE,1.0,,,,,,1,,,,
A7SHS5,A7SHS5_NEMVE,1.0,,,,,,1,,,,
A7SHU3,A7SHU3_NEMVE,1.0,,,,,,1,,,,
A7SI94,A7SI94_NEMVE,1.0,,,,,,1,,,,
A7SI95,A7SI95_NEMVE,1.0,,,,,,1,,,,
A7SI96,A7SI96_NEMVE,1.0,,,,,,1,,,,
A7SIR6,A7SIR6_NEMVE,1.0,,,,,,1,,,,
A7SIS3,A7SIS3_NEMVE,1.0,,,,,,1,,,,
A7SIW3,A7SIW3_NEMVE,1.0,,,,,,1,,,,
A7SMN7,A7SMN7_NEMVE,1.0,,,,,,1,,,,
A7SMT0,A7SMT0_NEMVE,1.0,,,,,,1,,,,
A7SMW8,A7SMW8_NEMVE,1.0,,,,,,1,,,,
A7SMW9,A7SMW9_NEMVE,1.0,,,,,,1,,,,
A7SNL1,A7SNL1_NEMVE,1.0,,,,,,1,,,,
A7SR08,A7SR08_NEMVE,1.0,,,,,,1,,,,
A7ST02,A7ST02_NEMVE,1.0,,,,,,1,,,,
A7ST94,A7ST94_NEMVE,1.0,,,,,,1,,,,
A7STE6,A7STE6_NEMVE,1.0,,,,,,1,,,,
A7TE70,A7TE70_VANPO,1.0,,,,,,1,,,,
A7TF27,A7TF27_VANPO,1.0,,,,,,1,,,,
A7TFP4,A7TFP4_VANPO,1.0,,,,,,1,,,,
A7TQW0,A7TQW0_VANPO,1.0,,,,,,1,,,,
A7TR74,A7TR74_VANPO,1.0,,,,,,1,,,,
A7TR76,A7TR76_VANPO,1.0,,,,,,1,,,,
A7TR89,A7TR89_VANPO,1.0,,,,,,1,,,,
A7TSF3,A7TSF3_VANPO,1.0,,,,,,1,,,,
A7TSL9,A7TSL9_VANPO,1.0,,,,,,1,,,,
A7UT37,A7UT37_ANOGA,1.0,,,,,,1,,,,
A7UT88,A7UT88_ANOGA,1.0,,,,,,1,,,,
A7Z031,A7Z031_BOVIN,1.0,,,,,,1,,,,
A8AAM6,A8AAM6_IGNH4,1.0,,,,,,1,,,,
A8ABT5,A8ABT5_IGNH4,1.0,,,,,,1,,,,
A8DVT4,A8DVT4_NEMVE,1.0,,,,,,1,,,,
A8DYK6,A8DYK6_DROME,1.0,,1,,,,,,,,
A8E566,A8E566_DANRE,1.0,,,,,,1,,,,
A8E5Q4,A8E5Q4_XENTR,1.0,,,,,,1,,,,
A8E6P5,A8E6P5_DROME,1.0,,,,,,1,,,,
A8E6Y4,A8E6Y4_DROME,1.0,,,,,,1,,,,
A8G3W6,A8G3W6_PROM2,1.0,,,,,,1,,,,
A8G4Q9,A8G4Q9_PROM2,1.0,,,,,,1,,,,
A8G6U4,A8G6U4_PROM2,1.0,,,,,,1,,,,
A7TR67,A7TR67_VANPO,1.0,,,,,,1,,,,
A7TQB4,A7TQB4_VANPO,1.0,,,,,,1,,,,
A7TH95,A7TH95_VANPO,1.0,,,,,,1,,,,
A7TQ91,A7TQ91_VANPO,1.0,,,,,,1,,,,
A7TH96,A7TH96_VANPO,1.0,,,,,,1,,,,
A7THE7,A7THE7_VANPO,1.0,,,,,,1,,,,
A7TJX0,A7TJX0_VANPO,1.0,,,,,,1,,,,
A7TK57,A7TK57_VANPO,1.0,,,,,,1,,,,
A7TL74,A7TL74_VANPO,1.0,,,,,,1,,,,
A7TL94,A7TL94_VANPO,1.0,,,,,,1,,,,
A7TLF6,A7TLF6_VANPO,1.0,,,,,,1,,,,
A7TLN7,A7TLN7_VANPO,1.0,,,,,,1,,,,
A7TM69,A7TM69_VANPO,1.0,,,,,,1,,,,
A7TMB9,A7TMB9_VANPO,1.0,,,,,,1,,,,
A7TMF1,A7TMF1_VANPO,1.0,,,,,,1,,,,
A7TMN3,A7TMN3_VANPO,1.0,,,,,,1,,,,
A7TN93,A7TN93_VANPO,1.0,,,,,,1,,,,
A7TNI2,A7TNI2_VANPO,1.0,,,,,,1,,,,
A7TNT9,A7TNT9_VANPO,1.0,,,,,,1,,,,
A7TPC4,A7TPC4_VANPO,1.0,,,,,,1,,,,
A7TPD5,A7TPD5_VANPO,1.0,,,,,,1,,,,
A7TPP7,A7TPP7_VANPO,1.0,,,,,,1,,,,
A7TPY1,A7TPY1_VANPO,1.0,,,,,,1,,,,
A9ESU1,A9ESU1_SORC5,1.0,,,,,,1,,,,
A9FCC8,A9FCC8_SORC5,1.0,,,,,,1,,,,
A9G230,A9G230_SORC5,1.0,,,,,,1,,,,
B0W1Z3,B0W1Z3_CULQU,1.0,,,,,,1,,,,
B0R168,B0R168_DANRE,1.0,,1,,,,,,,,
B0R1D8,B0R1D8_DANRE,1.0,,,,,,1,,,,
B0R1F6,B0R1F6_DANRE,1.0,,,,,,,,1,,
B0R7T4,B0R7T4_HALS3,1.0,,,,,,1,,,,
B0V0U3,B0V0U3_DANRE,1.0,,,,,,,,1,,
B0V1K9,B0V1K9_DANRE,1.0,,,,,,1,,,,
B0VZC7,B0VZC7_CULQU,1.0,,,,,,1,,,,
B0VZD4,B0VZD4_CULQU,1.0,,,,,,1,,,,
B0W0F0,B0W0F0_CULQU,1.0,,,,,,1,,,,
B0W2T2,B0W2T2_CULQU,1.0,,,,,,1,,,,
A9VBF4,A9VBF4_MONBE,1.0,,,,,,1,,,,
B0W3F9,B0W3F9_CULQU,1.0,,,,,,1,,,,
B0W3L4,B0W3L4_CULQU,1.0,,,,,,1,,,,
B0W512,B0W512_CULQU,1.0,,,,,,1,,,,
B0W660,B0W660_CULQU,1.0,,,,,,1,,,,
B0W8N3,B0W8N3_CULQU,1.0,,,,,,1,,,,
B0W9P4,B0W9P4_CULQU,1.0,,,,,,1,,,,
B0WAH8,B0WAH8_CULQU,1.0,,,,,,1,,,,
B0WAT5,B0WAT5_CULQU,1.0,,,,,,1,,,,
B0WBF2,B0WBF2_CULQU,1.0,,,,,,1,,,,
B0R088,B0R088_DANRE,1.0,,,,,,,,1,,
B0KWV0,B0KWV0_CALJA,1.0,,,,,,,,1,,
B0JZZ0,B0JZZ0_XENTR,1.0,,,,,,1,,,,
B0JZE7,B0JZE7_XENTR,1.0,,,,,,1,,,,
A9VEC1,A9VEC1_MONBE,1.0,,,,,,1,,,,
A9VEN8,A9VEN8_MONBE,1.0,,,,,,1,,,,
A9WEL0,A9WEL0_CHLAA,1.0,,,,,,1,,,,
A9WK14,A9WK14_CHLAA,1.0,,,,,,1,,,,
B0BMV5,B0BMV5_RAT,1.0,,,,,,,,1,,
B0BMW0,B0BMW0_RAT,1.0,,,,,,,,1,,
B0C1I4,B0C1I4_ACAM1,1.0,,,,,,1,,,,
B0C8L7,B0C8L7_ACAM1,1.0,,,,,,1,,,,
B0CCA1,B0CCA1_ACAM1,1.0,,,,,,1,,,,
B0CCG5,B0CCG5_ACAM1,1.0,,,,,,1,,,,
B0CDC0,B0CDC0_ACAM1,1.0,,,,,,1,,,,
B0CDC1,B0CDC1_ACAM1,1.0,,,,,,1,,,,
B0CDV1,B0CDV1_ACAM1,1.0,,,,,,1,,,,
B0JLB1,B0JLB1_MICAN,1.0,,,,,,1,,,,
B0JP55,B0JP55_MICAN,1.0,,,,,,1,,,,
B0JP69,B0JP69_MICAN,1.0,,,,,,1,,,,
B0JVM8,B0JVM8_MICAN,1.0,,,,,,1,,,,
B0JYN2,B0JYN2_BOVIN,1.0,,,,,,1,,,,
B0JYN9,B0JYN9_BOVIN,1.0,,,,,,,,1,,
B0WCS3,B0WCS3_CULQU,1.0,,,,,,1,,,,
B0WDP3,B0WDP3_CULQU,1.0,,,,,,1,,,,
B0WE15,B0WE15_CULQU,1.0,,,,,,1,,,,
B0X108,B0X108_CULQU,1.0,,,,,,1,,,,
B0X1P9,B0X1P9_CULQU,1.0,,,,,,1,,,,
B0X1Z9,B0X1Z9_CULQU,1.0,,,,,,1,,,,
B0X2S5,B0X2S5_CULQU,1.0,,,,,,1,,,,
B0X3Y7,B0X3Y7_CULQU,1.0,,,,,,1,,,,
B0X466,B0X466_CULQU,1.0,,,,,,1,,,,
B0X470,B0X470_CULQU,1.0,,,,,,1,,,,
B0X5L3,B0X5L3_CULQU,1.0,,,,,,1,,,,
B0X6H1,B0X6H1_CULQU,1.0,,,,,,1,,,,
B0X8S5,B0X8S5_CULQU,1.0,,,,,,1,,,,
B0XDP4,B0XDP4_CULQU,1.0,,,,,,1,,,,
B0XDQ3,B0XDQ3_CULQU,1.0,,,,,,1,,,,
B0XEW7,B0XEW7_CULQU,1.0,,,,,,1,,,,
B0XGC6,B0XGC6_CULQU,1.0,,,,,,1,,,,
B0XGX1,B0XGX1_CULQU,1.0,,,,,,1,,,,
B0XGY0,B0XGY0_CULQU,1.0,,,,,,,1,,,
B0XI18,B0XI18_CULQU,1.0,,,,,,1,,,,
B0XIX5,B0XIX5_CULQU,1.0,,,,,,1,,,,
B0XJN1,B0XJN1_CULQU,1.0,,,,,,1,,,,
B0XKW8,B0XKW8_CULQU,1.0,,,,,,1,,,,
B0X1K1,B0X1K1_CULQU,1.0,,,,,,1,,,,
B0X036,B0X036_CULQU,1.0,,,,,,1,,,,
B0WE16,B0WE16_CULQU,1.0,,,,,,1,,,,
B0WZR8,B0WZR8_CULQU,1.0,,,,,,1,,,,
B0WF31,B0WF31_CULQU,1.0,,,,,,1,,,,
B0WK55,B0WK55_CULQU,1.0,,,,,,1,,,,
B0WM22,B0WM22_CULQU,1.0,,,,,,1,,,,
B0WMA2,B0WMA2_CULQU,1.0,,,,,,1,,,,
B0WNQ3,B0WNQ3_CULQU,1.0,,,,,,1,,,,
B0WPG9,B0WPG9_CULQU,1.0,,,,,,1,,,,
B0WPJ4,B0WPJ4_CULQU,1.0,,,,,,1,,,,
B0WR39,B0WR39_CULQU,1.0,,,,,,1,,,,
B0WR65,B0WR65_CULQU,1.0,,,,,,,1,,,
B0WT54,B0WT54_CULQU,1.0,,,,,,1,,,,
B0WTB7,B0WTB7_CULQU,1.0,,,,,,1,,,,
B0WU39,B0WU39_CULQU,1.0,,,,,,1,,,,
B0WU66,B0WU66_CULQU,1.0,,,,,,1,,,,
B0WVM5,B0WVM5_CULQU,1.0,,,,,,1,,,,
B0WVV4,B0WVV4_CULQU,1.0,,,,,,1,,,,
B0WWL6,B0WWL6_CULQU,1.0,,,,,,1,,,,
B0WY19,B0WY19_CULQU,1.0,,,,,,1,,,,
B0WY87,B0WY87_CULQU,1.0,,,,,,1,,,,
B0WYG1,B0WYG1_CULQU,1.0,,,,,,1,,,,
A9VCM0,A9VCM0_MONBE,1.0,,,,,,1,,,,
A9VBF3,A9VBF3_MONBE,1.0,,,,,,1,,,,
A9G8D6,A9G8D6_SORC5,1.0,,,,,,1,,,,
A9PE06,A9PE06_POPTR,1.0,,,,,,1,,,,
A9P9U7,A9P9U7_POPTR,1.0,,,,,,1,,,,
A9P9Z6,A9P9Z6_POPTR,1.0,,,,,,1,,,,
A9PA03,A9PA03_POPTR,1.0,,,,,,1,,,,
A9PBJ4,A9PBJ4_POPTR,1.0,,,,,,1,,,,
A9PBY8,A9PBY8_POPTR,1.0,,,,,,1,,,,
A9PCE2,A9PCE2_POPTR,1.0,,,,,,1,,,,
A9PCI9,A9PCI9_POPTR,1.0,,,,,,1,,,,
A9PCP6,A9PCP6_POPTR,1.0,,,,,,1,,,,
A9PD96,A9PD96_POPTR,1.0,,,,,,1,,,,
A9PEC2,A9PEC2_POPTR,1.0,,,,,,1,,,,
A9VBA3,A9VBA3_MONBE,1.0,,,,,,1,,,,
A9PEY0,A9PEY0_POPTR,1.0,,,,,,1,,,,
A9PFI0,A9PFI0_POPTR,1.0,,,,,,1,,,,
A9PG01,A9PG01_POPTR,1.0,,,,,,1,,,,
A9PG62,A9PG62_POPTR,1.0,,,,,,1,,,,
A9PGF2,A9PGF2_POPTR,1.0,,,,,,1,,,,
A9PGF6,A9PGF6_POPTR,1.0,,,,,,1,,,,
A9UL72,A9UL72_XENTR,1.0,,,,,,,,1,,
A9ULS4,A9ULS4_DANRE,1.0,,,,,,,,1,,
A9UPR8,A9UPR8_MONBE,1.0,,,,,,1,,,,
A9P9U3,A9P9U3_POPTR,1.0,,,,,,1,,,,
A9P9M0,A9P9M0_POPTR,1.0,,,,,,1,,,,
A9P9J4,A9P9J4_POPTR,1.0,,,,,,1,,,,
A9P9D8,A9P9D8_POPTR,1.0,,,,,,1,,,,
A9GR56,A9GR56_SORC5,1.0,,,,,,1,,,,
A9JT20,A9JT20_DANRE,1.0,,,,,,1,,,,
A9JTR3,A9JTR3_XENTR,1.0,,,,,,,,1,,
A9L8V2,A9L8V2_PAPAN,1.0,,,,,,,,1,,
A9LM09,A9LM09_CAPHI,1.0,,,,,,,,1,,
A9LM10,A9LM10_CAPHI,1.0,,,,,,,,1,,
A9LM13,A9LM13_CAPHI,1.0,,,,,,,,1,,
A9LM14,A9LM14_CAPHI,1.0,,,,,,,,1,,
A9LM15,A9LM15_ANAPL,1.0,,,,,,,,1,,
A9LM16,A9LM16_ANAPL,1.0,,,,,,,,1,,
A9P811,A9P811_POPTR,1.0,,,,,,1,,,,
A9P869,A9P869_POPTR,1.0,,,,,,1,,,,
A9P8D9,A9P8D9_POPTR,1.0,,,,,,1,,,,
A9P8E1,A9P8E1_POPTR,1.0,,,,,,1,,,,
A9P8Q6,A9P8Q6_POPTR,1.0,,,,,,1,,,,
A9P8W4,A9P8W4_POPTR,1.0,,,,,,1,,,,
A9P8X5,A9P8X5_POPTR,1.0,,,,,,1,,,,
A9P8Z0,A9P8Z0_POPTR,1.0,,,,,,1,,,,
A9P9C3,A9P9C3_POPTR,1.0,,,,,,1,,,,
A9UQ51,A9UQ51_MONBE,1.0,,,,,,1,,,,
A9UQL4,A9UQL4_MONBE,1.0,,,,,,1,,,,
A9UQV9,A9UQV9_MONBE,1.0,,,,,,1,,,,
A9V103,A9V103_MONBE,1.0,,,,,,1,,,,
A9V1K5,A9V1K5_MONBE,1.0,,,,,,1,,,,
A9V231,A9V231_MONBE,1.0,,,,,,1,,,,
A9V2M1,A9V2M1_MONBE,1.0,,,,,,1,,,,
A9V308,A9V308_MONBE,1.0,,,,,,1,,,,
A9V4F6,A9V4F6_MONBE,1.0,,,,,,1,,,,
A9V541,A9V541_MONBE,1.0,,,,,,1,,,,
A9V542,A9V542_MONBE,1.0,,,,,,1,,,,
A9V585,A9V585_MONBE,1.0,,,,,,1,,,,
A9V5R0,A9V5R0_MONBE,1.0,,,,,,1,,,,
A9V5U5,A9V5U5_MONBE,1.0,,,,,,1,,,,
A9V6L6,A9V6L6_MONBE,1.0,,,,,,1,,,,
A9V6Z7,A9V6Z7_MONBE,1.0,,,,,,1,,,,
A9V847,A9V847_MONBE,1.0,,,,,,1,,,,
A9V8B6,A9V8B6_MONBE,1.0,,,,,,1,,,,
A9V9R9,A9V9R9_MONBE,1.0,,,,,,1,,,,
A9VA76,A9VA76_MONBE,1.0,,,,,,1,,,,
A9VAA2,A9VAA2_MONBE,1.0,,,,,,1,,,,
A9VB09,A9VB09_MONBE,1.0,,,,,,1,,,,
A9VB47,A9VB47_MONBE,1.0,,,,,,1,,,,
A9V175,A9V175_MONBE,1.0,,,,,,1,,,,
A9V0Q3,A9V0Q3_MONBE,1.0,,,,,,1,,,,
A9URF3,A9URF3_MONBE,1.0,,,,,,1,,,,
A9UZZ5,A9UZZ5_MONBE,1.0,,,,,,1,,,,
A9URF9,A9URF9_MONBE,1.0,,,,,,1,,,,
A9URW3,A9URW3_MONBE,1.0,,,,,,1,,,,
A9USK9,A9USK9_MONBE,1.0,,,,,,1,,,,
A9USW6,A9USW6_MONBE,1.0,,,,,,1,,,,
A9USX8,A9USX8_MONBE,1.0,,,,,,1,,,,
A9UTW3,A9UTW3_MONBE,1.0,,,,,,1,,,,
A9UUH2,A9UUH2_MONBE,1.0,,,,,,1,,,,
A9UUH9,A9UUH9_MONBE,1.0,,,,,,1,,,,
A9UUX0,A9UUX0_MONBE,1.0,,,,,,1,,,,
A9UVE7,A9UVE7_MONBE,1.0,,,,,,1,,,,
A9UVP4,A9UVP4_MONBE,1.0,,,,,,1,,,,
A9UWI5,A9UWI5_MONBE,1.0,,,,,,1,,,,
A9UWI6,A9UWI6_MONBE,1.0,,,,,,1,,,,
A9UWW2,A9UWW2_MONBE,1.0,,,,,,1,,,,
A9UXP7,A9UXP7_MONBE,1.0,,,,,,1,,,,
A9UXY7,A9UXY7_MONBE,1.0,,,,,,1,,,,
A9UYM5,A9UYM5_MONBE,1.0,,,,,,1,,,,
A9UYR4,A9UYR4_MONBE,1.0,,,,,,1,,,,
A9UZG5,A9UZG5_MONBE,1.0,,,,,,1,,,,
C5PEN4,C5PEN4_COCP7,1.0,,,,,,1,,,,
X5D945,X5D945_HUMAN,1.0,,1,,,,,,,,
C5PG40,C5PG40_COCP7,1.0,,,,,,1,,,,
Q5ZMA0,Q5ZMA0_CHICK,1.0,,,,,,1,,,,
Q5ZK30,Q5ZK30_CHICK,1.0,,,,,,,,1,,
Q5ZKE1,Q5ZKE1_CHICK,1.0,,,,,,1,,,,
Q5ZKG0,Q5ZKG0_CHICK,1.0,,,,,,1,,,,
Q5ZKQ8,ARL8A_CHICK,1.0,,,,,,1,,,,
Q5ZLQ9,Q5ZLQ9_CHICK,1.0,,,,,,1,,,,
Q5ZM73,MIRO1_CHICK,1.0,,,,,,1,,,,
Q5ZM83,MIRO2_CHICK,1.0,,,,,,1,,,,
Q60Z38,ARL6_CAEBR,1.0,,,,,,1,,,,
Q5Z9Q7,Q5Z9Q7_ORYSJ,1.0,,,,,,1,,,,
Q61820,RANT_MOUSE,1.0,,,,,,1,,,,
Q61865,MIA_MOUSE,1.0,,,,,,1,,,,
Q619T5,RASEF_CAEBR,1.0,,,,,,1,,,,
Q61LA8,ARF12_CAEBR,1.0,,,,,,1,,,,
Q623S8,MIRO_CAEBR,1.0,,,,,,1,,,,
Q62639,RHEB_RAT,1.0,,,,,,,,1,,
Q627K4,ARL2_CAEBR,1.0,,,,,,1,,,,
Q5ZHW4,RAB5B_CHICK,1.0,,,,,,,,1,,
Q5XWT7,Q5XWT7_XENTR,1.0,,,,,,,,1,,
Q63481,RAB7L_RAT,1.0,,,,,,,,1,,
Q5U602,Q5U602_HUMAN,1.0,,,,,,,,1,,
Q5U1Y1,RAB34_RAT,1.0,,,,,,1,,,,
Q5U264,Q5U264_XENLA,1.0,,,,,,,,1,,
Q5U3T8,Q5U3T8_DANRE,1.0,,,,,,,,1,,
Q5U3W4,Q5U3W4_DANRE,1.0,,,,,,,,1,,
Q5U507,Q5U507_XENLA,1.0,,,,,,,,1,,
Q5U518,Q5U518_XENLA,1.0,,,,,,,,1,,
Q5U5E1,Q5U5E1_XENLA,1.0,,,,,,,,1,,
Q5U628,Q5U628_MOUSE,1.0,,,,,,,,1,,
Q5XJS4,Q5XJS4_DANRE,1.0,,,,,,1,,,,
Q5UZ25,Q5UZ25_HALMA,1.0,,,,,,1,,,,
Q5W0J0,Q5W0J0_HUMAN,1.0,,,,,,,,1,,
Q5WMU2,Q5WMU2_ORYSJ,1.0,,,,,,1,,,,
Q5XH62,Q5XH62_XENLA,1.0,,,,,,,,1,,
Q5XHF6,Q5XHF6_XENLA,1.0,,,,,,,,1,,
Q5XIQ1,Q5XIQ1_RAT,1.0,,,,,,1,,,,
Q5XJ51,Q5XJ51_DANRE,1.0,,,,,,1,,,,
Q63055,ARFRP_RAT,1.0,,,,,,1,,,,
Q64008,RAB34_MOUSE,1.0,,,,,,1,,,,
Q6BVA7,SAR1_DEBHA,1.0,,,,,,1,,,,
Q6AVP1,Q6AVP1_ORYSJ,1.0,,,,,,1,,,,
Q68Y52,RAC2_ORYSJ,1.0,,,,,,1,,,,
Q695U9,Q695U9_FELCA,1.0,,,,,,,,1,,
Q69ST5,Q69ST5_ORYSJ,1.0,,,,,,1,,,,
Q69XM7,RAN3_ORYSJ,1.0,,,,,,1,,,,
Q6A0C7,Q6A0C7_MOUSE,1.0,,,,,,,,1,,
Q6ATR6,Q6ATR6_ORYSJ,1.0,,,,,,1,,,,
Q6AUF8,Q6AUF8_ORYSJ,1.0,,,,,,1,,,,
Q6AXT3,AR13A_RAT,1.0,,,,,,1,,,,
Q68EL1,Q68EL1_DANRE,1.0,,,,,,,,1,,
Q6AY18,Q6AY18_RAT,1.0,,,,,,1,,,,
Q6AZ91,Q6AZ91_HUMAN,1.0,,,,,,,,1,,
Q6AZE5,Q6AZE5_XENLA,1.0,,,,,,,,1,,
Q6AZF6,Q6AZF6_XENLA,1.0,,,,,,,,1,,
Q6AZU5,Q6AZU5_XENLA,1.0,,,,,,,,1,,
Q6BI59,GPN3_DEBHA,1.0,,,,,,1,,,,
Q6BM00,Q6BM00_DEBHA,1.0,,,,,,,1,,,
Q68EQ2,Q68EQ2_XENTR,1.0,,,,,,1,,,,
Q67VP4,RAC4_ORYSJ,1.0,,,,,,1,,,,
Q640G6,Q640G6_XENLA,1.0,,,,,,,,1,,
Q66HQ8,Q66HQ8_RAT,1.0,,,,,,,,1,,
Q640I3,Q640I3_XENLA,1.0,,,,,,,,1,,
Q640N2,AR13B_MOUSE,1.0,,,,,,1,,,,
Q641B7,Q641B7_XENLA,1.0,,,,,,,,1,,
Q641B8,Q641B8_XENLA,1.0,,,,,,,,1,,
Q641H6,Q641H6_XENLA,1.0,,,,,,,,1,,
Q642Q5,Q642Q5_XENLA,1.0,,,,,,,,1,,
Q66HA6,ARL8B_RAT,1.0,,,,,,1,,,,
Q66IP2,Q66IP2_XENLA,1.0,,,,,,,,1,,
Q67BJ9,Q67BJ9_9TRYP,1.0,,,,,,1,,,,
Q66JB2,Q66JB2_XENLA,1.0,,,,,,,,1,,
Q66JI0,Q66JI0_XENTR,1.0,,,,,,,,1,,
Q66KS9,Q66KS9_XENLA,1.0,,,,,,,,1,,
Q66KV7,Q66KV7_XENLA,1.0,,,,,,,,1,,
Q66KZ7,Q66KZ7_XENLA,1.0,,,,,,,,1,,
Q66L04,Q66L04_XENLA,1.0,,,,,,,,1,,
Q674R1,Q674R1_PIG,1.0,,,,,,1,,,,
Q5U0I6,Q5U0I6_HUMAN,1.0,,,,,,,,1,,
Q5U0C3,Q5U0C3_HUMAN,1.0,,,,,,,,1,,
Q5TX48,Q5TX48_ANOGA,1.0,,,,,,1,,,,
Q5KTJ6,RAB13_MESAU,1.0,,,,,,,,1,,
Q5JQ44,Q5JQ44_HUMAN,1.0,,,,,,,,1,,
Q5JR05,Q5JR05_HUMAN,1.0,,,,,,,,1,,
Q5JR07,Q5JR07_HUMAN,1.0,,,,,,,,1,,
Q5JR08,Q5JR08_HUMAN,1.0,,,,,,,,1,,
Q5JYX0,Q5JYX0_HUMAN,1.0,,,,,,,,1,,
Q5KKU3,Q5KKU3_CRYNJ,1.0,,,,,,,1,,,
Q5KLY1,Q5KLY1_CRYNJ,1.0,,,,,,,1,,,
Q5KTJ7,RAB3B_MESAU,1.0,,,,,,,,1,,
Q5JEB9,Q5JEB9_THEKO,1.0,,,,,,1,,,,
Q5M929,RN135_RAT,1.0,,,,,,1,,,,
Q5M970,Q5M970_RAT,1.0,,,,,,,,1,,
Q5M991,Q5M991_XENLA,1.0,,,,,,,,1,,
Q5M9P8,ARL6_DANRE,1.0,,,,,,1,,,,
Q5MZE8,Q5MZE8_SYNP6,1.0,,,,,,1,,,,
Q5N283,Q5N283_SYNP6,1.0,,,,,,1,,,,
Q5N4M8,Q5N4M8_SYNP6,1.0,,,,,,1,,,,
Q5JIA1,Q5JIA1_THEKO,1.0,,,,,,1,,,,
Q5ISM5,Q5ISM5_MACFA,1.0,,,,,,,,1,,
Q5TQA5,Q5TQA5_ANOGA,1.0,,,,,,1,,,,
Q5FVZ9,Q5FVZ9_XENTR,1.0,,,,,,,,1,,
Q5EA19,ARL15_BOVIN,1.0,,,,,,1,,,,
Q5EAS5,Q5EAS5_DANRE,1.0,,,,,,1,,,,
Q5EBE3,Q5EBE3_XENTR,1.0,,,,,,1,,,,
Q5EFX7,RASK_KRYMA,1.0,,,,,,,,1,,
Q5EMX4,Q5EMX4_MAGGR,1.0,,,,,,1,,,,
Q5F2Q2,Q5F2Q2_PLAFA,1.0,,,,,,1,,,,
Q5F3R4,Q5F3R4_CHICK,1.0,,,,,,1,,,,
Q5FW76,Q5FW76_MOUSE,1.0,,,,,,,,1,,
Q5IFE6,Q5IFE6_DROME,1.0,,,,,,1,,,,
Q5G7L4,Q5G7L4_MACFA,1.0,,,,,,,,1,,
Q5H913,AR13A_HUMAN,1.0,,,,,,1,,,,
Q5HYI5,Q5HYI5_HUMAN,1.0,,,,,,,,1,,
Q5HZY2,SAR1B_RAT,1.0,,,,,,1,,,,
Q5I1B8,Q5I1B8_GECJA,1.0,,,,,,,,1,,
Q5I1C7,Q5I1C7_GECJA,1.0,,,,,,,,1,,
Q5IFC9,Q5IFC9_DROME,1.0,,,,,,1,,,,
Q5N7Z9,Q5N7Z9_ORYSJ,1.0,,,,,,1,,,,
Q5PQ55,Q5PQ55_XENLA,1.0,,,,,,,,1,,
Q5PR92,Q5PR92_DANRE,1.0,,,,,,1,,,,
Q5REY6,RHOA_PONAB,1.0,,,,,,,,1,,
Q5RBG1,RAB5B_PONAB,1.0,,,,,,,,1,,
Q5RCK9,RHOC_PONAB,1.0,,,,,,,,1,,
Q5RD87,RASN_PONAB,1.0,,,,,,,,1,,
Q5RDM6,RAP1B_PONAB,1.0,,,,,,,,1,,
Q5RE13,RAB1B_PONAB,1.0,,,,,,,,1,,
Q5REC9,RAB8B_PONAB,1.0,,,,,,,,1,,
Q5REM9,Q5REM9_PONAB,1.0,,,,,,,,1,,
Q5RI75,RASEF_MOUSE,1.0,,,,,,1,,,,
Q5PRC5,Q5PRC5_DANRE,1.0,,,,,,,,1,,
Q5RKJ9,Q5RKJ9_RAT,1.0,,,,,,,,1,,
Q5SJ82,Q5SJ82_THET8,1.0,,,,,,1,,,,
Q5SQE3,Q5SQE3_DANRE,1.0,,,,,,,,1,,
Q5SQE4,Q5SQE4_DANRE,1.0,,,,,,,,1,,
Q5SW87,Q5SW87_MOUSE,1.0,,,,,,,,1,,
Q5SW88,Q5SW88_MOUSE,1.0,,,,,,,,1,,
Q5SWR8,Q5SWR8_MOUSE,1.0,,,,,,,,1,,
Q5RAV6,RAB6A_PONAB,1.0,,,,,,,,1,,
Q5R9Y4,RAB7A_PONAB,1.0,,,,,,,,1,,
Q5R9M7,RB11A_PONAB,1.0,,,,,,,,1,,
Q5R9F4,RND3_PONAB,1.0,,,,,,,,1,,
Q5PYH3,SAR1B_PIG,1.0,,,,,,1,,,,
Q5Q1M1,Q5Q1M1_LITCT,1.0,,,,,,,,1,,
Q5R417,Q5R417_PONAB,1.0,,,,,,,,1,,
Q5R4A3,RAB8A_PONAB,1.0,,,,,,,,1,,
Q5R4B8,RALB_PONAB,1.0,,,,,,,,1,,
Q5R4W9,RAB9B_PONAB,1.0,,,,,,,,1,,
Q5R5H5,RAB18_PONAB,1.0,,,,,,,,1,,
Q5R5U1,RAB10_PONAB,1.0,,,,,,,,1,,
Q5R615,RB33B_PONAB,1.0,,,,,,,,1,,
Q5R6B6,RAB2A_PONAB,1.0,,,,,,,,1,,
Q5R6S2,DIRA2_PONAB,1.0,,,,,,,,1,,
Q5R7A4,RAB7L_PONAB,1.0,,,,,,,,1,,
Q5R7L7,RAB5C_PONAB,1.0,,,,,,,,1,,
Q5R8Z8,RAB14_PONAB,1.0,,,,,,,,1,,
Q5R988,RAP2A_PONAB,1.0,,,,,,,,1,,
Q6BTR3,Q6BTR3_DEBHA,1.0,,,,,,,1,,,
Q6BYE8,Q6BYE8_DEBHA,1.0,,,,,,,1,,,
Q5DR85,Q5DR85_ASPNG,1.0,,,,,,1,,,,
Q6NTJ2,Q6NTJ2_XENLA,1.0,,,,,,,,1,,
Q6MW58,Q6MW58_NEUCS,1.0,,,,,,1,,,,
Q6NN22,Q6NN22_DROME,1.0,,1,,,,,,,,
Q6NR39,Q6NR39_DROME,1.0,,,,,,1,,,,
Q6NRF5,Q6NRF5_XENLA,1.0,,,,,,,,1,,
Q6NRU1,Q6NRU1_XENLA,1.0,,,,,,,,1,,
Q6NS13,Q6NS13_XENLA,1.0,,,,,,,,1,,
Q6NT85,Q6NT85_XENTR,1.0,,,,,,1,,,,
Q6NTN8,Q6NTN8_XENLA,1.0,,,,,,,,1,,
Q6LC82,Q6LC82_CHICK,1.0,,,,,,,,1,,
Q6NU20,Q6NU20_XENLA,1.0,,,,,,,,1,,
Q6NU64,Q6NU64_XENLA,1.0,,,,,,,,1,,
Q6NUE3,Q6NUE3_XENLA,1.0,,,,,,,,1,,
Q6NUH1,Q6NUH1_XENLA,1.0,,,,,,,,1,,
Q6NUX8,Q6NUX8_DANRE,1.0,,,,,,,,1,,
Q6NVC5,MIRO1_DANRE,1.0,,,,,,1,,,,
Q6NYD6,Q6NYD6_DANRE,1.0,,,,,,,,1,,
Q6LWR5,Q6LWR5_METMP,1.0,,,,,,1,,,,
Q6L502,Q6L502_ORYSJ,1.0,,,,,,1,,,,
Q6NZ61,Q6NZ61_HUMAN,1.0,,,,,,,,1,,
Q6INW4,Q6INW4_XENLA,1.0,,,,,,,,1,,
Q6IMK9,Q6IMK9_ORYLA,1.0,,,,,,1,,,,
Q6IML4,Q6IML4_THAPS,1.0,,,,,,1,,,,
Q6IML6,Q6IML6_9TRYP,1.0,,,,,,1,,,,
Q6IML7,DJC27_RAT,1.0,,,,,,1,,,,
Q6IMM1,DJC27_CHICK,1.0,,,,,,1,,,,
Q6IMM2,Q6IMM2_CIOIN,1.0,,,,,,1,,,,
Q6INC3,Q6INC3_XENLA,1.0,,,,,,,,1,,
Q6IP71,RALBB_XENLA,1.0,,,,,,,,1,,
Q6L1P8,Q6L1P8_PICTO,1.0,,,,,,1,,,,
Q6IQE6,Q6IQE6_DANRE,1.0,,,,,,,,1,,
Q6IQN5,Q6IQN5_DANRE,1.0,,,,,,,,1,,
Q6J1M0,Q6J1M0_XENLA,1.0,,,,,,,,1,,
Q6J1M1,Q6J1M1_XENLA,1.0,,,,,,,,1,,
Q6JDH7,Q6JDH7_CANFA,1.0,,,,,,1,,,,
Q6K2P6,Q6K2P6_ORYSJ,1.0,,,,,,1,,,,
Q6L1E7,Q6L1E7_PICTO,1.0,,,,,,1,,,,
Q6NYD8,Q6NYD8_DANRE,1.0,,,,,,1,,,,
Q6NZW8,AR8BA_DANRE,1.0,,,,,,1,,,,
Q6C0N5,Q6C0N5_YARLI,1.0,,,,,,,1,,,
Q6PGA2,Q6PGA2_MOUSE,1.0,,1,,,,,,,,
Q6PC43,Q6PC43_DANRE,1.0,,,,,,1,,,,
Q6PC71,Q6PC71_DANRE,1.0,,,,,,,,1,,
Q6PCF5,Q6PCF5_XENLA,1.0,,,,,,,,1,,
Q6PCJ6,Q6PCJ6_XENLA,1.0,,,,,,,,1,,
Q6PDZ3,Q6PDZ3_MOUSE,1.0,,,,,,,,1,,
Q6PEH6,Q6PEH6_DANRE,1.0,,,,,,,,1,,
Q6PF31,Q6PF31_XENLA,1.0,,,,,,,,1,,
Q6PIK3,Q6PIK3_HUMAN,1.0,,,,,,,,1,,
Q6PBX2,Q6PBX2_DANRE,1.0,,,,,,1,,,,
Q6PRV0,Q6PRV0_COTJA,1.0,,,,,,,,1,,
Q6PUR6,GPN2_DANRE,1.0,,,,,,1,,,,
Q6PV57,Q6PV57_ORYSJ,1.0,,,,,,1,,,,
Q6QAR0,Q6QAR0_PIG,1.0,,,,,,1,,,,
Q6R518,GPN3_RAT,1.0,,,,,,1,,,,
Q6T311,ARL9_HUMAN,1.0,,,,,,1,,,,
Q6TEM4,Q6TEM4_DANRE,1.0,,,,,,,,1,,
Q6PC18,Q6PC18_DANRE,1.0,,,,,,,,1,,
Q6PBH9,Q6PBH9_DANRE,1.0,,,,,,1,,,,
Q6P068,ARL5C_MOUSE,1.0,,,,,,1,,,,
Q6P5M5,Q6P5M5_DANRE,1.0,,,,,,1,,,,
Q6P3A9,ARL11_MOUSE,1.0,,,,,,1,,,,
Q6P3I7,Q6P3I7_DANRE,1.0,,,,,,1,,,,
Q6P412,Q6P412_XENLA,1.0,,,,,,,,1,,
Q6P4K4,Q6P4K4_XENTR,1.0,,,,,,1,,,,
Q6P4X3,Q6P4X3_XENTR,1.0,,,,,,1,,,,
Q6P5K1,Q6P5K1_DANRE,1.0,,,,,,1,,,,
Q6P5L0,Q6P5L0_DANRE,1.0,,,,,,1,,,,
Q6P5M7,Q6P5M7_DANRE,1.0,,,,,,1,,,,
Q6PAW9,Q6PAW9_XENLA,1.0,,,,,,,,1,,
Q6P6E8,Q6P6E8_DANRE,1.0,,,,,,1,,,,
Q6P7M6,Q6P7M6_XENTR,1.0,,,,,,1,,,,
Q6P866,Q6P866_XENTR,1.0,,,,,,1,,,,
Q6P8C8,ARL8A_XENTR,1.0,,,,,,1,,,,
Q6P9W6,Q6P9W6_RAT,1.0,,,,,,,,1,,
Q6PA09,Q6PA09_XENLA,1.0,,,,,,,,1,,
Q6PA99,Q6PA99_XENLA,1.0,,,,,,,,1,,
Q6IMK3,DJC27_DANRE,1.0,,,,,,1,,,,
Q6IME7,Q6IME7_PHYSO,1.0,,,,,,1,,,,
Q6IMB2,Q6IMB2_MOUSE,1.0,,,,,,1,,,,
Q6DGL2,KBRS2_DANRE,1.0,,,,,,1,,,,
Q6DE89,Q6DE89_XENLA,1.0,,,,,,,,1,,
Q6DEJ0,Q6DEJ0_DANRE,1.0,,,,,,,,1,,
Q6DEQ8,Q6DEQ8_XENTR,1.0,,,,,,1,,,,
Q6DFR9,Q6DFR9_XENTR,1.0,,,,,,1,,,,
Q6DGB7,Q6DGB7_DANRE,1.0,,,,,,,,1,,
Q6DGH8,Q6DGH8_DANRE,1.0,,,,,,,,1,,
Q6DGK1,Q6DGK1_DANRE,1.0,,,,,,1,,,,
Q6DGU2,Q6DGU2_DANRE,1.0,,,,,,,,1,,
Q6DCZ2,Q6DCZ2_XENLA,1.0,,,,,,,,1,,
Q6DHE8,Q6DHE8_DANRE,1.0,,,,,,,,1,,
Q6DHG5,Q6DHG5_DANRE,1.0,,,,,,,,1,,
Q6DHM9,Q6DHM9_DANRE,1.0,,,,,,,,1,,
Q6DHP0,Q6DHP0_DANRE,1.0,,,,,,1,,,,
Q6DHP3,Q6DHP3_DANRE,1.0,,,,,,1,,,,
Q6DI21,Q6DI21_DANRE,1.0,,,,,,1,,,,
Q6DIH7,Q6DIH7_XENTR,1.0,,,,,,1,,,,
Q6DDL9,Q6DDL9_XENLA,1.0,,,,,,,,1,,
Q6DCV5,Q6DCV5_XENLA,1.0,,,,,,,,1,,
Q6IMA9,Q6IMA9_RAT,1.0,,,,,,1,,,,
Q6CTE2,Q6CTE2_KLULA,1.0,,,,,,,1,,,
Q6C2J1,GEM1_YARLI,1.0,,,,,,1,,,,
Q6C400,Q6C400_YARLI,1.0,,,,,,,1,,,
Q6C6K7,Q6C6K7_YARLI,1.0,,,,,,,1,,,
Q6CB54,SAR1_YARLI,1.0,,,,,,1,,,,
Q6CBB5,GPN3_YARLI,1.0,,,,,,1,,,,
Q6CEB4,Q6CEB4_YARLI,1.0,,,,,,,1,,,
Q6CQA6,GPN3_KLULA,1.0,,,,,,1,,,,
Q6CTK3,Q6CTK3_KLULA,1.0,,,,,,,1,,,
Q6DCV3,Q6DCV3_XENLA,1.0,,,,,,,,1,,
Q6CWR7,SAR1_KLULA,1.0,,,,,,1,,,,
Q6CX47,Q6CX47_KLULA,1.0,,,,,,,1,,,
Q6CY37,GEM1_KLULA,1.0,,,,,,1,,,,
Q6DC20,Q6DC20_DANRE,1.0,,,,,,1,,,,
Q6DC83,Q6DC83_DANRE,1.0,,,,,,1,,,,
Q6DCB8,Q6DCB8_XENLA,1.0,,,,,,,,1,,
Q6DCI9,Q6DCI9_XENLA,1.0,,,,,,,,1,,
Q6DIM7,Q6DIM7_XENTR,1.0,,,,,,1,,,,
Q6DIS1,MIRO2_XENTR,1.0,,,,,,1,,,,
Q6DIV3,Q6DIV3_XENTR,1.0,,,,,,1,,,,
Q6GPE6,Q6GPE6_XENLA,1.0,,,,,,,,1,,
Q6GM57,Q6GM57_XENLA,1.0,,,,,,,,1,,
Q6GM99,Q6GM99_XENLA,1.0,,,,,,,,1,,
Q6GN06,Q6GN06_XENLA,1.0,,,,,,,,1,,
Q6GNR1,Q6GNR1_XENLA,1.0,,,,,,,,1,,
Q6GP35,Q6GP35_XENLA,1.0,,,,,,,,1,,
Q6GP43,Q6GP43_XENLA,1.0,,,,,,,,1,,
Q6GP64,Q6GP64_XENLA,1.0,,,,,,,,1,,
Q6GQ86,Q6GQ86_XENLA,1.0,,,,,,,,1,,
Q6DJB4,Q6DJB4_XENTR,1.0,,,,,,,,1,,
Q6GQ88,Q6GQ88_XENLA,1.0,,,,,,,,1,,
Q6GR63,Q6GR63_XENLA,1.0,,,,,,,,1,,
Q6H8G2,Q6H8G2_ORYSJ,1.0,,,,,,1,,,,
Q6IAS8,Q6IAS8_HUMAN,1.0,,,,,,,,1,,
Q6ICP4,Q6ICP4_HUMAN,1.0,,,,,,,,1,,
Q6ICQ8,Q6ICQ8_HUMAN,1.0,,,,,,,,1,,
Q6IMA8,Q6IMA8_RAT,1.0,,,,,,1,,,,
Q6GM52,Q6GM52_XENLA,1.0,,,,,,,,1,,
Q6GM47,Q6GM47_XENLA,1.0,,,,,,,,1,,
Q6GM41,Q6GM41_XENLA,1.0,,,,,,,,1,,
Q6GLV5,Q6GLV5_XENLA,1.0,,,,,,,,1,,
Q6DJF1,Q6DJF1_XENLA,1.0,,,,,,,,1,,
Q6E7C1,Q6E7C1_OIKDI,1.0,,,,,,,,1,,
Q6EP31,RAC5_ORYSJ,1.0,,,,,,1,,,,
Q6FGN7,Q6FGN7_HUMAN,1.0,,,,,,,,1,,
Q6FGR9,Q6FGR9_HUMAN,1.0,,,,,,,,1,,
Q6FGU7,Q6FGU7_HUMAN,1.0,,,,,,,,1,,
Q6FGX3,Q6FGX3_HUMAN,1.0,,,,,,,,1,,
Q6FI54,Q6FI54_HUMAN,1.0,,,,,,,,1,,
Q6FIG4,Q6FIG4_HUMAN,1.0,,,,,,,,1,,
Q6FIH2,Q6FIH2_HUMAN,1.0,,,,,,,,1,,
Q6FVC0,Q6FVC0_CANGA,1.0,,,,,,,1,,,
Q6FXM8,Q6FXM8_CANGA,1.0,,,,,,,1,,,
Q6GL85,RAN_XENTR,1.0,,,,,,1,,,,
Q6GLK0,Q6GLK0_XENLA,1.0,,,,,,,,1,,
Q6GLR5,Q6GLR5_XENLA,1.0,,,,,,,,1,,
Q5E9M9,MIRO2_BOVIN,1.0,,,,,,1,,,,
Q5DR84,Q5DR84_ASPNG,1.0,,,,,,1,,,,
Q6TH34,Q6TH34_DANRE,1.0,,,,,,,,1,,
Q544U7,Q544U7_MOUSE,1.0,,,,,,,,1,,
Q53RZ3,Q53RZ3_HUMAN,1.0,,,,,,,,1,,
Q53S08,Q53S08_HUMAN,1.0,,,,,,,,1,,
Q53T70,Q53T70_HUMAN,1.0,,,,,,,,1,,
Q540E6,Q540E6_MOUSE,1.0,,,,,,,,1,,
Q542T7,Q542T7_MOUSE,1.0,,,,,,,,1,,
Q543Q4,Q543Q4_MOUSE,1.0,,,,,,,,1,,
Q544E8,Q544E8_MOUSE,1.0,,,,,,,,1,,
Q545H8,Q545H8_MOUSE,1.0,,,,,,,,1,,
Q53EY4,Q53EY4_HUMAN,1.0,,,,,,,,1,,
Q549X4,Q549X4_MOUSE,1.0,,,,,,,,1,,
Q54BC3,Q54BC3_DICDI,1.0,,,,,,1,,,,
Q54BW4,CPAS2_DICDI,1.0,,,,,,1,,,,
Q54C25,GPN1_DICDI,1.0,,,,,,1,,,,
Q54DA7,RAB4_DICDI,1.0,,,,,,1,,,,
Q54DD9,Q54DD9_DICDI,1.0,,,,,,1,,,,
Q54DF4,Q54DF4_DICDI,1.0,,,,,,1,,,,
Q53GC2,Q53GC2_HUMAN,1.0,,,,,,,,1,,
Q53EX5,Q53EX5_HUMAN,1.0,,,,,,,,1,,
Q54EW9,RABU_DICDI,1.0,,,,,,1,,,,
Q52KZ2,Q52KZ2_XENLA,1.0,,,,,,,,1,,
Q504R6,Q504R6_HUMAN,1.0,,,,,,,,1,,
Q50HW9,Q50HW9_MOUSE,1.0,,,,,,,,1,,
Q50HX0,Q50HX0_MOUSE,1.0,,,,,,,,1,,
Q50HX1,Q50HX1_MOUSE,1.0,,,,,,,,1,,
Q50HX2,Q50HX2_MOUSE,1.0,,,,,,,,1,,
Q50HX3,Q50HX3_MOUSE,1.0,,,,,,,,1,,
Q50HX4,Q50HX4_MOUSE,1.0,,,,,,,,1,,
Q52L50,Q52L50_MOUSE,1.0,,,,,,,,1,,
Q53ET8,Q53ET8_HUMAN,1.0,,,,,,,,1,,
Q52NJ3,SAR1A_PIG,1.0,,,,,,1,,,,
Q52NJ5,Q52NJ5_PIG,1.0,,,,,,1,,,,
Q52PI5,Q52PI5_9ASCI,1.0,,,,,,,,1,,
Q52WX8,Q52WX8_DANRE,1.0,,,,,,,,1,,
Q52WZ0,Q52WZ0_DANRE,1.0,,,,,,,,1,,
Q52WZ2,Q52WZ2_DANRE,1.0,,,,,,,,1,,
Q53AS7,Q53AS7_CHLAE,1.0,,,,,,,,1,,
Q54E92,RABG1_DICDI,1.0,,,,,,1,,,,
Q54EY3,Q54EY3_DICDI,1.0,,,,,,1,,,,
Q54VB0,Q54VB0_DICDI,1.0,,,,,,1,,,,
Q54S65,Q54S65_DICDI,1.0,,,,,,1,,,,
Q54QU7,Q54QU7_DICDI,1.0,,,,,,1,,,,
Q54QY0,Q54QY0_DICDI,1.0,,,,,,1,,,,
Q54R04,ARL8_DICDI,1.0,,,,,,1,,,,
Q54RX9,RAB5B_DICDI,1.0,,,,,,1,,,,
Q54RY4,RABV_DICDI,1.0,,,,,,1,,,,
Q54S62,Q54S62_DICDI,1.0,,,,,,1,,,,
Q54S63,Q54S63_DICDI,1.0,,,,,,1,,,,
Q54SD0,RABS_DICDI,1.0,,,,,,1,,,,
Q54P07,RB32D_DICDI,1.0,,,,,,1,,,,
Q54SH9,Q54SH9_DICDI,1.0,,,,,,1,,,,
Q54SV1,RABY_DICDI,1.0,,,,,,1,,,,
Q54T92,Q54T92_DICDI,1.0,,,,,,1,,,,
Q54TE7,GPN2_DICDI,1.0,,,,,,1,,,,
Q54U62,Q54U62_DICDI,1.0,,,,,,1,,,,
Q54UF1,ARL2_DICDI,1.0,,,,,,1,,,,
Q54V41,ARFK_DICDI,1.0,,,,,,1,,,,
Q54QR3,RB32A_DICDI,1.0,,,,,,1,,,,
Q54NU2,RAB1D_DICDI,1.0,,,,,,1,,,,
Q54FG4,RABP_DICDI,1.0,,,,,,1,,,,
Q54GY8,RAB18_DICDI,1.0,,,,,,1,,,,
Q54FK2,RABN2_DICDI,1.0,,,,,,1,,,,
Q54FK4,RABK1_DICDI,1.0,,,,,,1,,,,
Q54FK5,RABN1_DICDI,1.0,,,,,,1,,,,
Q54FK7,RABL_DICDI,1.0,,,,,,1,,,,
Q54FK8,RABM_DICDI,1.0,,,,,,1,,,,
Q54FL2,RABG2_DICDI,1.0,,,,,,1,,,,
Q54G48,RABO_DICDI,1.0,,,,,,1,,,,
Q54HK2,ARFF_DICDI,1.0,,,,,,1,,,,
Q54NK8,GPN3_DICDI,1.0,,,,,,1,,,,
Q54HZ7,RACM_DICDI,1.0,,,,,,1,,,,
Q54I24,ARFD_DICDI,1.0,,,,,,1,,,,
Q54JB7,Q54JB7_DICDI,1.0,,,,,,1,,,,
Q54JJ3,ARFH_DICDI,1.0,,,,,,1,,,,
Q54K69,RAB7B_DICDI,1.0,,,,,,1,,,,
Q54KM9,RB11B_DICDI,1.0,,,,,,1,,,,
Q54N82,Q54N82_DICDI,1.0,,,,,,1,,,,
Q504M6,Q504M6_MOUSE,1.0,,,,,,,,1,,
Q502Q0,Q502Q0_DANRE,1.0,,,,,,,,1,,
Q502M0,Q502M0_DANRE,1.0,,,,,,,,1,,
Q4TA30,Q4TA30_TETNG,1.0,,,,,,1,,,,
Q4T4F1,Q4T4F1_TETNG,1.0,,,,,,1,,,,
Q4T5V6,Q4T5V6_TETNG,1.0,,,,,,1,,,,
Q4T7K2,Q4T7K2_TETNG,1.0,,,,,,1,,,,
Q4T8A0,Q4T8A0_TETNG,1.0,,,,,,1,,,,
Q4T8D0,Q4T8D0_TETNG,1.0,,,,,,1,,,,
Q4T8K7,Q4T8K7_TETNG,1.0,,,,,,1,,,,
Q4T8W2,Q4T8W2_TETNG,1.0,,,,,,1,,,,
Q4TA65,Q4TA65_TETNG,1.0,,,,,,1,,,,
Q4T458,Q4T458_TETNG,1.0,,,,,,1,,,,
Q4TA69,Q4TA69_TETNG,1.0,,,,,,1,,,,
Q4TA84,Q4TA84_TETNG,1.0,,,,,,1,,,,
Q4TC65,Q4TC65_TETNG,1.0,,,,,,1,,,,
Q4TCS6,Q4TCS6_TETNG,1.0,,,,,,,,1,,
Q4TEJ5,Q4TEJ5_TETNG,1.0,,,,,,,,1,,
Q4TGT4,Q4TGT4_TETNG,1.0,,,,,,,,1,,
Q4TGV6,Q4TGV6_TETNG,1.0,,,,,,1,,,,
Q4T4E7,Q4T4E7_TETNG,1.0,,,,,,1,,,,
Q4T3J6,Q4T3J6_TETNG,1.0,,,,,,,,1,,
Q4ZJK1,Q4ZJK1_PIG,1.0,,,,,,1,,,,
Q4SXN6,Q4SXN6_TETNG,1.0,,,,,,1,,,,
Q4ST65,Q4ST65_TETNG,1.0,,,,,,1,,,,
Q4ST66,Q4ST66_TETNG,1.0,,,,,,1,,,,
Q4SU88,Q4SU88_TETNG,1.0,,,,,,1,,,,
Q4SU93,Q4SU93_TETNG,1.0,,,,,,1,,,,
Q4SWG6,Q4SWG6_TETNG,1.0,,,,,,,,1,,
Q4SWJ4,Q4SWJ4_TETNG,1.0,,,,,,,,1,,
Q4SXN1,Q4SXN1_TETNG,1.0,,,,,,1,,,,
Q4SYD9,Q4SYD9_TETNG,1.0,,,,,,,,1,,
Q4T2T7,Q4T2T7_TETNG,1.0,,,,,,1,,,,
Q4SZ30,Q4SZ30_TETNG,1.0,,,,,,1,,,,
Q4SZQ0,Q4SZQ0_TETNG,1.0,,,,,,,,1,,
Q4T072,Q4T072_TETNG,1.0,,,,,,1,,,,
Q4T077,Q4T077_TETNG,1.0,,,,,,,,1,,
Q4T096,Q4T096_TETNG,1.0,,,,,,1,,,,
Q4T0A2,Q4T0A2_TETNG,1.0,,,,,,1,,,,
Q4T1C6,Q4T1C6_TETNG,1.0,,,,,,1,,,,
Q4TH69,Q4TH69_TETNG,1.0,,,,,,,,1,,
Q4TI56,Q4TI56_TETNG,1.0,,,,,,,,1,,
Q4TIJ9,Q4TIJ9_TETNG,1.0,,,,,,1,,,,
Q4VA90,Q4VA90_MOUSE,1.0,,,,,,,,1,,
Q4V4N9,Q4V4N9_DROME,1.0,,,,,,1,,,,
Q4V848,Q4V848_XENLA,1.0,,,,,,,,1,,
Q4V957,Q4V957_DANRE,1.0,,,,,,,,1,,
Q4V9M5,Q4V9M5_DANRE,1.0,,,,,,1,,,,
Q4V9W8,Q4V9W8_MOUSE,1.0,,,,,,,,1,,
Q4VA07,Q4VA07_MOUSE,1.0,,,,,,,,1,,
Q4VA10,Q4VA10_MOUSE,1.0,,,,,,,,1,,
Q4VAE6,Q4VAE6_MOUSE,1.0,,,,,,,,1,,
Q4TIY7,Q4TIY7_TETNG,1.0,,,,,,1,,,,
Q4WJS7,SAR1_ASPFU,1.0,,,,,,1,,,,
Q4WN24,GEM1_ASPFU,1.0,,,,,,1,,,,
Q4WT40,GPN3_ASPFU,1.0,,,,,,1,,,,
Q4WUM2,Q4WUM2_ASPFU,1.0,,,,,,,1,,,
Q4WWG4,Q4WWG4_ASPFU,1.0,,,,,,,1,,,
Q4X241,Q4X241_ASPFU,1.0,,,,,,,1,,,
Q4ZFY0,Q4ZFY0_HUMAN,1.0,,,,,,,,1,,
Q4V3I2,Q4V3I2_DROME,1.0,,,,,,1,,,,
Q4UJ50,Q4UJ50_THEAN,1.0,,,,,,1,,,,
Q4UIU4,Q4UIU4_THEAN,1.0,,,,,,1,,,,
Q4UIK6,Q4UIK6_THEAN,1.0,,,,,,1,,,,
Q4TJ22,Q4TJ22_TETNG,1.0,,,,,,1,,,,
Q4TTV2,Q4TTV2_CAERE,1.0,,,,,,1,,,,
Q4U944,Q4U944_THEAN,1.0,,,,,,1,,,,
Q4U9A2,Q4U9A2_THEAN,1.0,,,,,,1,,,,
Q4U9D4,Q4U9D4_THEAN,1.0,,,,,,1,,,,
Q4UB16,RAB1_THEAN,1.0,,,,,,1,,,,
Q4UBB3,Q4UBB3_THEAN,1.0,,,,,,1,,,,
Q4UCI2,Q4UCI2_THEAN,1.0,,,,,,1,,,,
Q4UCV6,Q4UCV6_THEAN,1.0,,,,,,1,,,,
Q4UDU9,Q4UDU9_THEAN,1.0,,,,,,1,,,,
Q4UER6,Q4UER6_THEAN,1.0,,,,,,1,,,,
Q4UFD3,Q4UFD3_THEAN,1.0,,,,,,1,,,,
Q4UHG9,Q4UHG9_THEAN,1.0,,,,,,1,,,,
Q4UHU4,Q4UHU4_THEAN,1.0,,,,,,1,,,,
Q4UI69,Q4UI69_THEAN,1.0,,,,,,1,,,,
Q54V47,ARFJ_DICDI,1.0,,,,,,1,,,,
Q54VD5,Q54VD5_DICDI,1.0,,,,,,1,,,,
Q5DHF1,Q5DHF1_SCHJA,1.0,,,,,,1,,,,
Q5BFP6,Q5BFP6_EMENI,1.0,,,,,,1,,,,
Q5B599,Q5B599_EMENI,1.0,,,,,,1,,,,
Q5B5L3,GEM1_EMENI,1.0,,,,,,1,,,,
Q5B6I8,Q5B6I8_EMENI,1.0,,,,,,1,,,,
Q5BAF6,Q5BAF6_EMENI,1.0,,,,,,1,,,,
Q5BAJ2,Q5BAJ2_EMENI,1.0,,,,,,1,,,,
Q5BE07,Q5BE07_EMENI,1.0,,,,,,1,,,,
Q5BEA4,Q5BEA4_EMENI,1.0,,,,,,1,,,,
Q5BGB9,SAR1_EMENI,1.0,,,,,,1,,,,
Q5B3Y7,Q5B3Y7_EMENI,1.0,,,,,,1,,,,
Q5BGI3,Q5BGI3_EMENI,1.0,,,,,,1,,,,
Q5BH91,Q5BH91_EMENI,1.0,,,,,,1,,,,
Q5BJ34,Q5BJ34_XENTR,1.0,,,,,,1,,,,
Q5BJ53,GPN2_XENTR,1.0,,,,,,1,,,,
Q5BJ82,Q5BJ82_XENTR,1.0,,,,,,1,,,,
Q5BJV7,Q5BJV7_RAT,1.0,,,,,,1,,,,
Q5BK71,ARL11_RAT,1.0,,,,,,1,,,,
Q5B445,Q5B445_EMENI,1.0,,,,,,1,,,,
Q5B3U8,Q5B3U8_EMENI,1.0,,,,,,1,,,,
Q5BRN1,Q5BRN1_SCHJA,1.0,,,,,,1,,,,
Q5ARK8,Q5ARK8_EMENI,1.0,,,,,,1,,,,
Q5AAS3,Q5AAS3_CANAL,1.0,,,,,,1,,,,
Q5ABR2,GEM1_CANAL,1.0,,,,,,1,,,,
Q5AH70,Q5AH70_CANAL,1.0,,,,,,1,,,,
Q5AI00,Q5AI00_CANAL,1.0,,,,,,1,,,,
Q5AIC8,Q5AIC8_CANAL,1.0,,,,,,1,,,,
Q5AJ91,Q5AJ91_CANAL,1.0,,,,,,1,,,,
Q5AMP3,Q5AMP3_CANAL,1.0,,,,,,1,,,,
Q5AWX4,Q5AWX4_EMENI,1.0,,,,,,1,,,,
Q5B3G5,Q5B3G5_EMENI,1.0,,,,,,1,,,,
Q5AXK6,Q5AXK6_EMENI,1.0,,,,,,1,,,,
Q5B0L8,Q5B0L8_EMENI,1.0,,,,,,1,,,,
Q5B1P4,Q5B1P4_EMENI,1.0,,,,,,1,,,,
Q5B1U8,Q5B1U8_EMENI,1.0,,,,,,1,,,,
Q5B2X4,Q5B2X4_EMENI,1.0,,,,,,1,,,,
Q5B360,Q5B360_EMENI,1.0,,,,,,1,,,,
Q5B3C7,Q5B3C7_EMENI,1.0,,,,,,1,,,,
Q5BKJ6,Q5BKJ6_XENTR,1.0,,,,,,1,,,,
Q5BVW6,Q5BVW6_SCHJA,1.0,,,,,,1,,,,
Q54WZ4,Q54WZ4_DICDI,1.0,,,,,,1,,,,
Q5DF30,Q5DF30_SCHJA,1.0,,,,,,1,,,,
Q5DCM2,Q5DCM2_SCHJA,1.0,,,,,,1,,,,
Q5DCQ5,Q5DCQ5_SCHJA,1.0,,,,,,1,,,,
Q5DCZ9,Q5DCZ9_SCHJA,1.0,,,,,,1,,,,
Q5DD00,Q5DD00_SCHJA,1.0,,,,,,1,,,,
Q5DDU8,Q5DDU8_SCHJA,1.0,,,,,,1,,,,
Q5DDX1,Q5DDX1_SCHJA,1.0,,,,,,1,,,,
Q5DET6,Q5DET6_SCHJA,1.0,,,,,,1,,,,
Q5DFS9,Q5DFS9_SCHJA,1.0,,,,,,1,,,,
Q5DC26,Q5DC26_SCHJA,1.0,,,,,,1,,,,
Q5DG49,Q5DG49_SCHJA,1.0,,,,,,1,,,,
Q5DG56,Q5DG56_SCHJA,1.0,,,,,,1,,,,
Q5DGE6,Q5DGE6_SCHJA,1.0,,,,,,1,,,,
Q5DGN7,Q5DGN7_SCHJA,1.0,,,,,,1,,,,
Q5DH40,Q5DH40_SCHJA,1.0,,,,,,1,,,,
Q5DH92,Q5DH92_SCHJA,1.0,,,,,,1,,,,
Q5DHB4,Q5DHB4_SCHJA,1.0,,,,,,1,,,,
Q5DCD7,Q5DCD7_SCHJA,1.0,,,,,,1,,,,
Q5DBC2,Q5DBC2_SCHJA,1.0,,,,,,1,,,,
Q5BY04,Q5BY04_SCHJA,1.0,,,,,,1,,,,
Q5CZL6,Q5CZL6_XENTR,1.0,,,,,,1,,,,
Q5BY78,Q5BY78_SCHJA,1.0,,,,,,1,,,,
Q5BYA2,Q5BYA2_SCHJA,1.0,,,,,,1,,,,
Q5BYA6,Q5BYA6_SCHJA,1.0,,,,,,1,,,,
Q5BYI4,Q5BYI4_SCHJA,1.0,,,,,,1,,,,
Q5BZB5,Q5BZB5_SCHJA,1.0,,,,,,1,,,,
Q5C3M5,Q5C3M5_SCHJA,1.0,,,,,,1,,,,
Q5C5Z3,Q5C5Z3_SCHJA,1.0,,,,,,1,,,,
Q5D913,Q5D913_SCHJA,1.0,,,,,,1,,,,
Q5DB84,Q5DB84_SCHJA,1.0,,,,,,1,,,,
Q5D9C3,Q5D9C3_SCHJA,1.0,,,,,,1,,,,
Q5D9K2,Q5D9K2_SCHJA,1.0,,,,,,1,,,,
Q5D9T3,Q5D9T3_SCHJA,1.0,,,,,,1,,,,
Q5D9X8,Q5D9X8_SCHJA,1.0,,,,,,1,,,,
Q5DAB8,Q5DAB8_SCHJA,1.0,,,,,,1,,,,
Q5DAC7,Q5DAC7_SCHJA,1.0,,,,,,1,,,,
Q5DAL3,Q5DAL3_SCHJA,1.0,,,,,,1,,,,
Q5A2B1,Q5A2B1_CANAL,1.0,,,,,,1,,,,
Q5A0W6,GPN3_CANAL,1.0,,,,,,1,,,,
Q59ZX5,Q59ZX5_CANAL,1.0,,,,,,1,,,,
Q55CB9,RASV_DICDI,1.0,,,,,,1,,,,
Q559X6,RAB2B_DICDI,1.0,,,,,,1,,,,
Q55AD9,ARL5_DICDI,1.0,,,,,,1,,,,
Q55AR1,Q55AR1_DICDI,1.0,,,,,,1,,,,
Q55BW0,RAPC_DICDI,1.0,,,,,,1,,,,
Q55CB0,RASU_DICDI,1.0,,,,,,1,,,,
Q55CB7,RASY_DICDI,1.0,,,,,,1,,,,
Q55CB8,RASX_DICDI,1.0,,,,,,1,,,,
Q55CC0,RASW_DICDI,1.0,,,,,,1,,,,
Q558I0,RABF1_DICDI,1.0,,,,,,1,,,,
Q55E31,RB32B_DICDI,1.0,,,,,,1,,,,
Q55E58,PATS1_DICDI,1.0,,,,,,1,,,,
Q55EF0,RABT2_DICDI,1.0,,,,,,1,,,,
Q55EG6,RABT1_DICDI,1.0,,,,,,1,,,,
Q55ET3,RABQ_DICDI,1.0,,,,,,1,,,,
Q55FK2,RAB6_DICDI,1.0,,,,,,1,,,,
Q55FU9,RAB24_DICDI,1.0,,,,,,1,,,,
Q559R0,SAR1A_DICDI,1.0,,,,,,1,,,,
Q556U0,Q556U0_DICDI,1.0,,,,,,1,,,,
Q59ZB7,Q59ZB7_CANAL,1.0,,,,,,1,,,,
Q54YV7,ARFL_DICDI,1.0,,,,,,1,,,,
Q54Y14,SAR1B_DICDI,1.0,,,,,,1,,,,
Q54Y30,Q54Y30_DICDI,1.0,,,,,,1,,,,
Q54Y34,Q54Y34_DICDI,1.0,,,,,,1,,,,
Q54Y59,Q54Y59_DICDI,1.0,,,,,,1,,,,
Q54Y66,Q54Y66_DICDI,1.0,,,,,,1,,,,
Q54YI4,Q54YI4_DICDI,1.0,,,,,,1,,,,
Q54YJ0,Q54YJ0_DICDI,1.0,,,,,,1,,,,
Q54YY4,RACN_DICDI,1.0,,,,,,1,,,,
Q554Y8,Q554Y8_DICDI,1.0,,,,,,1,,,,
Q54Z85,RACO_DICDI,1.0,,,,,,1,,,,
Q550H6,RB11C_DICDI,1.0,,,,,,1,,,,
Q550Q4,RHEB_DICDI,1.0,,,,,,1,,,,
Q552H0,Q552H0_DICDI,1.0,,,,,,1,,,,
Q552K3,Q552K3_DICDI,1.0,,,,,,1,,,,
Q55485,Q55485_SYNY3,1.0,,,,,,1,,,,
Q554Y4,Q554Y4_DICDI,1.0,,,,,,1,,,,
Q55G45,GEMA_DICDI,1.0,,,,,,1,,,,
Q561S8,Q561S8_DANRE,1.0,,,,,,1,,,,
Q561U6,Q561U6_DANRE,1.0,,,,,,1,,,,
Q59EW3,Q59EW3_HUMAN,1.0,,,,,,,,1,,
Q583N0,Q583N0_TRYB2,1.0,,,,,,1,,,,
Q585W3,Q585W3_TRYB2,1.0,,,,,,1,,,,
Q586J5,Q586J5_TRYB2,1.0,,,,,,1,,,,
Q58E25,Q58E25_XENLA,1.0,,,,,,,,1,,
Q59EN3,Q59EN3_HUMAN,1.0,,,,,,,,1,,
Q59EP4,Q59EP4_HUMAN,1.0,,,,,,,,1,,
Q59EV0,Q59EV0_HUMAN,1.0,,,,,,,,1,,
Q59FQ0,Q59FQ0_HUMAN,1.0,,,,,,,,1,,
Q562A5,Q562A5_RAT,1.0,,,,,,1,,,,
Q59G91,Q59G91_HUMAN,1.0,,,,,,,,1,,
Q59KX4,Q59KX4_CANAL,1.0,,,,,,1,,,,
Q59S78,SAR1_CANAL,1.0,,,,,,1,,,,
Q59U18,Q59U18_CANAL,1.0,,,,,,1,,,,
Q59WK4,Q59WK4_CANAL,1.0,,,,,,1,,,,
Q59X89,Q59X89_CANAL,1.0,,,,,,1,,,,
Q59YL1,Q59YL1_CANAL,1.0,,,,,,1,,,,
Q58330,Y920_METJA,1.0,,,,,,1,,,,
Q580S0,IFT27_TRYB2,1.0,,,,,,1,,,,
Q57YH4,Q57YH4_TRYB2,1.0,,,,,,1,,,,
Q57Y26,Q57Y26_TRYB2,1.0,,,,,,1,,,,
Q567B0,Q567B0_DANRE,1.0,,,,,,,,1,,
Q567I8,Q567I8_DANRE,1.0,,,,,,,,1,,
Q568D9,Q568D9_DANRE,1.0,,,,,,,,1,,
Q568I1,Q568I1_DANRE,1.0,,,,,,1,,,,
Q568N2,Q568N2_DANRE,1.0,,,,,,1,,,,
Q56P20,Q56P20_PIG,1.0,,,,,,1,,,,
Q56XY2,Q56XY2_ARATH,1.0,,,,,,1,,,,
Q56ZS4,Q56ZS4_ARATH,1.0,,,,,,1,,,,
Q57UH8,Q57UH8_TRYB2,1.0,,,,,,1,,,,
Q57VI8,Q57VI8_TRYB2,1.0,,,,,,1,,,,
Q57WL6,Q57WL6_TRYB2,1.0,,,,,,1,,,,
Q57WQ5,Q57WQ5_TRYB2,1.0,,,,,,1,,,,
Q57WZ6,Q57WZ6_TRYB2,1.0,,,,,,1,,,,
Q57X54,Q57X54_TRYB2,1.0,,,,,,1,,,,
Q57XJ5,Q57XJ5_TRYB2,1.0,,,,,,1,,,,
Q6TGV2,Q6TGV2_DANRE,1.0,,,,,,,,1,,
Q6UYC2,Q6UYC2_PELRI,1.0,,,,,,,,1,,
Q4SSR9,Q4SSR9_TETNG,1.0,,,,,,1,,,,
Q9HET4,Q9HET4_ASPNG,1.0,,,,,,1,,,,
Q9HCN4,GPN1_HUMAN,1.0,,,,,,1,,,,
Q9HDT5,Q9HDT5_HYPJE,1.0,,,,,,1,,,,
Q9HDY0,YPT71_SCHPO,1.0,,,,,,1,,,,
Q9HE04,RHO5_SCHPO,1.0,,,,,,1,,,,
Q9HEN1,Q9HEN1_HYPJE,1.0,,,,,,1,,,,
Q9HET1,Q9HET1_ASPNG,1.0,,,,,,1,,,,
Q9HET3,Q9HET3_ASPNG,1.0,,,,,,1,,,,
Q9HET5,Q9HET5_ASPNG,1.0,,,,,,1,,,,
Q9HAG2,Q9HAG2_HUMAN,1.0,,,,,,,,1,,
Q9HF51,RHO3_ASHGO,1.0,,,,,,1,,,,
Q9HF54,RHO1_ASHGO,1.0,,,,,,1,,,,
Q9HF56,CDC42_ASHGO,1.0,,,,,,1,,,,
Q9HGU7,Q9HGU7_YARLL,1.0,,,,,,1,,,,
Q9HIY4,Q9HIY4_THEAC,1.0,,,,,,1,,,,
Q9HM32,Q9HM32_THEAC,1.0,,,,,,1,,,,
Q9HMS4,Q9HMS4_HALSA,1.0,,,,,,1,,,,
Q9HC43,Q9HC43_HUMAN,1.0,,,,,,,,1,,
Q9H9Y4,GPN2_HUMAN,1.0,,,,,,1,,,,
Q9I8A5,Q9I8A5_ONCMY,1.0,,,,,,,,1,,
Q9FLQ3,RAN4_ARATH,1.0,,,,,,1,,,,
Q9FE79,RAA4C_ARATH,1.0,,,,,,1,,,,
Q9FGK5,RAA5A_ARATH,1.0,,,,,,1,,,,
Q9FIF9,RAA2D_ARATH,1.0,,,,,,1,,,,
Q9FJF1,Q9FJF1_ARATH,1.0,,,,,,1,,,,
Q9FJH0,RAA1F_ARATH,1.0,,,,,,1,,,,
Q9FJN8,RAA4A_ARATH,1.0,,,,,,1,,,,
Q9FK68,RAA1C_ARATH,1.0,,,,,,1,,,,
Q9FPJ4,RAD2B_ARATH,1.0,,,,,,1,,,,
Q9H1C9,Q9H1C9_HUMAN,1.0,,,,,,,,1,,
Q9GPQ8,RACL_DICDI,1.0,,,,,,1,,,,
Q9GPQ9,RACJ_DICDI,1.0,,,,,,1,,,,
Q9GPR2,RACI_DICDI,1.0,,,,,,1,,,,
Q9GPR7,RACH_DICDI,1.0,,,,,,1,,,,
Q9GPS0,RACG_DICDI,1.0,,,,,,1,,,,
Q9GPS3,RACF2_DICDI,1.0,,,,,,1,,,,
Q9H0F7,ARL6_HUMAN,1.0,,,,,,1,,,,
Q9I8A4,Q9I8A4_POELU,1.0,,,,,,,,1,,
Q9I8H8,Q9I8H8_XENLA,1.0,,,,,,,,1,,
Q9QXJ4,ARL10_MOUSE,1.0,,,,,,1,,,,
Q9P4E9,GSP1_CANAW,1.0,,,,,,1,,,,
Q9NR31,SAR1A_HUMAN,1.0,,,,,,1,,,,
Q9NVJ2,ARL8B_HUMAN,1.0,,,,,,1,,,,
Q9NX57,RAB20_HUMAN,1.0,,,,,,1,,,,
Q9NXU5,ARL15_HUMAN,1.0,,,,,,1,,,,
Q9NYN1,RASLC_HUMAN,1.0,,,,,,1,,,,
Q9NZQ0,DJC27_HUMAN,1.0,,,,,,1,,,,
Q9P4C8,SAR1_PICPG,1.0,,,,,,1,,,,
Q9P8I4,Q9P8I4_MAGGR,1.0,,,,,,1,,,,
Q9NFG0,Q9NFG0_PLAFA,1.0,,,,,,1,,,,
Q9P8U2,Q9P8U2_YARLL,1.0,,,,,,1,,,,
Q9P8V0,RHO4_ASHGO,1.0,,,,,,1,,,,
Q9P8X2,Q9P8X2_YARLL,1.0,,,,,,1,,,,
Q9PSS8,Q9PSS8_PLAFE,1.0,,,,,,,,1,,
Q9PSZ6,Q9PSZ6_ONCMY,1.0,,,,,,,,1,,
Q9PSZ7,Q9PSZ7_ONCMY,1.0,,,,,,,,1,,
Q9PW31,Q9PW31_XENLA,1.0,,,,,,,,1,,
Q9NJE8,Q9NJE8_9TRYP,1.0,,,,,,1,,,,
Q9N3C8,Q9N3C8_CAEEL,1.0,,,,,,1,,,,
Q9KIV7,Q9KIV7_NOSS1,1.0,,,,,,1,,,,
Q9LS94,RAG3F_ARATH,1.0,,,,,,1,,,,
Q9LFJ7,Q9LFJ7_ARATH,1.0,,,,,,1,,,,
Q9LFT9,RAH1E_ARATH,1.0,,,,,,1,,,,
Q9LH50,RAA4D_ARATH,1.0,,,,,,1,,,,
Q9LIK1,Q9LIK1_ARATH,1.0,,,,,,1,,,,
Q9LK99,RAA1G_ARATH,1.0,,,,,,1,,,,
Q9LNK1,RABA3_ARATH,1.0,,,,,,1,,,,
Q9LNW1,RAA2B_ARATH,1.0,,,,,,1,,,,
Q9LV79,RAH1A_ARATH,1.0,,,,,,1,,,,
Q9MA88,MIRO3_ARATH,1.0,,,,,,1,,,,
Q9LW76,RAG3C_ARATH,1.0,,,,,,1,,,,
Q9LWT5,Q9LWT5_ORYSJ,1.0,,,,,,1,,,,
Q9LZD4,RAE1D_ARATH,1.0,,,,,,1,,,,
Q9M2X2,Q9M2X2_ARATH,1.0,,,,,,1,,,,
Q9M5B7,Q9M5B7_PHYPA,1.0,,,,,,1,,,,
Q9M5B8,Q9M5B8_PHYPA,1.0,,,,,,1,,,,
Q9M9N1,Q9M9N1_ARATH,1.0,,,,,,1,,,,
Q9ESR1,Q9ESR1_MOUSE,1.0,,,,,,,,1,,
Q9DEA7,Q9DEA7_XENLA,1.0,,,,,,,,1,,
Q9DDV6,Q9DDV6_XENLA,1.0,,,,,,,,1,,
Q95RH7,Q95RH7_DROME,1.0,,,,,,1,,,,
Q94767,Q94767_STRPU,1.0,,,,,,1,,,,
Q94768,Q94768_STRPU,1.0,,,,,,1,,,,
Q948K6,RABG1_ARATH,1.0,,,,,,1,,,,
Q948K8,RAG3A_ARATH,1.0,,,,,,1,,,,
Q94986,RAB3_CAEEL,1.0,,,,,,1,,,,
Q94J09,Q94J09_ORYSJ,1.0,,,,,,1,,,,
Q95KD9,DIRA2_MACFA,1.0,,,,,,,,1,,
Q95SY7,Q95SY7_DROME,1.0,,,,,,1,,,,
Q94764,Q94764_STRPU,1.0,,,,,,1,,,,
Q96283,RAA2C_ARATH,1.0,,,,,,1,,,,
Q962I2,Q962I2_DROME,1.0,,1,,,,,,,,
Q969Q4,ARL11_HUMAN,1.0,,,,,,1,,,,
Q96AH8,RAB7B_HUMAN,1.0,,,,,,,,1,,
Q96BM9,ARL8A_HUMAN,1.0,,,,,,1,,,,
Q96GX3,Q96GX3_HUMAN,1.0,,,,,,,,1,,
Q96KC2,ARL5B_HUMAN,1.0,,,,,,1,,,,
Q94766,Q94766_STRPU,1.0,,,,,,1,,,,
Q94763,Q94763_STRPU,1.0,,,,,,1,,,,
Q9DD04,Q9DD04_MOUSE,1.0,,,,,,1,,,,
Q94147,Q94147_CAEEL,1.0,,,,,,1,,,,
Q92468,Q92468_HUMAN,1.0,,,,,,,,1,,
Q92928,RAB1C_HUMAN,1.0,,,,,,,,1,,
Q93W16,Q93W16_ORYSJ,1.0,,,,,,1,,,,
Q93Y31,Q93Y31_ARATH,1.0,,,,,,1,,,,
Q94124,RAC2_CAEEL,1.0,,,,,,1,,,,
Q94141,Q94141_CAEEL,1.0,,,,,,1,,,,
Q94142,Q94142_CAEEL,1.0,,,,,,1,,,,
Q94150,Q94150_CAEEL,1.0,,,,,,1,,,,
Q94659,Q94659_PLAFA,1.0,,,,,,1,,,,
Q94151,Q94151_CAEEL,1.0,,,,,,1,,,,
Q94152,Q94152_CAEEL,1.0,,,,,,1,,,,
Q94180,Q94180_CAEEL,1.0,,,,,,1,,,,
Q941S7,Q941S7_ORYSJ,1.0,,,,,,1,,,,
Q94231,ARF11_CAEEL,1.0,,,,,,1,,,,
Q94263,MIRO_CAEEL,1.0,,,,,,1,,,,
Q94650,ARF1_PLAFA,1.0,,,,,,1,,,,
Q96RD8,Q96RD8_HUMAN,1.0,,,,,,1,,,,
Q96WY0,RHOC_EMENI,1.0,,,,,,1,,,,
Q973F4,Q973F4_SULTO,1.0,,,,,,1,,,,
Q9CXY0,Q9CXY0_MOUSE,1.0,,,,,,,,1,,
Q9C9U7,RAA6A_ARATH,1.0,,,,,,1,,,,
Q9CB01,RABF1_ARATH,1.0,,,,,,1,,,,
Q9CQC9,SAR1B_MOUSE,1.0,,,,,,1,,,,
Q9CQW2,ARL8B_MOUSE,1.0,,,,,,1,,,,
Q9CR99,Q9CR99_MOUSE,1.0,,,,,,,,1,,
Q9CXG2,Q9CXG2_MOUSE,1.0,,,,,,,,1,,
Q9CXS2,Q9CXS2_MOUSE,1.0,,,,,,,,1,,
Q9D0J4,ARL2_MOUSE,1.0,,,,,,1,,,,
Q97BQ2,Q97BQ2_THEVO,1.0,,,,,,1,,,,
Q9D0P8,IFT27_MOUSE,1.0,,,,,,1,,,,
Q9D3W4,GPN3_MOUSE,1.0,,,,,,1,,,,
Q9D416,AR13A_MOUSE,1.0,,,,,,1,,,,
Q9D4P0,ARL5B_MOUSE,1.0,,,,,,1,,,,
Q9D859,Q9D859_MOUSE,1.0,,,,,,,,1,,
Q9DAK3,RHBT1_MOUSE,1.0,,,,,,1,,,,
Q9DB48,Q9DB48_MOUSE,1.0,,,,,,,,1,,
Q9C820,RAG3D_ARATH,1.0,,,,,,1,,,,
Q9C5J9,Y5483_ARATH,1.0,,,,,,1,,,,
Q9C3Y4,RHOA_EMENI,1.0,,,,,,1,,,,
Q9C2L8,RAB7_NEUCR,1.0,,,,,,1,,,,
Q97CR5,Q97CR5_THEVO,1.0,,,,,,1,,,,
Q97Z85,Q97Z85_SULSO,1.0,,,,,,1,,,,
Q98TN2,Q98TN2_PLAFE,1.0,,,,,,,,1,,
Q99260,YPT6_YEAST,1.0,,,,,,1,,,,
Q99KL7,RAB28_MOUSE,1.0,,,,,,1,,,,
Q99PE9,ARL4D_MOUSE,1.0,,,,,,1,,,,
Q9BHN1,Q9BHN1_PLAFA,1.0,,,,,,1,,,,
Q9BHT6,Q9BHT6_PLAFA,1.0,,,,,,1,,,,
Q9BL44,Q9BL44_CAEEL,1.0,,,,,,1,,,,
Q9BSW2,EFC4B_HUMAN,1.0,,,,,,1,,,,
Q9BVT0,Q9BVT0_HUMAN,1.0,,,,,,,,1,,
Q9BW83,IFT27_HUMAN,1.0,,,,,,1,,,,
Q9BYZ6,RHBT2_HUMAN,1.0,,,,,,1,,,,
Q9BZG1,RAB34_HUMAN,1.0,,,,,,1,,,,
Q9BZT2,Q9BZT2_HUMAN,1.0,,,,,,,,1,,
Q9PWQ8,Q9PWQ8_PLAFE,1.0,,,,,,,,1,,
Q9QYT8,Q9QYT8_RAT,1.0,,,,,,,,1,,
Q91Z34,Q91Z34_MOUSE,1.0,,,,,,,,1,,
U3JZ44,U3JZ44_FICAL,1.0,,1,,,,,,,,
U3J8L1,U3J8L1_ANAPL,1.0,,1,,,,,,,,
U3JDR6,U3JDR6_FICAL,1.0,,1,,,,,,,,
U3JLA2,U3JLA2_FICAL,1.0,,1,,,,,,,,
U3JMM7,U3JMM7_FICAL,1.0,,1,,,,,,,,
U3JRI2,U3JRI2_FICAL,1.0,,1,,,,,,,,
U3JSC4,U3JSC4_FICAL,1.0,,1,,,,,,,,
U3JT06,U3JT06_FICAL,1.0,,1,,,,,,,,
U3KCC9,U3KCC9_FICAL,1.0,,1,,,,,,,,
U3J4H4,U3J4H4_ANAPL,1.0,,1,,,,,,,,
U3KFH4,U3KFH4_FICAL,1.0,,1,,,,,,,,
U3KFI1,U3KFI1_FICAL,1.0,,1,,,,,,,,
W5JYG8,W5JYG8_ASTMX,1.0,,1,,,,,,,,
W5JYZ6,W5JYZ6_ASTMX,1.0,,1,,,,,,,,
W5K086,W5K086_ASTMX,1.0,,1,,,,,,,,
W5K6F3,W5K6F3_ASTMX,1.0,,1,,,,,,,,
W5K7Z8,W5K7Z8_ASTMX,1.0,,1,,,,,,,,
U3J5T0,U3J5T0_ANAPL,1.0,,1,,,,,,,,
U3IXP7,U3IXP7_ANAPL,1.0,,1,,,,,,,,
W5KE31,W5KE31_ASTMX,1.0,,1,,,,,,,,
S4R8M5,S4R8M5_PETMA,1.0,,1,,,,,,,,
R0KL90,R0KL90_ANAPL,1.0,,1,,,,,,,,
R0LHE2,R0LHE2_ANAPL,1.0,,1,,,,,,,,
R0LIS4,R0LIS4_ANAPL,1.0,,1,,,,,,,,
R0LM44,R0LM44_ANAPL,1.0,,1,,,,,,,,
S4R5N7,S4R5N7_PETMA,1.0,,1,,,,,,,,
S4R683,S4R683_PETMA,1.0,,1,,,,,,,,
S4R8M2,S4R8M2_PETMA,1.0,,1,,,,,,,,
S4RB38,S4RB38_PETMA,1.0,,1,,,,,,,,
U3IPK2,U3IPK2_ANAPL,1.0,,1,,,,,,,,
S4RF86,S4RF86_PETMA,1.0,,1,,,,,,,,
S4RIG5,S4RIG5_PETMA,1.0,,1,,,,,,,,
S4RK07,S4RK07_PETMA,1.0,,1,,,,,,,,
S4RNN1,S4RNN1_PETMA,1.0,,1,,,,,,,,
S4RS35,S4RS35_PETMA,1.0,,1,,,,,,,,
S7NCI7,S7NCI7_MYOBR,1.0,1,,,,,,,,,
U3IB69,U3IB69_ANAPL,1.0,,1,,,,,,,,
W5KCP9,W5KCP9_ASTMX,1.0,,1,,,,,,,,
W5KGX4,W5KGX4_ASTMX,1.0,,1,,,,,,,,
Q9R0B8,Q9R0B8_MOUSE,1.0,,,,,,,,1,,
W5PC28,W5PC28_SHEEP,1.0,,1,,,,,,,,
W5N229,W5N229_LEPOC,1.0,,1,,,,,,,,
W5NE07,W5NE07_LEPOC,1.0,,1,,,,,,,,
W5NE08,W5NE08_LEPOC,1.0,,1,,,,,,,,
W5NRL6,W5NRL6_SHEEP,1.0,,1,,,,,,,,
W5NWU1,W5NWU1_SHEEP,1.0,,1,,,,,,,,
W5PB37,W5PB37_SHEEP,1.0,,1,,,,,,,,
W5PBT4,W5PBT4_SHEEP,1.0,,1,,,,,,,,
W5PDA2,W5PDA2_SHEEP,1.0,,1,,,,,,,,
W5MWN4,W5MWN4_LEPOC,1.0,,1,,,,,,,,
W5PTW5,W5PTW5_SHEEP,1.0,,1,,,,,,,,
W5PTW6,W5PTW6_SHEEP,1.0,,1,,,,,,,,
W5PUU2,W5PUU2_SHEEP,1.0,,1,,,,,,,,
W5Q8A7,W5Q8A7_SHEEP,1.0,,1,,,,,,,,
W5QDP7,W5QDP7_SHEEP,1.0,,1,,,,,,,,
W5QFH6,W5QFH6_SHEEP,1.0,,1,,,,,,,,
W5QFH7,W5QFH7_SHEEP,1.0,,1,,,,,,,,
W5N221,W5N221_LEPOC,1.0,,1,,,,,,,,
W5MVG9,W5MVG9_LEPOC,1.0,,1,,,,,,,,
W5KSP9,W5KSP9_ASTMX,1.0,,1,,,,,,,,
W5LD16,W5LD16_ASTMX,1.0,,1,,,,,,,,
W5KU42,W5KU42_ASTMX,1.0,,1,,,,,,,,
W5KUE7,W5KUE7_ASTMX,1.0,,1,,,,,,,,
W5KYL2,W5KYL2_ASTMX,1.0,,1,,,,,,,,
W5L2S4,W5L2S4_ASTMX,1.0,,1,,,,,,,,
W5L3T0,W5L3T0_ASTMX,1.0,,1,,,,,,,,
W5LAX9,W5LAX9_ASTMX,1.0,,1,,,,,,,,
W5LD15,W5LD15_ASTMX,1.0,,1,,,,,,,,
W5LIJ7,W5LIJ7_ASTMX,1.0,,1,,,,,,,,
W5MHT6,W5MHT6_LEPOC,1.0,,1,,,,,,,,
W5LVK6,W5LVK6_LEPOC,1.0,,1,,,,,,,,
W5LXA0,W5LXA0_LEPOC,1.0,,1,,,,,,,,
W5M1C7,W5M1C7_LEPOC,1.0,,1,,,,,,,,
W5M1R5,W5M1R5_LEPOC,1.0,,1,,,,,,,,
W5M5Z3,W5M5Z3_LEPOC,1.0,,1,,,,,,,,
W5MC47,W5MC47_LEPOC,1.0,,1,,,,,,,,
W5MC65,W5MC65_LEPOC,1.0,,1,,,,,,,,
Q9ZRE2,RABD1_ARATH,1.0,,,,,,1,,,,
Q9ZPX1,ARF5_ARATH,1.0,,,,,,1,,,,
Q9YH38,RASK_CYPCA,1.0,,,,,,,,1,,
Q9U9D3,Q9U9D3_TETTH,1.0,,,,,,1,,,,
Q9TS94,Q9TS94_RABIT,1.0,,,,,,1,,,,
Q9TZM3,LRK1_CAEEL,1.0,,,,,,1,,,,
Q9U254,Q9U254_CAEEL,1.0,,1,,,,,,,,
Q9U2S4,Q9U2S4_CAEEL,1.0,,,,,,1,,,,
Q9U5G8,Q9U5G8_TETTH,1.0,,,,,,1,,,,
Q9U8B7,Q9U8B7_PLAFA,1.0,,,,,,1,,,,
Q9U9D2,Q9U9D2_TETTH,1.0,,,,,,1,,,,
Q9U9D4,Q9U9D4_TETTH,1.0,,,,,,1,,,,
Q9SUJ6,Q9SUJ6_ARATH,1.0,,,,,,1,,,,
Q9UBK7,RBL2A_HUMAN,1.0,,,,,,1,,,,
Q9UHW5,GPN3_HUMAN,1.0,,,,,,1,,,,
Q9UJM0,Q9UJM0_HUMAN,1.0,,,,,,,,1,,
Q9UJM1,Q9UJM1_HUMAN,1.0,,,,,,,,1,,
Q9ULC3,RAB23_HUMAN,1.0,,,,,,1,,,,
Q9ULR0,ISY1_HUMAN,1.0,,,,,,1,,,,
Q9UNT1,RBL2B_HUMAN,1.0,,,,,,1,,,,
Q9SX91,Q9SX91_ARATH,1.0,,,,,,1,,,,
Q9SUG1,Q9SUG1_ARATH,1.0,,,,,,1,,,,
Q9YH37,RAP1B_CYPCA,1.0,,,,,,,,1,,
Q9SID8,RAH1D_ARATH,1.0,,,,,,1,,,,
Q9S810,RAA1I_ARATH,1.0,,,,,,1,,,,
Q9SBJ6,RAC6_ARATH,1.0,,,,,,1,,,,
Q9SDK4,Q9SDK4_ORYSJ,1.0,,,,,,1,,,,
Q9SEH3,RAD2C_ARATH,1.0,,,,,,1,,,,
Q9SF91,RAE1E_ARATH,1.0,,,,,,1,,,,
Q9SF92,RAC2B_ARATH,1.0,,,,,,1,,,,
Q9SHU5,ARF4_ARATH,1.0,,,,,,1,,,,
Q9SIP0,RAA5D_ARATH,1.0,,,,,,1,,,,
Q9SU67,RAC8_ARATH,1.0,,,,,,1,,,,
Q9SJ11,RABG2_ARATH,1.0,,,,,,1,,,,
Q9SMQ6,RAA4B_ARATH,1.0,,,,,,1,,,,
Q9SMR4,RAH1C_ARATH,1.0,,,,,,1,,,,
Q9SN35,RAA1D_ARATH,1.0,,,,,,1,,,,
Q9SN68,RAF2B_ARATH,1.0,,,,,,1,,,,
Q9SRS5,RAA5B_ARATH,1.0,,,,,,1,,,,
Q9SSX0,RAC1_ORYSJ,1.0,,,,,,1,,,,
Q9UR50,Q9UR50_EMEND,1.0,,,,,,1,,,,
Q9UTL7,GPN2_SCHPO,1.0,,,,,,1,,,,
Q9UY87,Q9UY87_PYRAB,1.0,,,,,,1,,,,
Q9XSV7,Q9XSV7_CHLAE,1.0,,,,,,,,1,,
Q9W389,Q9W389_DROME,1.0,,,,,,1,,,,
Q9W760,Q9W760_XENLA,1.0,,,,,,,,1,,
Q9W761,Q9W761_XENLA,1.0,,,,,,,,1,,
Q9WUL7,ARL3_MOUSE,1.0,,,,,,1,,,,
Q9XGU0,RAC9_ARATH,1.0,,,,,,1,,,,
Q9XI98,RAG3E_ARATH,1.0,,,,,,1,,,,
Q9XSQ1,Q9XSQ1_RABIT,1.0,,,,,,,,1,,
Q9XW68,Q9XW68_CAEEL,1.0,,,,,,1,,,,
Q9UYR9,GPN_PYRAB,1.0,,,,,,1,,,,
Q9XWR6,Q9XWR6_CAEEL,1.0,,,,,,1,,,,
Q9XXA4,Q9XXA4_CAEEL,1.0,,,,,,1,,,,
Q9Y689,ARL5A_HUMAN,1.0,,,,,,1,,,,
Q9Y6B6,SAR1B_HUMAN,1.0,,,,,,1,,,,
Q9Y7Z2,ARF6_SCHPO,1.0,,,,,,1,,,,
Q9YDX8,Q9YDX8_AERPE,1.0,,,,,,1,,,,
Q9YH09,RALBA_XENLA,1.0,,,,,,,,1,,
Q9W0N7,Q9W0N7_DROME,1.0,,,,,,1,,,,
Q9VZ23,RAN_DROME,1.0,,,,,,1,,,,
Q9VUN3,RANL_DROME,1.0,,,,,,1,,,,
Q9VU67,Q9VU67_DROME,1.0,,,,,,1,,,,
Q9V3C2,Q9V3C2_DROME,1.0,,,,,,1,,,,
Q9V3I2,Q9V3I2_DROME,1.0,,,,,,1,,,,
Q9V4B2,Q9V4B2_DROME,1.0,,,,,,1,,,,
Q9VD64,Q9VD64_DROME,1.0,,,,,,1,,,,
Q9VD65,Q9VD65_DROME,1.0,,,,,,1,,,,
Q9VHV5,ARL8_DROME,1.0,,,,,,1,,,,
Q9VI70,Q9VI70_DROME,1.0,,,,,,1,,,,
Q9VIW6,Q9VIW6_DROME,1.0,,,,,,1,,,,
Q9VM20,Q9VM20_DROME,1.0,,,,,,1,,,,
Q9VM50,Q9VM50_DROME,1.0,,,,,,1,,,,
Q9VND8,RHEB_DROME,1.0,,,,,,1,,,,
Q9VNG6,Q9VNG6_DROME,1.0,,,,,,1,,,,
Q9VP48,RAB26_DROME,1.0,,,,,,1,,,,
Q9VRY2,Q9VRY2_DROME,1.0,,,,,,1,,,,
Q9VS10,Q9VS10_DROME,1.0,,,,,,1,,,,
Q91ZR1,RAB4B_MOUSE,1.0,,,,,,,,1,,
Q91YW0,Q91YW0_MOUSE,1.0,,,,,,,,1,,
Q6XHA5,ROC11_DICDI,1.0,,,,,,1,,,,
Q7RXU8,Q7RXU8_NEUCR,1.0,,,,,,1,,,,
Q7RVG3,Q7RVG3_NEUCR,1.0,,,,,,1,,,,
Q7RVL0,GSP1_NEUCR,1.0,,,,,,1,,,,
Q7RVM2,ARF_NEUCR,1.0,,,,,,1,,,,
Q7RVP4,Q7RVP4_NEUCR,1.0,,,,,,1,,,,
Q7RWE8,Q7RWE8_NEUCR,1.0,,,,,,1,,,,
Q7RXE6,Q7RXE6_NEUCR,1.0,,,,,,1,,,,
Q7RXK9,Q7RXK9_NEUCR,1.0,,,,,,1,,,,
Q7RY56,Q7RY56_NEUCR,1.0,,,,,,1,,,,
Q7RRJ8,Q7RRJ8_PLAYO,1.0,,,,,,1,,,,
Q7RZA2,GEM1_NEUCR,1.0,,,,,,1,,,,
Q7S2Y0,Q7S2Y0_NEUCR,1.0,,,,,,1,,,,
Q7S8J6,Q7S8J6_NEUCR,1.0,,,,,,1,,,,
Q7SEI0,Q7SEI0_NEUCR,1.0,,,,,,1,,,,
Q7SEQ0,Q7SEQ0_NEUCR,1.0,,,,,,,1,,,
Q7SFD7,Q7SFD7_NEUCR,1.0,,,,,,1,,,,
Q7SFE2,Q7SFE2_NEUCR,1.0,,,,,,1,,,,
Q7RT80,Q7RT80_PLAYO,1.0,,,,,,1,,,,
Q7RR55,Q7RR55_PLAYO,1.0,,,,,,1,,,,
Q7SH71,Q7SH71_NEUCR,1.0,,,,,,1,,,,
Q7RFY0,Q7RFY0_PLAYO,1.0,,,,,,1,,,,
Q7QJQ5,Q7QJQ5_ANOGA,1.0,,,,,,1,,,,
Q7QJT8,Q7QJT8_ANOGA,1.0,,,,,,1,,,,
Q7R8S9,Q7R8S9_PLAYO,1.0,,,,,,1,,,,
Q7RBR0,Q7RBR0_PLAYO,1.0,,,,,,1,,,,
Q7RDF1,Q7RDF1_PLAYO,1.0,,,,,,1,,,,
Q7RE15,Q7RE15_PLAYO,1.0,,,,,,1,,,,
Q7RFU8,Q7RFU8_PLAYO,1.0,,,,,,1,,,,
Q7RGI0,Q7RGI0_PLAYO,1.0,,,,,,1,,,,
Q7RQR3,Q7RQR3_PLAYO,1.0,,,,,,1,,,,
Q7RGN8,Q7RGN8_PLAYO,1.0,,,,,,1,,,,
Q7RGU3,Q7RGU3_PLAYO,1.0,,,,,,1,,,,
Q7RKM5,Q7RKM5_PLAYO,1.0,,,,,,1,,,,
Q7RKT1,Q7RKT1_PLAYO,1.0,,,,,,1,,,,
Q7RKV4,Q7RKV4_PLAYO,1.0,,,,,,1,,,,
Q7RNJ2,Q7RNJ2_PLAYO,1.0,,,,,,1,,,,
Q7RPH9,Q7RPH9_PLAYO,1.0,,,,,,1,,,,
Q7SFK1,Q7SFK1_NEUCR,1.0,,,,,,1,,,,
Q7SI51,Q7SI51_NEUCR,1.0,,,,,,1,,,,
Q7ZUQ1,Q7ZUQ1_DANRE,1.0,,,,,,,,1,,
Q7YYL3,Q7YYL3_CRYPV,1.0,,,,,,1,,,,
Q7V8D5,Q7V8D5_PROMM,1.0,,,,,,1,,,,
Q7XDQ3,Q7XDQ3_ORYSJ,1.0,,,,,,1,,,,
Q7XQN5,Q7XQN5_ORYSJ,1.0,,,,,,1,,,,
Q7YT69,Q7YT69_CIOIN,1.0,,,,,,,,1,,
Q7YT71,Q7YT71_CIOIN,1.0,,,,,,,,1,,
Q7YT79,Q7YT79_CIOIN,1.0,,,,,,,,1,,
Q7YT81,Q7YT81_CIOIN,1.0,,,,,,,,1,,
Q7YYQ5,Q7YYQ5_CRYPV,1.0,,,,,,1,,,,
Q7V5T5,Q7V5T5_PROMM,1.0,,,,,,1,,,,
Q7YYW6,Q7YYW6_CRYPV,1.0,,,,,,1,,,,
Q7Z007,Q7Z007_TRIVA,1.0,,,,,,1,,,,
Q7Z1I7,Q7Z1I7_SCHJA,1.0,,,,,,1,,,,
Q7Z4W7,Q7Z4W7_HUMAN,1.0,,,,,,,,1,,
Q7Z513,Q7Z513_HUMAN,1.0,,,,,,,,1,,
Q7Z6P3,RAB44_HUMAN,1.0,,,,,,1,,,,
Q7ZSZ0,Q7ZSZ0_DANRE,1.0,,,,,,,,1,,
Q7V7Y2,Q7V7Y2_PROMM,1.0,,,,,,1,,,,
Q7V284,Q7V284_PROMP,1.0,,,,,,1,,,,
Q7SY56,Q7SY56_DANRE,1.0,,1,,,,,,,,
Q7T378,Q7T378_DANRE,1.0,,,,,,1,,,,
Q7SY85,Q7SY85_XENLA,1.0,,,,,,,,1,,
Q7SZ59,RASLC_DANRE,1.0,,,,,,1,,,,
Q7SZA9,Q7SZA9_XENLA,1.0,,,,,,,,1,,
Q7SZY2,Q7SZY2_DANRE,1.0,,,,,,,,1,,
Q7T0S5,Q7T0S5_XENLA,1.0,,,,,,,,1,,
Q7T0S9,Q7T0S9_XENLA,1.0,,,,,,,,1,,
Q7T2E8,Q7T2E8_DANRE,1.0,,,,,,,,1,,
Q7T399,Q7T399_DANRE,1.0,,,,,,,,1,,
Q7V1F7,Q7V1F7_PROMP,1.0,,,,,,1,,,,
Q7TMY0,Q7TMY0_MOUSE,1.0,,,,,,,,1,,
Q7TQ88,Q7TQ88_RAT,1.0,,,,,,,,1,,
Q7TSA0,MIRO2_RAT,1.0,,,,,,1,,,,
Q7U668,Q7U668_SYNPX,1.0,,,,,,1,,,,
Q7U7A7,Q7U7A7_SYNPX,1.0,,,,,,1,,,,
Q7U8V5,Q7U8V5_SYNPX,1.0,,,,,,1,,,,
Q7V044,Q7V044_PROMP,1.0,,,,,,1,,,,
Q7QIV8,Q7QIV8_ANOGA,1.0,,,,,,1,,,,
Q7QII7,Q7QII7_ANOGA,1.0,,,,,,1,,,,
Q7QIH8,Q7QIH8_ANOGA,1.0,,,,,,1,,,,
Q78ZJ8,Q78ZJ8_MOUSE,1.0,,,,,,,,1,,
Q75B39,Q75B39_ASHGO,1.0,,,,,,,1,,,
Q75II9,Q75II9_ORYSJ,1.0,,,,,,1,,,,
Q75IJ1,Q75IJ1_ORYSJ,1.0,,,,,,1,,,,
Q75J93,CPAS1_DICDI,1.0,,,,,,1,,,,
Q75KN8,Q75KN8_ORYSJ,1.0,,,,,,1,,,,
Q765Y8,Q765Y8_CHICK,1.0,,,,,,1,,,,
Q76LV5,Q76LV5_9ZZZZ,1.0,,,,,,,,1,,
Q7F7I7,RAN1_ORYSJ,1.0,,,,,,1,,,,
Q758X6,GEM1_ASHGO,1.0,,,,,,1,,,,
Q7GD79,RAN2_ORYSJ,1.0,,,,,,1,,,,
Q7JMZ0,Q7JMZ0_DROME,1.0,,,,,,1,,,,
Q7JNM1,Q7JNM1_CAEEL,1.0,,,,,,1,,,,
Q7JWS8,Q7JWS8_DROME,1.0,,,,,,1,,,,
Q7KJ62,Q7KJ62_DROME,1.0,,,,,,1,,,,
Q7KVX6,Q7KVX6_DROME,1.0,,1,,,,,,,,
Q7KWT0,Q7KWT0_DICDI,1.0,,,,,,1,,,,
Q75A26,ARF_ASHGO,1.0,,,,,,1,,,,
Q755D7,SAR1_ASHGO,1.0,,,,,,1,,,,
Q7QI72,Q7QI72_ANOGA,1.0,,,,,,1,,,,
Q6Z7L8,RAC7_ORYSJ,1.0,,,,,,1,,,,
Q6XHB2,ROCO4_DICDI,1.0,,,,,,1,,,,
Q6Y215,Q6Y215_PAGMA,1.0,,,,,,,,1,,
Q6Y218,Q6Y218_PAGMA,1.0,,,,,,,,1,,
Q6Y2E6,Q6Y2E6_RAT,1.0,,,,,,,,1,,
Q6YY17,Q6YY17_ORYSJ,1.0,,,,,,1,,,,
Q6Z2K0,Q6Z2K0_ORYSJ,1.0,,,,,,1,,,,
Q6Z6Z4,Q6Z6Z4_ORYSJ,1.0,,,,,,1,,,,
Q6Z808,RAC3_ORYSJ,1.0,,,,,,1,,,,
Q752V9,Q752V9_ASHGO,1.0,,,,,,,1,,,
Q6ZHA3,RAC6_ORYSJ,1.0,,,,,,1,,,,
Q6ZM32,Q6ZM32_DANRE,1.0,,,,,,1,,,,
Q6ZM63,GPN3_DANRE,1.0,,,,,,1,,,,
Q6ZPF0,Q6ZPF0_MOUSE,1.0,,,,,,,,1,,
Q72JK5,Q72JK5_THET2,1.0,,,,,,1,,,,
Q74ZA9,GSP1_ASHGO,1.0,,,,,,1,,,,
Q750Q9,GPN3_ASHGO,1.0,,,,,,1,,,,
Q7M0H7,Q7M0H7_CAVPO,1.0,,,,,,1,,,,
Q7M3H5,Q7M3H5_BOVIN,1.0,,,,,,1,,,,
Q7PF99,Q7PF99_ANOGA,1.0,,,,,,1,,,,
Q7QCC8,Q7QCC8_ANOGA,1.0,,,,,,,1,,,
Q7Q5X1,Q7Q5X1_ANOGA,1.0,,,,,,1,,,,
Q7Q655,Q7Q655_ANOGA,1.0,,,,,,1,,,,
Q7Q7M3,Q7Q7M3_ANOGA,1.0,,,,,,1,,,,
Q7QA06,Q7QA06_ANOGA,1.0,,,,,,1,,,,
Q7QB34,Q7QB34_ANOGA,1.0,,,,,,1,,,,
Q7QB74,Q7QB74_ANOGA,1.0,,,,,,1,,,,
Q7QBF5,Q7QBF5_ANOGA,1.0,,,,,,1,,,,
Q7QDA4,Q7QDA4_ANOGA,1.0,,,,,,1,,,,
Q7PLX5,Q7PLX5_ANOGA,1.0,,,,,,1,,,,
Q7QE59,Q7QE59_ANOGA,1.0,,,,,,1,,,,
Q7QEG1,Q7QEG1_ANOGA,1.0,,,,,,1,,,,
Q7QGF8,Q7QGF8_ANOGA,1.0,,,,,,1,,,,
Q7QGJ4,Q7QGJ4_ANOGA,1.0,,,,,,1,,,,
Q7QGS6,Q7QGS6_ANOGA,1.0,,,,,,1,,,,
Q7QHM4,Q7QHM4_ANOGA,1.0,,,,,,1,,,,
Q7QI45,Q7QI45_ANOGA,1.0,,,,,,1,,,,
Q7Q5P9,Q7Q5P9_ANOGA,1.0,,,,,,1,,,,
Q7Q5F0,Q7Q5F0_ANOGA,1.0,,,,,,1,,,,
Q7Q4W5,Q7Q4W5_ANOGA,1.0,,,,,,1,,,,
Q7Q454,Q7Q454_ANOGA,1.0,,,,,,1,,,,
Q7PNL6,Q7PNL6_ANOGA,1.0,,,,,,1,,,,
Q7PPZ7,Q7PPZ7_ANOGA,1.0,,,,,,1,,,,
Q7PQL9,Q7PQL9_ANOGA,1.0,,,,,,1,,,,
Q7PQM1,Q7PQM1_ANOGA,1.0,,,,,,1,,,,
Q7PQY7,Q7PQY7_ANOGA,1.0,,,,,,1,,,,
Q7PS26,Q7PS26_ANOGA,1.0,,,,,,1,,,,
Q7PUB2,Q7PUB2_ANOGA,1.0,,,,,,1,,,,
Q7PVX2,Q7PVX2_ANOGA,1.0,,,,,,1,,,,
Q7PX09,Q7PX09_ANOGA,1.0,,,,,,1,,,,
Q7PXV4,Q7PXV4_ANOGA,1.0,,,,,,1,,,,
Q7PYT1,Q7PYT1_ANOGA,1.0,,,,,,1,,,,
Q7PZ49,Q7PZ49_ANOGA,1.0,,,,,,1,,,,
Q7PZP1,Q7PZP1_ANOGA,1.0,,,,,,1,,,,
Q7Q1C9,Q7Q1C9_ANOGA,1.0,,,,,,1,,,,
Q7Q3R6,Q7Q3R6_ANOGA,1.0,,,,,,1,,,,
Q7ZSZ9,Q7ZSZ9_DANRE,1.0,,,,,,,,1,,
Q7ZUV5,Q7ZUV5_DANRE,1.0,,,,,,,,1,,
Q91V93,RHBT2_MOUSE,1.0,,,,,,1,,,,
Q8RZ83,Q8RZ83_ORYSJ,1.0,,,,,,1,,,,
Q8MYF2,RABJ_DICDI,1.0,,,,,,1,,,,
Q8N4G2,ARL14_HUMAN,1.0,,,,,,1,,,,
Q8N4Z0,RAB42_HUMAN,1.0,,,,,,1,,,,
Q8NJX2,Q8NJX2_USTMD,1.0,,,,,,1,,,,
Q8NKD7,Q8NKD7_MAGGR,1.0,,,,,,1,,,,
Q8PUH0,Q8PUH0_METMA,1.0,,,,,,1,,,,
Q8QZS2,Q8QZS2_MOUSE,1.0,,,,,,,,1,,
Q8S6U4,Q8S6U4_ORYSJ,1.0,,,,,,1,,,,
Q8MXQ2,RB32C_DICDI,1.0,,,,,,1,,,,
Q8SQH8,ARF_ENCCU,1.0,,,,,,1,,,,
Q8SQL3,Q8SQL3_ENCCU,1.0,,,,,,1,,,,
Q8SQQ1,Q8SQQ1_ENCCU,1.0,,,,,,1,,,,
Q8SR68,Q8SR68_ENCCU,1.0,,,,,,1,,,,
Q8SRC8,Q8SRC8_ENCCU,1.0,,,,,,1,,,,
Q8SS09,SAR1_ENCCU,1.0,,,,,,1,,,,
Q8SS11,GSP1_ENCCU,1.0,,,,,,1,,,,
Q8MXS1,RAB18_CAEEL,1.0,,,,,,1,,,,
Q8MUI8,Q8MUI8_SCHJA,1.0,,,,,,1,,,,
Q8SSB5,Q8SSB5_ENCCU,1.0,,,,,,1,,,,
Q8IXI2,MIRO1_HUMAN,1.0,,,,,,1,,,,
Q8H156,RAN3_ARATH,1.0,,,,,,1,,,,
Q8H4Q9,Q8H4Q9_ORYSJ,1.0,,,,,,1,,,,
Q8I7D4,Q8I7D4_CIOIN,1.0,,,,,,,,1,,
Q8IMX7,MIRO_DROME,1.0,,,,,,1,,,,
Q8IR80,Q8IR80_DROME,1.0,,,,,,1,,,,
Q8IVW1,ARL17_HUMAN,1.0,,,,,,1,,,,
Q8IXI1,MIRO2_HUMAN,1.0,,,,,,1,,,,
Q8IZ41,RASEF_HUMAN,1.0,,,,,,1,,,,
Q8LBR4,Q8LBR4_ARATH,1.0,,,,,,1,,,,
Q8J212,RHO1_KLULA,1.0,,,,,,1,,,,
Q8J2P6,Q8J2P6_ASPFM,1.0,,,,,,,1,,,
Q8JHE2,Q8JHE2_XENLA,1.0,,,,,,,,1,,
Q8JHI3,AR13B_DANRE,1.0,,,,,,1,,,,
Q8JZN7,MIRO2_MOUSE,1.0,,,,,,1,,,,
Q8K133,Q8K133_MOUSE,1.0,,,,,,,,1,,
Q8K586,RANT_RAT,1.0,,,,,,1,,,,
Q8SS52,Q8SS52_ENCCU,1.0,,,,,,1,,,,
Q8SSH9,Q8SSH9_ENCCU,1.0,,,,,,1,,,,
Q7ZVD8,Q7ZVD8_DANRE,1.0,,,,,,1,,,,
Q8YSQ4,Q8YSQ4_NOSS1,1.0,,,,,,1,,,,
Q8W4C8,Q8W4C8_ARATH,1.0,,,,,,1,,,,
Q8WPZ5,Q8WPZ5_PLAFA,1.0,,,,,,1,,,,
Q8WT13,Q8WT13_PLAFA,1.0,,,,,,1,,,,
Q8WY67,Q8WY67_HUMAN,1.0,,,,,,,,1,,
Q8WZR7,Q8WZR7_NEUCS,1.0,,,,,,1,,,,
Q8YP18,Q8YP18_NOSS1,1.0,,,,,,1,,,,
Q8YQN3,Q8YQN3_NOSS1,1.0,,,,,,1,,,,
Q8YYE6,Q8YYE6_NOSS1,1.0,,,,,,1,,,,
Q8VEL9,REM2_MOUSE,1.0,,,,,,1,,,,
Q8ZTB6,Q8ZTB6_PYRAE,1.0,,,,,,1,,,,
Q90YX6,Q90YX6_CHICK,1.0,,,,,,1,,,,
Q91123,Q91123_MICTO,1.0,,,,,,,,1,,
Q91211,Q91211_ONCMY,1.0,,,,,,,,1,,
Q91382,Q91382_DIPOM,1.0,,,,,,,,1,,
Q91806,RASN_XENLA,1.0,,,,,,,,1,,
Q91832,Q91832_XENLA,1.0,,,,,,,,1,,
Q8VY57,Q8VY57_ARATH,1.0,,,,,,1,,,,
Q8VEJ1,GPN2_MOUSE,1.0,,,,,,1,,,,
Q8SSS9,QKGA_DICDI,1.0,,,,,,1,,,,
Q8T324,Q8T324_PLAFA,1.0,,,,,,1,,,,
Q8SV24,Q8SV24_ENCCU,1.0,,,,,,1,,,,
Q8SV83,Q8SV83_ENCCU,1.0,,,,,,1,,,,
Q8SVJ0,Q8SVJ0_ENCCU,1.0,,,,,,1,,,,
Q8SVZ2,Q8SVZ2_ENCCU,1.0,,,,,,1,,,,
Q8SW02,Q8SW02_ENCCU,1.0,,,,,,1,,,,
Q8SW94,Q8SW94_ENCCU,1.0,,,,,,1,,,,
Q8SYS5,Q8SYS5_DROME,1.0,,,,,,1,,,,
Q8TFK3,GSP1_YARLI,1.0,,,,,,1,,,,
Q8VEH3,ARL8A_MOUSE,1.0,,,,,,1,,,,
Q8TR04,Q8TR04_METAC,1.0,,,,,,1,,,,
Q8TYX7,Q8TYX7_METKA,1.0,,,,,,1,,,,
Q8TZA0,Q8TZA0_METKA,1.0,,,,,,1,,,,
Q8U3I2,Q8U3I2_PYRFU,1.0,,,,,,1,,,,
Q8U3Q9,Q8U3Q9_PYRFU,1.0,,,,,,1,,,,
Q8UUZ4,Q8UUZ4_XENLA,1.0,,,,,,,,1,,
Q8VCE2,GPN1_MOUSE,1.0,,,,,,1,,,,
Q8GVH5,Q8GVH5_ORYSJ,1.0,,,,,,1,,,,
Q8DKN6,Q8DKN6_THEEB,1.0,,,,,,1,,,,
Q8DK63,Q8DK63_THEEB,1.0,,,,,,1,,,,
Q86E73,Q86E73_SCHJA,1.0,,,,,,1,,,,
Q80WN4,Q80WN4_RAT,1.0,,,,,,,,1,,
Q80ZU0,ARL5A_MOUSE,1.0,,,,,,1,,,,
Q84VV7,Q84VV7_ARATH,1.0,,,,,,1,,,,
Q852B4,Q852B4_ORYSJ,1.0,,,,,,1,,,,
Q864R5,MIRO2_PIG,1.0,,,,,,1,,,,
Q868C7,Q868C7_HYDVU,1.0,,,,,,1,,,,
Q86DY3,Q86DY3_SCHJA,1.0,,,,,,1,,,,
Q86E82,Q86E82_SCHJA,1.0,,,,,,1,,,,
Q803G7,Q803G7_DANRE,1.0,,,,,,,,1,,
Q86EK0,Q86EK0_SCHJA,1.0,,,,,,1,,,,
Q86ER2,Q86ER2_SCHJA,1.0,,,,,,1,,,,
Q86ES8,Q86ES8_SCHJA,1.0,,,,,,1,,,,
Q86ET1,Q86ET1_SCHJA,1.0,,,,,,1,,,,
Q86EY7,Q86EY7_SCHJA,1.0,,,,,,1,,,,
Q86EY9,Q86EY9_SCHJA,1.0,,,,,,1,,,,
Q86F19,Q86F19_SCHJA,1.0,,,,,,1,,,,
Q803L7,Q803L7_DANRE,1.0,,,,,,,,1,,
Q803F2,Q803F2_DANRE,1.0,,,,,,,,1,,
Q8DJD7,Q8DJD7_THEEB,1.0,,,,,,1,,,,
Q7ZXH7,RAP1B_XENLA,1.0,,,,,,,,1,,
Q7ZVI3,Q7ZVI3_DANRE,1.0,,,,,,,,1,,
Q7ZW88,Q7ZW88_DANRE,1.0,,,,,,,,1,,
Q7ZWW1,Q7ZWW1_XENLA,1.0,,,,,,,,1,,
Q7ZWY1,Q7ZWY1_XENLA,1.0,,,,,,,,1,,
Q7ZX47,Q7ZX47_XENLA,1.0,,,,,,,,1,,
Q7ZX67,Q7ZX67_XENLA,1.0,,,,,,,,1,,
Q7ZXF7,Q7ZXF7_XENLA,1.0,,,,,,,,1,,
Q7ZXI8,Q7ZXI8_XENLA,1.0,,,,,,,,1,,
Q802D1,Q802D1_DANRE,1.0,,,,,,,,1,,
Q7ZXM0,Q7ZXM0_XENLA,1.0,,,,,,,,1,,
Q7ZY32,Q7ZY32_XENLA,1.0,,,,,,,,1,,
Q7ZY33,Q7ZY33_XENLA,1.0,,,,,,,,1,,
Q7ZYB0,Q7ZYB0_XENLA,1.0,,,,,,,,1,,
Q7ZYB8,Q7ZYB8_XENLA,1.0,,,,,,,,1,,
Q7ZYE5,Q7ZYE5_XENLA,1.0,,,,,,,,1,,
Q800Q4,Q800Q4_DANRE,1.0,,,,,,,,1,,
Q86F20,Q86F20_SCHJA,1.0,,,,,,1,,,,
Q86F33,Q86F33_SCHJA,1.0,,,,,,1,,,,
Q86F60,Q86F60_SCHJA,1.0,,,,,,1,,,,
Q8C6C0,Q8C6C0_MOUSE,1.0,,,,,,,,1,,
Q8BQX0,Q8BQX0_MOUSE,1.0,,,,,,,,1,,
Q8BSL7,ARF2_MOUSE,1.0,,,,,,1,,,,
Q8BXL7,ARFRP_MOUSE,1.0,,,,,,1,,,,
Q8BXY4,Q8BXY4_MOUSE,1.0,,,,,,,,1,,
Q8C266,Q8C266_MOUSE,1.0,,,,,,,,1,,
Q8C458,Q8C458_MOUSE,1.0,,,,,,,,1,,
Q8C4N8,Q8C4N8_MOUSE,1.0,,,,,,,,1,,
Q8CAM5,RAB36_MOUSE,1.0,,,,,,1,,,,
Q86JC8,RABH_DICDI,1.0,,,,,,1,,,,
Q8CB87,RAB44_MOUSE,1.0,,,,,,1,,,,
Q8CCG5,Q8CCG5_MOUSE,1.0,,,,,,,,1,,
Q8CEH2,Q8CEH2_MOUSE,1.0,,,,,,,,1,,
Q8CEV8,Q8CEV8_MOUSE,1.0,,,,,,,,1,,
Q8CFP6,DJC27_MOUSE,1.0,,,,,,1,,,,
Q8CGQ3,Q8CGQ3_RAT,1.0,,,,,,,1,,,
Q8DIZ6,Q8DIZ6_THEEB,1.0,,,,,,1,,,,
Q8BPG5,Q8BPG5_MOUSE,1.0,,,,,,,,1,,
Q8BLW7,Q8BLW7_MOUSE,1.0,,,,,,,,1,,
Q8BKQ0,Q8BKQ0_MOUSE,1.0,,,,,,,,1,,
Q8BGX0,TRI23_MOUSE,1.0,,,,,,1,,,,
Q86JP0,Q86JP0_DICDI,1.0,,,,,,1,,,,
Q86JP3,RAB5A_DICDI,1.0,,,,,,1,,,,
Q86JP5,RABR_DICDI,1.0,,,,,,1,,,,
Q86L51,RAPB_DICDI,1.0,,,,,,1,,,,
Q86SC2,Q86SC2_CIOIN,1.0,,,,,,,,1,,
Q86SC7,Q86SC7_CIOIN,1.0,,,,,,,,1,,
Q870X3,Q870X3_NEUCS,1.0,,,,,,1,,,,
Q874R1,RHO4_SCHPO,1.0,,,,,,1,,,,
Q875L5,Q875L5_USTMD,1.0,,,,,,1,,,,
Q877B9,SAR1_ASPOR,1.0,,,,,,1,,,,
Q8AVL2,Q8AVL2_XENLA,1.0,,,,,,,,1,,
Q8AVV4,Q8AVV4_XENLA,1.0,,,,,,,,1,,
Q8AYE6,Q8AYE6_XENLA,1.0,,,,,,,,1,,
Q8BG51,MIRO1_MOUSE,1.0,,,,,,1,,,,
Q8BGR6,ARL15_MOUSE,1.0,,,,,,1,,,,
Q4ST60,Q4ST60_TETNG,1.0,,,,,,1,,,,
Q4SSR4,Q4SSR4_TETNG,1.0,,,,,,1,,,,
C5PGX5,C5PGX5_COCP7,1.0,,,,,,1,,,,
O18332,O18332_DROME,1.0,,,,,,1,,,,
O14443,GPN3_SCHPO,1.0,,,,,,1,,,,
O15453,NBR2_HUMAN,1.0,,,,,,1,,,,
O15971,O15971_DROME,1.0,,,,,,1,,,,
O16151,O16151_STRPU,1.0,,,,,,1,,,,
O17788,O17788_CAEEL,1.0,,,,,,1,,,,
O17789,O17789_CAEEL,1.0,,,,,,1,,,,
O17915,RAN_CAEEL,1.0,,,,,,1,,,,
O18333,O18333_DROME,1.0,,,,,,1,,,,
O13876,YPT4_SCHPO,1.0,,,,,,1,,,,
O18334,RAB6_DROME,1.0,,,,,,1,,,,
O18336,O18336_DROME,1.0,,,,,,1,,,,
O18337,O18337_DROME,1.0,,,,,,1,,,,
O18338,O18338_DROME,1.0,,,,,,1,,,,
O18339,O18339_DROME,1.0,,,,,,1,,,,
O22694,O22694_ARATH,1.0,,,,,,1,,,,
O23561,RAB1A_ARATH,1.0,,,,,,1,,,,
O13928,RHO3_SCHPO,1.0,,,,,,1,,,,
O13021,O13021_XENLA,1.0,,,,,,,,1,,
O24466,RAE1A_ARATH,1.0,,,,,,1,,,,
O01426,O01426_CAEEL,1.0,,,,,,1,,,,
M4AL20,M4AL20_XIPMA,1.0,,1,,,,,,,,
M4AQV3,M4AQV3_XIPMA,1.0,,1,,,,,,,,
M4AXA4,M4AXA4_XIPMA,1.0,,1,,,,,,,,
M9PGL8,M9PGL8_DROME,1.0,,1,,,,,,,,
M9PJ04,M9PJ04_DROME,1.0,,1,,,,,,,,
O00818,O00818_PLAFA,1.0,,,,,,1,,,,
O00909,ARF1_DICDI,1.0,,,,,,1,,,,
O01577,O01577_CAEEL,1.0,,,,,,1,,,,
O08814,O08814_RAT,1.0,,,,,,,,1,,
O01803,O01803_CAEEL,1.0,,,,,,1,,,,
O02139,O02139_CAEEL,1.0,,,,,,1,,,,
O02591,O02591_9TRYP,1.0,,,,,,1,,,,
O04157,RAG3B_ARATH,1.0,,,,,,1,,,,
O04486,RAA2A_ARATH,1.0,,,,,,1,,,,
O04834,SAR1A_ARATH,1.0,,,,,,1,,,,
O08697,ARL2_RAT,1.0,,,,,,1,,,,
O23657,RABC1_ARATH,1.0,,,,,,1,,,,
O27925,O27925_METTH,1.0,,,,,,1,,,,
O96390,RACF1_DICDI,1.0,,,,,,1,,,,
O82481,RAC10_ARATH,1.0,,,,,,1,,,,
O76227,O76227_9TRYP,1.0,,,,,,1,,,,
O76321,RECG_ENTHI,1.0,,,,,,1,,,,
O76742,O76742_DROME,1.0,,,,,,1,,,,
O76901,O76901_DROME,1.0,,,,,,1,,,,
O80489,O80489_ARATH,1.0,,,,,,1,,,,
O80501,RAH1B_ARATH,1.0,,,,,,1,,,,
O82480,RAC7_ARATH,1.0,,,,,,1,,,,
O88667,RAD_MOUSE,1.0,,,,,,1,,,,
O76189,O76189_9TRYP,1.0,,,,,,1,,,,
O88848,ARL6_MOUSE,1.0,,,,,,1,,,,
O93280,O93280_9PLEU,1.0,,,,,,,,1,,
O93469,O93469_CHICK,1.0,,,,,,,,1,,
O93563,O93563_XENLA,1.0,,,,,,,,1,,
O94031,O94031_CANAX,1.0,,,,,,1,,,,
O94655,YPT7_SCHPO,1.0,,,,,,1,,,,
O94844,RHBT1_HUMAN,1.0,,,,,,1,,,,
O76225,O76225_9TRYP,1.0,,,,,,1,,,,
O76173,RAB1C_DICDI,1.0,,,,,,1,,,,
O28074,O28074_ARCFU,1.0,,,,,,1,,,,
O49513,RAA1E_ARATH,1.0,,,,,,1,,,,
O29086,O29086_ARCFU,1.0,,,,,,1,,,,
O29711,O29711_ARCFU,1.0,,,,,,1,,,,
O35791,O35791_RAT,1.0,,,,,,,,1,,
O42456,O42456_KRYMA,1.0,,,,,,,,1,,
O42825,RHO1_CANAL,1.0,,,,,,1,,,,
O42906,GPN1_SCHPO,1.0,,,,,,1,,,,
O45379,ARL3_CAEEL,1.0,,,,,,1,,,,
O49703,O49703_ARATH,1.0,,,,,,1,,,,
O75546,O75546_HUMAN,1.0,,,,,,,,1,,
O49841,RAC2A_ARATH,1.0,,,,,,1,,,,
O58082,O58082_PYRHO,1.0,,,,,,1,,,,
O58345,O58345_PYRHO,1.0,,,,,,1,,,,
O59781,GEM1_SCHPO,1.0,,,,,,1,,,,
O62422,O62422_CAEEL,1.0,,,,,,1,,,,
O62856,O62856_FELCA,1.0,,,,1,,,,,,
O74112,O74112_NEUCS,1.0,,,,,,1,,,,
M4AFD3,M4AFD3_XIPMA,1.0,,1,,,,,,,,
M4AB77,M4AB77_XIPMA,1.0,,1,,,,,,,,
M4AAS9,M4AAS9_XIPMA,1.0,,1,,,,,,,,
J9P6J7,J9P6J7_CANFA,1.0,,1,,,,,,,,
I3MAJ8,I3MAJ8_SPETR,1.0,,1,,,,,,,,
I3MFB2,I3MFB2_SPETR,1.0,,1,,,,,,,,
I3MG39,I3MG39_SPETR,1.0,,1,,,,,,,,
I3NB84,I3NB84_SPETR,1.0,,1,,,,,,,,
J3KRG9,J3KRG9_HUMAN,1.0,,1,,,,,,,,
J3KSM6,J3KSM6_HUMAN,1.0,,1,,,,,,,,
J9NWX9,J9NWX9_CANFA,1.0,,1,,,,,,,,
K7EFH2,K7EFH2_ORNAN,1.0,,1,,,,,,,,
I3LDC2,I3LDC2_PIG,1.0,,1,,,,,,,,
K7EGS3,K7EGS3_ORNAN,1.0,,1,,,,,,,,
K7ETS1,K7ETS1_PONAB,1.0,,1,,,,,,,,
K7F316,K7F316_PELSI,1.0,,1,,,,,,,,
K7FHB3,K7FHB3_PELSI,1.0,,1,,,,,,,,
K7FNX0,K7FNX0_PELSI,1.0,,1,,,,,,,,
K7G6F1,K7G6F1_PELSI,1.0,,1,,,,,,,,
K7G9K3,K7G9K3_PELSI,1.0,,1,,,,,,,,
I3LT28,I3LT28_PIG,1.0,,1,,,,,,,,
I3L820,I3L820_PIG,1.0,,1,,,,,,,,
M4A1T6,M4A1T6_XIPMA,1.0,,1,,,,,,,,
I3J6P2,I3J6P2_ORENI,1.0,,,,1,,,,,,
H3C663,H3C663_TETNG,1.0,,1,,,,,,,,
H3CVG3,H3CVG3_TETNG,1.0,,1,,,,,,,,
H3DJT6,H3DJT6_TETNG,1.0,,1,,,,,,,,
H7C3P7,H7C3P7_HUMAN,1.0,,1,,,,,,,,
H9G587,H9G587_ANOCA,1.0,,1,,,,,,,,
H9G679,H9G679_ANOCA,1.0,,1,,,,,,,,
H9GA70,H9GA70_ANOCA,1.0,,1,,,,,,,,
I3J997,I3J997_ORENI,1.0,,,,1,,,,,,
I3L5J7,I3L5J7_PIG,1.0,,1,,,,,,,,
I3J9R0,I3J9R0_ORENI,1.0,,,,1,,,,,,
I3JFS4,I3JFS4_ORENI,1.0,,,,1,,,,,,
I3JGN3,I3JGN3_ORENI,1.0,,,,1,,,,,,
I3JLS6,I3JLS6_ORENI,1.0,,,,1,,,,,,
I3KB26,I3KB26_ORENI,1.0,,,,1,,,,,,
I3KBN2,I3KBN2_ORENI,1.0,,,,1,,,,,,
I3KTF1,I3KTF1_ORENI,1.0,,,,1,,,,,,
L5M6H4,L5M6H4_MYODS,1.0,1,,,,,,,,,
L8J0A4,L8J0A4_9CETA,1.0,1,,,,,,,,,
L8Y2F5,L8Y2F5_TUPCH,1.0,1,,,,,,,,,
M3Z362,M3Z362_MUSPF,1.0,,1,,,,,,,,
M3Y707,M3Y707_MUSPF,1.0,,1,,,,,,,,
M3YC94,M3YC94_MUSPF,1.0,,1,,,,,,,,
M3YCP8,M3YCP8_MUSPF,1.0,,1,,,,,,,,
M3YFW0,M3YFW0_MUSPF,1.0,,1,,,,,,,,
M3YH29,M3YH29_MUSPF,1.0,,1,,,,,,,,
M3YP10,M3YP10_MUSPF,1.0,,1,,,,,,,,
M3Z2J2,M3Z2J2_MUSPF,1.0,,1,,,,,,,,
M3ZFT7,M3ZFT7_XIPMA,1.0,,1,,,,,,,,
M3VZJ0,M3VZJ0_FELCA,1.0,,1,,,,,,,,
M3ZIC6,M3ZIC6_XIPMA,1.0,,1,,,,,,,,
M3ZKJ9,M3ZKJ9_XIPMA,1.0,,1,,,,,,,,
M3ZKP1,M3ZKP1_XIPMA,1.0,,1,,,,,,,,
M3ZV07,M3ZV07_XIPMA,1.0,,1,,,,,,,,
M3ZVC6,M3ZVC6_XIPMA,1.0,,1,,,,,,,,
M3ZW52,M3ZW52_XIPMA,1.0,,1,,,,,,,,
M3ZXS3,M3ZXS3_XIPMA,1.0,,1,,,,,,,,
M3Y2Z6,M3Y2Z6_MUSPF,1.0,,1,,,,,,,,
M3Y1Q7,M3Y1Q7_MUSPF,1.0,,1,,,,,,,,
M3XTT6,M3XTT6_MUSPF,1.0,,1,,,,,,,,
M3XPH6,M3XPH6_MUSPF,1.0,,1,,,,,,,,
M3W684,M3W684_FELCA,1.0,,1,,,,,,,,
M3WBP8,M3WBP8_FELCA,1.0,,1,,,,,,,,
M3WL35,M3WL35_FELCA,1.0,,1,,,,,,,,
M3WMR8,M3WMR8_FELCA,1.0,,1,,,,,,,,
M3WPC2,M3WPC2_FELCA,1.0,,1,,,,,,,,
M3WSA0,M3WSA0_FELCA,1.0,,1,,,,,,,,
M3WV28,M3WV28_FELCA,1.0,,1,,,,,,,,
M3WVB6,M3WVB6_FELCA,1.0,,1,,,,,,,,
M3WYA0,M3WYA0_FELCA,1.0,,1,,,,,,,,
M3X277,M3X277_FELCA,1.0,,1,,,,,,,,
M3X880,M3X880_FELCA,1.0,,1,,,,,,,,
M3XAU6,M3XAU6_FELCA,1.0,,1,,,,,,,,
M3XHF5,M3XHF5_LATCH,1.0,,1,,,,,,,,
M3XIC8,M3XIC8_LATCH,1.0,,1,,,,,,,,
M3XJS0,M3XJS0_LATCH,1.0,,1,,,,,,,,
O95755,RAB36_HUMAN,1.0,,,,,,1,,,,
O96692,O96692_DROME,1.0,,,,,,1,,,,
H3BGF3,H3BGF3_LATCH,1.0,,1,,,,,,,,
P48148,RHO1_DROME,1.0,,,,,,1,,,,
P41916,RAN1_ARATH,1.0,,,,,,1,,,,
P41917,RAN2_ARATH,1.0,,,,,,1,,,,
P41924,RYL1_YARLI,1.0,,,,,,1,,,,
P41925,RYL2_YARLI,1.0,,,,,,1,,,,
P42558,RAN_CHICK,1.0,,,,,,1,,,,
P46577,GPN1_CAEEL,1.0,,,,,,1,,,,
P47122,GPN1_YEAST,1.0,,,,,,1,,,,
P48554,RAC2_DROME,1.0,,,,,,1,,,,
P40994,ARF3_YEAST,1.0,,,,,,1,,,,
P48559,YPT11_YEAST,1.0,,,,,,1,,,,
P49702,ARF5_CHICK,1.0,,,,,,1,,,,
P49703,ARL4D_HUMAN,1.0,,,,,,1,,,,
P51157,RAB28_HUMAN,1.0,,,,,,1,,,,
P51158,RAB28_RAT,1.0,,,,,,1,,,,
P51539,RAS1_HYDVU,1.0,,,,,,1,,,,
P51646,ARL5A_RAT,1.0,,,,,,1,,,,
P41915,RAN_TETTH,1.0,,,,,,1,,,,
P40946,ARF3_DROME,1.0,,,,,,1,,,,
P51823,ARF2_ORYSJ,1.0,,,,,,1,,,,
P39110,CIN4_YEAST,1.0,,,,,,1,,,,
P37996,ARL3_RAT,1.0,,,,,,1,,,,
P38116,ARL1_YEAST,1.0,,,,,,1,,,,
P38146,YPT10_YEAST,1.0,,,,,,1,,,,
P38545,RAN_PLAFA,1.0,,,,,,1,,,,
P38555,YPT31_YEAST,1.0,,,,,,1,,,,
P38976,RAS2_HYDVU,1.0,,,,,,1,,,,
P38987,TEM1_YEAST,1.0,,,,,,1,,,,
P39722,GEM1_YEAST,1.0,,,,,,1,,,,
P40945,ARF2_DROME,1.0,,,,,,1,,,,
P40392,RIC1_ORYSJ,1.0,,,,,,1,,,,
P40393,RIC2_ORYSJ,1.0,,,,,,1,,,,
P40616,ARL1_HUMAN,1.0,,,,,,1,,,,
P40617,ARL4A_HUMAN,1.0,,,,,,1,,,,
P40792,RAC1_DROME,1.0,,,,,,1,,,,
P40793,CDC42_DROME,1.0,,,,,,1,,,,
P40940,ARF3_ARATH,1.0,,,,,,1,,,,
P51821,ARF1_CHLRE,1.0,,,,,,1,,,,
P51996,YPT32_YEAST,1.0,,,,,,1,,,,
P01123,YPT1_YEAST,1.0,,,,,,1,,,,
P79275,P79275_PIG,1.0,,,,,,1,,,,
P62827,RAN_MOUSE,1.0,,,,,,1,,,,
P62828,RAN_RAT,1.0,,,,,,1,,,,
P63320,RALA_SAGOE,1.0,,,,,,,,1,,
P72844,P72844_SYNY3,1.0,,,,,,1,,,,
P74064,P74064_SYNY3,1.0,,,,,,1,,,,
P74555,P74555_SYNY3,1.0,,,,,,1,,,,
P78976,SAR1_HYPJE,1.0,,,,,,1,,,,
P79735,RAN_DANRE,1.0,,,,,,1,,,,
P62825,RAN_CANFA,1.0,,,,,,1,,,,
P80236,RAC1_CAVPO,1.0,,,,,,1,,,,
P84077,ARF1_HUMAN,1.0,,,,,,1,,,,
P84078,ARF1_MOUSE,1.0,,,,,,1,,,,
P84079,ARF1_RAT,1.0,,,,,,1,,,,
P84080,ARF1_BOVIN,1.0,,,,,,1,,,,
P84081,ARF2_BOVIN,1.0,,,,,,1,,,,
P84082,ARF2_RAT,1.0,,,,,,1,,,,
P62826,RAN_HUMAN,1.0,,,,,,1,,,,
P62332,ARF6_RAT,1.0,,,,,,1,,,,
P52498,RSR1_CANAX,1.0,,,,,,1,,,,
P61209,ARF1_DROME,1.0,,,,,,1,,,,
P53879,RHO5_YEAST,1.0,,,,,,1,,,,
P55041,GEM_MOUSE,1.0,,,,,,1,,,,
P55043,RAD_RAT,1.0,,,,,,1,,,,
P56559,ARL4C_HUMAN,1.0,,,,,,1,,,,
P61204,ARF3_HUMAN,1.0,,,,,,1,,,,
P61207,ARF3_TAKRU,1.0,,,,,,1,,,,
P61208,ARL4C_MOUSE,1.0,,,,,,1,,,,
P61211,ARL1_MOUSE,1.0,,,,,,1,,,,
P62331,ARF6_MOUSE,1.0,,,,,,1,,,,
P61212,ARL1_RAT,1.0,,,,,,1,,,,
P61213,ARL4A_MOUSE,1.0,,,,,,1,,,,
P61214,ARL4A_RAT,1.0,,,,,,1,,,,
P61271,RAB5A_MACFA,1.0,,,,,,,,1,,
P61750,ARF4_MOUSE,1.0,,,,,,1,,,,
P61751,ARF4_RAT,1.0,,,,,,1,,,,
P62330,ARF6_HUMAN,1.0,,,,,,1,,,,
P36586,YPT5_SCHPO,1.0,,,,,,1,,,,
P36579,ARF1_SCHPO,1.0,,,,,,1,,,,
P36536,SAR1A_MOUSE,1.0,,,,,,1,,,,
P22127,RAB10_DIPOM,1.0,,,,,,,,1,,
P20606,SAR1_YEAST,1.0,,,,,,1,,,,
P20790,RAB8A_DICDI,1.0,,,,,,1,,,,
P20791,RAB8B_DICDI,1.0,,,,,,1,,,,
P22122,RHO_DIPOM,1.0,,,,,,,,1,,
P22123,RAPA_DIPOM,1.0,,,,,,,,1,,
P22124,RAL_DIPOM,1.0,,,,,,,,1,,
P22125,RAB1_DIPOM,1.0,,,,,,,,1,,
P22128,RAB8_DIPOM,1.0,,,,,,,,1,,
P19146,ARF2_YEAST,1.0,,,,,,1,,,,
P22129,RB11B_DIPOM,1.0,,,,,,,,1,,
P22274,ARF_CANAL,1.0,,,,,,1,,,,
P25160,ARL1_DROME,1.0,,,,,,1,,,,
P25228,RAB3_DROME,1.0,,,,,,1,,,,
P25766,RLGP1_ORYSJ,1.0,,,,,,1,,,,
P28185,RAA1A_ARATH,1.0,,,,,,1,,,,
P28186,RAE1C_ARATH,1.0,,,,,,1,,,,
P19892,RAA5E_ARATH,1.0,,,,,,1,,,,
P19073,CDC42_YEAST,1.0,,,,,,1,,,,
P36412,RB11A_DICDI,1.0,,,,,,1,,,,
P0C950,SAR1_ASPNG,1.0,,,,,,1,,,,
P03967,RASD_DICDI,1.0,,,,,,1,,,,
P05774,RAS_CARAU,1.0,,,,,,,,1,,
P06780,RHO1_YEAST,1.0,,,,,,1,,,,
P06781,RHO2_YEAST,1.0,,,,,,1,,,,
P07560,SEC4_YEAST,1.0,,,,,,1,,,,
P08645,RAS3_DROME,1.0,,,,,,1,,,,
P0C584,PLPL_NEUCR,1.0,,,,,,1,,,,
P0CQ43,RAS_CRYNB,1.0,,,,,,,1,,,
P18613,RAPA_DICDI,1.0,,,,,,1,,,,
P0CT16,SAR1_MAGO7,1.0,,,,,,1,,,,
P11620,YPT1_SCHPO,1.0,,,,,,1,,,,
P15064,RASG_DICDI,1.0,,,,,,1,,,,
P17608,RYH1_SCHPO,1.0,,,,,,1,,,,
P17609,YPT2_SCHPO,1.0,,,,,,1,,,,
P17610,YPT3_SCHPO,1.0,,,,,,1,,,,
P18085,ARF4_HUMAN,1.0,,,,,,1,,,,
P28187,RAA5C_ARATH,1.0,,,,,,1,,,,
P28188,RAD2A_ARATH,1.0,,,,,,1,,,,
P28748,SPI1_SCHPO,1.0,,,,,,1,,,,
P36019,YPT53_YEAST,1.0,,,,,,1,,,,
P34212,ARL5_CAEEL,1.0,,,,,,1,,,,
P34213,RAB6A_CAEEL,1.0,,,,,,1,,,,
P35281,RAB10_RAT,1.0,,,,,,,,1,,
P35288,RAB23_MOUSE,1.0,,,,,,1,,,,
P35295,RAB20_MOUSE,1.0,,,,,,1,,,,
P36017,VPS21_YEAST,1.0,,,,,,1,,,,
P36018,YPT52_YEAST,1.0,,,,,,1,,,,
P36397,ARF1_ARATH,1.0,,,,,,1,,,,
P31021,RHO1_ENTHI,1.0,,,,,,1,,,,
P36404,ARL2_HUMAN,1.0,,,,,,1,,,,
P36405,ARL3_HUMAN,1.0,,,,,,1,,,,
P36406,TRI23_HUMAN,1.0,,,,,,1,,,,
P36407,TRI23_RAT,1.0,,,,,,1,,,,
P36409,RAB2A_DICDI,1.0,,,,,,1,,,,
P36410,RAB14_DICDI,1.0,,,,,,1,,,,
P36411,RAB7A_DICDI,1.0,,,,,,1,,,,
P34150,RACD_DICDI,1.0,,,,,,1,,,,
P34149,RACC_DICDI,1.0,,,,,,1,,,,
P34148,RACB_DICDI,1.0,,,,,,1,,,,
P34147,RACA_DICDI,1.0,,,,,,1,,,,
P31582,RAF2A_ARATH,1.0,,,,,,1,,,,
P32252,RASB_DICDI,1.0,,,,,,1,,,,
P32253,RASC_DICDI,1.0,,,,,,1,,,,
P32836,GSP2_YEAST,1.0,,,,,,1,,,,
P32939,YPT7_YEAST,1.0,,,,,,1,,,,
P33153,CRL1_CANAW,1.0,,,,,,1,,,,
P33519,RAN_DICDI,1.0,,,,,,1,,,,
P33723,YPT1_NEUCR,1.0,,,,,,1,,,,
P34139,RAB1A_DICDI,1.0,,,,,,1,,,,
P34140,RAB1B_DICDI,1.0,,,,,,1,,,,
P34141,RABA_DICDI,1.0,,,,,,1,,,,
P34142,RAB21_DICDI,1.0,,,,,,1,,,,
P34143,RABC_DICDI,1.0,,,,,,1,,,,
P34144,RAC1A_DICDI,1.0,,,,,,1,,,,
P34145,RAC1B_DICDI,1.0,,,,,,1,,,,
H3C107,H3C107_TETNG,1.0,,1,,,,,,,,
H3BD93,H3BD93_LATCH,1.0,,1,,,,,,,,
P84084,ARF5_MOUSE,1.0,,,,,,1,,,,
D2H1U8,D2H1U8_AILME,1.0,,,,,,,1,,,
D0G7E6,D0G7E6_PIG,1.0,,,,,,1,,,,
D0LKP2,D0LKP2_HALO1,1.0,,,,,,1,,,,
D0LUK7,D0LUK7_HALO1,1.0,,,,,,1,,,,
D0MUH1,D0MUH1_PHYIT,1.0,,,,,,,1,,,
D0MYX2,D0MYX2_PHYIT,1.0,,,,,,,1,,,
D0NEU5,D0NEU5_PHYIT,1.0,,,,,,,1,,,
D2H0B2,D2H0B2_AILME,1.0,,,,,,,1,,,
D2H237,D2H237_AILME,1.0,,,,,,,1,,,
C9RE86,C9RE86_METVM,1.0,,,,,,1,,,,
D2H407,D2H407_AILME,1.0,,,,,,,1,,,
D2H755,D2H755_AILME,1.0,,,,,,,1,,,
D2H7V0,D2H7V0_AILME,1.0,,,,,,,1,,,
D2H942,D2H942_AILME,1.0,,,,,,,1,,,
D2HB69,D2HB69_AILME,1.0,,,,,,,1,,,
D2HI31,D2HI31_AILME,1.0,,,,,,,1,,,
D2HKT8,D2HKT8_AILME,1.0,,,,,,,1,,,
C9RJX6,C9RJX6_FIBSS,1.0,,,,,,1,,,,
C9J6P1,C9J6P1_HUMAN,1.0,,,,,,1,,,,
D2HSS3,D2HSS3_AILME,1.0,,,,,,,1,,,
C6E9G4,C6E9G4_GEOSM,1.0,,,,,,1,,,,
C5Z5K8,C5Z5K8_SORBI,1.0,,,,,,1,,,,
C5Z6X4,C5Z6X4_SORBI,1.0,,,,,,1,,,,
C5Z7F5,C5Z7F5_SORBI,1.0,,,,,,1,,,,
C5Z8B7,C5Z8B7_SORBI,1.0,,,,,,1,,,,
C6A515,C6A515_THESM,1.0,,,,,,1,,,,
C6DZA6,C6DZA6_GEOSM,1.0,,,,,,1,,,,
C6E795,C6E795_GEOSM,1.0,,,,,,1,,,,
C6JRW3,C6JRW3_SORBI,1.0,,,,,,1,,,,
C9J601,C9J601_HUMAN,1.0,,1,,,,,,,,
C7NQ45,C7NQ45_HALUD,1.0,,,,,,1,,,,
C7P037,C7P037_HALMD,1.0,,,,,,1,,,,
C7P5T0,C7P5T0_METFA,1.0,,,,,,1,,,,
C7TXU6,C7TXU6_SCHJA,1.0,,,,,,1,,,,
C7TZ03,C7TZ03_SCHJA,1.0,,,,,,1,,,,
C7TZ60,C7TZ60_SCHJA,1.0,,,,,,1,,,,
C8VAZ3,C8VAZ3_EMENI,1.0,,,,,,,1,,,
D2HML5,D2HML5_AILME,1.0,,,,,,,1,,,
D2HTM7,D2HTM7_AILME,1.0,,,,,,,1,,,
F6RF17,F6RF17_XENTR,1.0,,1,,,,,,,,
F1NW22,F1NW22_CHICK,1.0,,1,,,,,,,,
E9PVZ0,E9PVZ0_MOUSE,1.0,,1,,,,,,,,
E9Q4D5,E9Q4D5_MOUSE,1.0,,1,,,,,,,,
E9Q8V2,E9Q8V2_MOUSE,1.0,,1,,,,,,,,
E9Q9D5,RBL2A_MOUSE,1.0,,,,,,1,,,,
E9QJL7,E9QJL7_DANRE,1.0,,1,,,,,,,,
F1MMK7,F1MMK7_BOVIN,1.0,,1,,,,,,,,
F1NUA6,F1NUA6_CHICK,1.0,,1,,,,,,,,
F1P5M4,F1P5M4_CHICK,1.0,,1,,,,,,,,
E9PT99,E9PT99_RAT,1.0,,1,,,,,,,,
F1P6W5,F1P6W5_CANFA,1.0,,1,,,,,,,,
F1PQQ4,F1PQQ4_CANFA,1.0,,1,,,,,,,,
F1R5E5,F1R5E5_DANRE,1.0,,1,,,,,,,,
F1R999,F1R999_DANRE,1.0,,1,,,,,,,,
F1RY45,F1RY45_PIG,1.0,,1,,,,,,,,
F1SES8,F1SES8_PIG,1.0,,1,,,,,,,,
F5HKZ0,F5HKZ0_ANOGA,1.0,,,,,,1,,,,
E9PVD5,E9PVD5_MOUSE,1.0,,1,,,,,,,,
E9PQK5,E9PQK5_HUMAN,1.0,,1,,,,,,,,
D2HWQ9,D2HWQ9_AILME,1.0,,,,,,,1,,,
D2I352,D2I352_AILME,1.0,,,,,,,1,,,
D2HWS3,D2HWS3_AILME,1.0,,,,,,,1,,,
D2HXE8,D2HXE8_AILME,1.0,,,,,,,1,,,
D2HZK1,D2HZK1_AILME,1.0,,,,,,,1,,,
D2HZV1,D2HZV1_AILME,1.0,,,,,,,1,,,
D2I0G3,D2I0G3_AILME,1.0,,,,,,,1,,,
D2I2M0,D2I2M0_AILME,1.0,,1,,,,,,,,
D2I2S4,D2I2S4_AILME,1.0,,,,,,,1,,,
D2I899,D2I899_AILME,1.0,,,,,,,1,,,
E9PQC5,E9PQC5_HUMAN,1.0,,1,,,,,,,,
D3Z0Z5,D3Z0Z5_MOUSE,1.0,,,,,,,1,,,
E1BPW7,E1BPW7_BOVIN,1.0,,1,,,,,,,,
E1BVT0,E1BVT0_CHICK,1.0,,1,,,,,,,,
E2QY62,E2QY62_CANFA,1.0,,1,,,,,,,,
E5RJF9,E5RJF9_HUMAN,1.0,,1,,,,,,,,
E9PK85,E9PK85_HUMAN,1.0,,1,,,,,,,,
E9PQ87,E9PQ87_HUMAN,1.0,,1,,,,,,,,
C5Z5K7,C5Z5K7_SORBI,1.0,,,,,,1,,,,
C5Z5J3,C5Z5J3_SORBI,1.0,,,,,,1,,,,
C5Z487,C5Z487_SORBI,1.0,,,,,,1,,,,
C5X867,C5X867_SORBI,1.0,,,,,,1,,,,
C5X2G4,C5X2G4_SORBI,1.0,,,,,,1,,,,
C5X2I3,C5X2I3_SORBI,1.0,,,,,,1,,,,
C5X2X1,C5X2X1_SORBI,1.0,,,,,,1,,,,
C5X394,C5X394_SORBI,1.0,,,,,,1,,,,
C5X3H4,C5X3H4_SORBI,1.0,,,,,,1,,,,
C5X3H5,C5X3H5_SORBI,1.0,,,,,,1,,,,
C5X647,C5X647_SORBI,1.0,,,,,,1,,,,
C5X999,C5X999_SORBI,1.0,,,,,,1,,,,
C5WZ18,C5WZ18_SORBI,1.0,,,,,,1,,,,
C5X9V7,C5X9V7_SORBI,1.0,,,,,,1,,,,
C5XA40,C5XA40_SORBI,1.0,,,,,,1,,,,
C5XAH6,C5XAH6_SORBI,1.0,,,,,,1,,,,
C5XCK1,C5XCK1_SORBI,1.0,,,,,,1,,,,
C5XDD0,C5XDD0_SORBI,1.0,,,,,,1,,,,
C5XFU1,C5XFU1_SORBI,1.0,,,,,,1,,,,
C5XG07,C5XG07_SORBI,1.0,,,,,,1,,,,
C5WZH6,C5WZH6_SORBI,1.0,,,,,,1,,,,
C5WXZ0,C5WXZ0_SORBI,1.0,,,,,,1,,,,
C5Z1U8,C5Z1U8_SORBI,1.0,,,,,,1,,,,
C5WQ95,C5WQ95_SORBI,1.0,,,,,,1,,,,
C5PH77,C5PH77_COCP7,1.0,,,,,,1,,,,
C5PHP2,C5PHP2_COCP7,1.0,,,,,,1,,,,
C5PHZ3,C5PHZ3_COCP7,1.0,,,,,,1,,,,
C5PI90,C5PI90_COCP7,1.0,,,,,,1,,,,
C5PIM0,C5PIM0_COCP7,1.0,,,,,,1,,,,
C5PIR7,C5PIR7_COCP7,1.0,,,,,,1,,,,
C5WN15,C5WN15_SORBI,1.0,,,,,,1,,,,
C5WQB6,C5WQB6_SORBI,1.0,,,,,,1,,,,
C5WXV3,C5WXV3_SORBI,1.0,,,,,,1,,,,
C5WQM0,C5WQM0_SORBI,1.0,,,,,,1,,,,
C5WT11,C5WT11_SORBI,1.0,,,,,,1,,,,
C5WTU4,C5WTU4_SORBI,1.0,,,,,,1,,,,
C5WUT9,C5WUT9_SORBI,1.0,,,,,,1,,,,
C5WV20,C5WV20_SORBI,1.0,,,,,,1,,,,
C5WVZ4,C5WVZ4_SORBI,1.0,,,,,,1,,,,
C5WXP0,C5WXP0_SORBI,1.0,,,,,,1,,,,
C5XGI3,C5XGI3_SORBI,1.0,,,,,,1,,,,
C5XIA1,C5XIA1_SORBI,1.0,,,,,,1,,,,
C5XJS9,C5XJS9_SORBI,1.0,,,,,,1,,,,
C5YVB1,C5YVB1_SORBI,1.0,,,,,,1,,,,
C5YJL5,C5YJL5_SORBI,1.0,,,,,,1,,,,
C5YMK4,C5YMK4_SORBI,1.0,,,,,,1,,,,
C5YN96,C5YN96_SORBI,1.0,,,,,,1,,,,
C5YNK9,C5YNK9_SORBI,1.0,,,,,,1,,,,
C5YUJ0,C5YUJ0_SORBI,1.0,,,,,,1,,,,
C5YUQ7,C5YUQ7_SORBI,1.0,,,,,,1,,,,
C5YV52,C5YV52_SORBI,1.0,,,,,,1,,,,
C5YVK5,C5YVK5_SORBI,1.0,,,,,,1,,,,
C5XK94,C5XK94_SORBI,1.0,,,,,,1,,,,
C5YW22,C5YW22_SORBI,1.0,,,,,,1,,,,
C5YY06,C5YY06_SORBI,1.0,,,,,,1,,,,
C5YY07,C5YY07_SORBI,1.0,,,,,,1,,,,
C5YZA7,C5YZA7_SORBI,1.0,,,,,,1,,,,
C5Z0W8,C5Z0W8_SORBI,1.0,,,,,,1,,,,
C5Z0Z3,C5Z0Z3_SORBI,1.0,,,,,,1,,,,
C5Z0Z5,C5Z0Z5_SORBI,1.0,,,,,,1,,,,
C5YI61,C5YI61_SORBI,1.0,,,,,,1,,,,
C5YB63,C5YB63_SORBI,1.0,,,,,,1,,,,
C5YAB0,C5YAB0_SORBI,1.0,,,,,,1,,,,
C5Y956,C5Y956_SORBI,1.0,,,,,,1,,,,
C5XN57,C5XN57_SORBI,1.0,,,,,,1,,,,
C5XNL6,C5XNL6_SORBI,1.0,,,,,,1,,,,
C5XPT1,C5XPT1_SORBI,1.0,,,,,,1,,,,
C5XQZ2,C5XQZ2_SORBI,1.0,,,,,,1,,,,
C5XS07,C5XS07_SORBI,1.0,,,,,,1,,,,
C5XT00,C5XT00_SORBI,1.0,,,,,,1,,,,
C5XTS1,C5XTS1_SORBI,1.0,,,,,,1,,,,
C5XUS2,C5XUS2_SORBI,1.0,,,,,,1,,,,
C5XWD1,C5XWD1_SORBI,1.0,,,,,,1,,,,
C5XWU2,C5XWU2_SORBI,1.0,,,,,,1,,,,
C5XYW6,C5XYW6_SORBI,1.0,,,,,,1,,,,
C5XZB8,C5XZB8_SORBI,1.0,,,,,,1,,,,
C5Y0U9,C5Y0U9_SORBI,1.0,,,,,,1,,,,
C5Y1X8,C5Y1X8_SORBI,1.0,,,,,,1,,,,
C5Y5C3,C5Y5C3_SORBI,1.0,,,,,,1,,,,
F6QC68,F6QC68_MOUSE,1.0,,1,,,,,,,,
F6SG80,F6SG80_MACMU,1.0,,1,,,,,,,,
H3BB02,H3BB02_LATCH,1.0,,1,,,,,,,,
H0XBQ3,H0XBQ3_OTOGA,1.0,,1,,,,,,,,
G5EGA7,G5EGA7_CAEEL,1.0,,1,,,,,,,,
G7Q2N6,G7Q2N6_MACFA,1.0,1,,,,,,,,,
H0VF86,H0VF86_CAVPO,1.0,,1,,,,,,,,
H0VJQ7,H0VJQ7_CAVPO,1.0,,1,,,,,,,,
H0W2X2,H0W2X2_CAVPO,1.0,,1,,,,,,,,
H0W3D7,H0W3D7_CAVPO,1.0,,1,,,,,,,,
H0WX73,H0WX73_OTOGA,1.0,,1,,,,,,,,
H0XLR5,H0XLR5_OTOGA,1.0,,1,,,,,,,,
G3WWE5,G3WWE5_SARHA,1.0,,1,,,,,,,,
H0XME1,H0XME1_OTOGA,1.0,,1,,,,,,,,
H0XMH6,H0XMH6_OTOGA,1.0,,1,,,,,,,,
H0Z8K4,H0Z8K4_TAEGU,1.0,,1,,,,,,,,
H0ZHC9,H0ZHC9_TAEGU,1.0,,1,,,,,,,,
H0ZNR0,H0ZNR0_TAEGU,1.0,,1,,,,,,,,
H2L0Q6,H2L0Q6_CAEEL,1.0,,1,,,,,,,,
H2L9E7,H2L9E7_ORYLA,1.0,,1,,,,,,,,
G5EBK8,G5EBK8_CAEEL,1.0,,1,,,,,,,,
G3WNH2,G3WNH2_SARHA,1.0,,1,,,,,,,,
H2L9E9,H2L9E9_ORYLA,1.0,,1,,,,,,,,
G3U4P8,G3U4P8_LOXAF,1.0,,1,,,,,,,,
G3RI30,G3RI30_GORGO,1.0,,1,,,,,,,,
G3SI44,G3SI44_GORGO,1.0,,1,,,,,,,,
G3SL49,G3SL49_LOXAF,1.0,,1,,,,,,,,
G3SPC2,G3SPC2_LOXAF,1.0,,1,,,,,,,,
G3SQ18,G3SQ18_LOXAF,1.0,,1,,,,,,,,
G3SRP3,G3SRP3_LOXAF,1.0,,1,,,,,,,,
G3TU68,G3TU68_LOXAF,1.0,,1,,,,,,,,
G3U6M9,G3U6M9_LOXAF,1.0,,1,,,,,,,,
G3WNH1,G3WNH1_SARHA,1.0,,1,,,,,,,,
G3USG3,G3USG3_MELGA,1.0,,1,,,,,,,,
G3V4K2,G3V4K2_HUMAN,1.0,,1,,,,,,,,
G3V5T7,G3V5T7_HUMAN,1.0,,1,,,,,,,,
G3V7K9,G3V7K9_RAT,1.0,,1,,,,,,,,
G3V9B1,G3V9B1_RAT,1.0,,,,,,1,,,,
G3VNC2,G3VNC2_SARHA,1.0,,1,,,,,,,,
G3WHZ8,G3WHZ8_SARHA,1.0,,1,,,,,,,,
H2L9E8,H2L9E8_ORYLA,1.0,,1,,,,,,,,
H2LLA4,H2LLA4_ORYLA,1.0,,1,,,,,,,,
F6UGI5,F6UGI5_CHICK,1.0,,,,,,1,,,,
H2UVS4,H2UVS4_TAKRU,1.0,,1,,,,,,,,
H2SV55,H2SV55_TAKRU,1.0,,1,,,,,,,,
H2SV57,H2SV57_TAKRU,1.0,,1,,,,,,,,
H2SV58,H2SV58_TAKRU,1.0,,1,,,,,,,,
H2SWP1,H2SWP1_TAKRU,1.0,,1,,,,,,,,
H2TM01,H2TM01_TAKRU,1.0,,1,,,,,,,,
H2UVS2,H2UVS2_TAKRU,1.0,,1,,,,,,,,
H2UVS3,H2UVS3_TAKRU,1.0,,1,,,,,,,,
H2UVS5,H2UVS5_TAKRU,1.0,,1,,,,,,,,
H2SK53,H2SK53_TAKRU,1.0,,1,,,,,,,,
H2V4P1,H2V4P1_TAKRU,1.0,,1,,,,,,,,
H2V5P8,H2V5P8_TAKRU,1.0,,1,,,,,,,,
H2XPR0,H2XPR0_CIOIN,1.0,,1,,,,,,,,
H2YDJ9,H2YDJ9_CIOSA,1.0,,1,,,,,,,,
H3AK81,H3AK81_LATCH,1.0,,1,,,,,,,,
H3AWX1,H3AWX1_LATCH,1.0,,1,,,,,,,,
H3AZ41,H3AZ41_LATCH,1.0,,1,,,,,,,,
H2SP11,H2SP11_TAKRU,1.0,,1,,,,,,,,
H2RKA4,H2RKA4_TAKRU,1.0,,1,,,,,,,,
H2LYE5,H2LYE5_ORYLA,1.0,,1,,,,,,,,
H2QBA4,H2QBA4_PANTR,1.0,,1,,,,,,,,
H2NKQ6,H2NKQ6_PONAB,1.0,,1,,,,,,,,
H2NR52,H2NR52_PONAB,1.0,,1,,,,,,,,
H2NR53,H2NR53_PONAB,1.0,,1,,,,,,,,
H2P1J8,H2P1J8_PONAB,1.0,,1,,,,,,,,
H2PQT5,H2PQT5_PONAB,1.0,,1,,,,,,,,
H2Q5M0,H2Q5M0_PANTR,1.0,,1,,,,,,,,
H2Q7Z5,H2Q7Z5_PANTR,1.0,,1,,,,,,,,
H2QK50,H2QK50_PANTR,1.0,,1,,,,,,,,
H2RKA3,H2RKA3_TAKRU,1.0,,1,,,,,,,,
W5QFK5,W5QFK5_SHEEP,1.0,,1,,,,,,,,
H2QWF7,H2QWF7_PANTR,1.0,,1,,,,,,,,
H2RK98,H2RK98_TAKRU,1.0,,1,,,,,,,,
H2RK99,H2RK99_TAKRU,1.0,,1,,,,,,,,
H2RKA0,H2RKA0_TAKRU,1.0,,1,,,,,,,,
H2RKA1,H2RKA1_TAKRU,1.0,,1,,,,,,,,
H2RKA2,H2RKA2_TAKRU,1.0,,1,,,,,,,,
G3RB61,G3RB61_GORGO,1.0,,1,,,,,,,,
G3R9G8,G3R9G8_GORGO,1.0,,1,,,,,,,,
G3QFA9,G3QFA9_GORGO,1.0,,1,,,,,,,,
F7F983,F7F983_RAT,1.0,,,,,,1,,,,
F7C8C5,F7C8C5_MONDO,1.0,,1,,,,,,,,
F7CID2,F7CID2_XENTR,1.0,,1,,,,,,,,
F7DTF7,F7DTF7_ORNAN,1.0,,1,,,,,,,,
F7ECA3,F7ECA3_CALJA,1.0,,1,,,,,,,,
F7EIY8,F7EIY8_CALJA,1.0,,1,,,,,,,,
F7EKD4,F7EKD4_XENTR,1.0,,1,,,,,,,,
F7F5J9,F7F5J9_MACMU,1.0,,1,,,,,,,,
F7GLC3,F7GLC3_MACMU,1.0,,1,,,,,,,,
F7B0E6,F7B0E6_MONDO,1.0,,1,,,,,,,,
F7GNY4,F7GNY4_CALJA,1.0,,1,,,,,,,,
F7GQN4,F7GQN4_CALJA,1.0,,1,,,,,,,,
F7GQP8,F7GQP8_CALJA,1.0,,1,,,,,,,,
F7HHM7,F7HHM7_MACMU,1.0,,1,,,,,,,,
F7HIT8,F7HIT8_CALJA,1.0,,1,,,,,,,,
F7I8Z8,F7I8Z8_CALJA,1.0,,1,,,,,,,,
F7IJC8,F7IJC8_CALJA,1.0,,1,,,,,,,,
F7BY38,F7BY38_MACMU,1.0,,1,,,,,,,,
F7AQV4,F7AQV4_MACMU,1.0,,1,,,,,,,,
G3PSP7,G3PSP7_GASAC,1.0,,1,,,,,,,,
F6X0L9,F6X0L9_HORSE,1.0,,1,,,,,,,,
F6VCR6,F6VCR6_MACMU,1.0,,1,,,,,,,,
F6VQZ9,F6VQZ9_CALJA,1.0,,1,,,,,,,,
F6VUS0,F6VUS0_MONDO,1.0,,1,,,,,,,,
F6VUS2,F6VUS2_HORSE,1.0,,1,,,,,,,,
F6W5R8,F6W5R8_XENTR,1.0,,1,,,,,,,,
F6WHE4,F6WHE4_XENTR,1.0,,1,,,,,,,,
F6WP22,F6WP22_HORSE,1.0,,1,,,,,,,,
F6XLE9,F6XLE9_CALJA,1.0,,1,,,,,,,,
F7ABK2,F7ABK2_CIOIN,1.0,,,,,,1,,,,
F6Z013,F6Z013_HORSE,1.0,,1,,,,,,,,
F6Z0Z5,F6Z0Z5_MOUSE,1.0,,1,,,,,,,,
F6ZC65,F6ZC65_ORNAN,1.0,,1,,,,,,,,
F6ZK99,F6ZK99_CALJA,1.0,,1,,,,,,,,
F6ZX41,F6ZX41_ORNAN,1.0,,1,,,,,,,,
F7A1Z3,F7A1Z3_MONDO,1.0,,1,,,,,,,,
F7A697,F7A697_HORSE,1.0,,1,,,,,,,,
F7IKV0,F7IKV0_CALJA,1.0,,1,,,,,,,,
F8W5K1,F8W5K1_DANRE,1.0,,1,,,,,,,,
F8WEQ6,F8WEQ6_HUMAN,1.0,,1,,,,,,,,
G3NJW3,G3NJW3_GASAC,1.0,,1,,,,,,,,
G1SJ70,G1SJ70_RABIT,1.0,,1,,,,,,,,
G1TL27,G1TL27_RABIT,1.0,,1,,,,,,,,
G1U2V3,G1U2V3_RABIT,1.0,,1,,,,,,,,
G3HND1,G3HND1_CRIGR,1.0,1,,,,,,,,,
G3MXH2,G3MXH2_BOVIN,1.0,,1,,,,,,,,
G3N8I1,G3N8I1_GASAC,1.0,,1,,,,,,,,
G3N8I5,G3N8I5_GASAC,1.0,,1,,,,,,,,
G3NM38,G3NM38_GASAC,1.0,,1,,,,,,,,
G1KC41,G1KC41_ANOCA,1.0,,1,,,,,,,,
G3NYG2,G3NYG2_GASAC,1.0,,1,,,,,,,,
G3P358,G3P358_GASAC,1.0,,1,,,,,,,,
G3P365,G3P365_GASAC,1.0,,1,,,,,,,,
G3PBL5,G3PBL5_GASAC,1.0,,1,,,,,,,,
G3PMK2,G3PMK2_GASAC,1.0,,1,,,,,,,,
G3PMK5,G3PMK5_GASAC,1.0,,1,,,,,,,,
G3PRQ5,G3PRQ5_GASAC,1.0,,1,,,,,,,,
G1SF25,G1SF25_RABIT,1.0,,1,,,,,,,,
G1SEK6,G1SEK6_RABIT,1.0,,1,,,,,,,,
G1SDL8,G1SDL8_RABIT,1.0,,1,,,,,,,,
G1RXK5,G1RXK5_NOMLE,1.0,,1,,,,,,,,
G1LL76,G1LL76_AILME,1.0,,1,,,,,,,,
G1M574,G1M574_AILME,1.0,,1,,,,,,,,
G1MFJ3,G1MFJ3_AILME,1.0,,1,,,,,,,,
G1N3C8,G1N3C8_MELGA,1.0,,1,,,,,,,,
G1N5F1,G1N5F1_MELGA,1.0,,1,,,,,,,,
G1NHG3,G1NHG3_MELGA,1.0,,1,,,,,,,,
G1PCJ7,G1PCJ7_MYOLU,1.0,,1,,,,,,,,
G1PLL5,G1PLL5_MYOLU,1.0,,1,,,,,,,,
G1PNF4,G1PNF4_MYOLU,1.0,,1,,,,,,,,
G1Q625,G1Q625_MYOLU,1.0,,1,,,,,,,,
G1Q7C1,G1Q7C1_MYOLU,1.0,,1,,,,,,,,
G1QCH2,G1QCH2_MYOLU,1.0,,1,,,,,,,,
G1QRY4,G1QRY4_NOMLE,1.0,,1,,,,,,,,
G1QVR6,G1QVR6_NOMLE,1.0,,1,,,,,,,,
G1REL0,G1REL0_NOMLE,1.0,,1,,,,,,,,
P84083,ARF5_RAT,1.0,,,,,,1,,,,
P84085,ARF5_HUMAN,1.0,,,,,,1,,,,
Q4SS98,Q4SS98_TETNG,1.0,,,,,,,,1,,
Q3UZM8,Q3UZM8_MOUSE,1.0,,,,,,,,1,,
Q3UHC2,LRRK1_MOUSE,1.0,,,,,,1,,,,
Q3UHW5,Q3UHW5_MOUSE,1.0,,,,,,,,1,,
Q3UL78,Q3UL78_MOUSE,1.0,,,,,,,,1,,
Q3ULK1,Q3ULK1_MOUSE,1.0,,,,,,,,1,,
Q3ULW0,Q3ULW0_MOUSE,1.0,,,,,,1,,,,
Q3USC3,Q3USC3_MOUSE,1.0,,,,,,,,1,,
Q3UWU7,Q3UWU7_MOUSE,1.0,,,,,,,,1,,
Q3V3C2,Q3V3C2_MOUSE,1.0,,,,,,,,1,,
Q3UCX0,Q3UCX0_MOUSE,1.0,,,,,,,,1,,
Q3V3W9,Q3V3W9_MOUSE,1.0,,,,,,,,1,,
Q3YAL8,Q3YAL8_MACMU,1.0,,,,,,1,,,,
Q3YE89,Q3YE89_TRIVA,1.0,,,,,,1,,,,
Q3YE90,Q3YE90_TRIVA,1.0,,,,,,1,,,,
Q3ZBD1,Q3ZBD1_BOVIN,1.0,,,,,,,,1,,
Q3ZBW5,RHOB_BOVIN,1.0,,,,,,,,1,,
Q3ZC28,Q3ZC28_BOVIN,1.0,,,,,,1,,,,
Q3UDZ1,Q3UDZ1_MOUSE,1.0,,,,,,,,1,,
Q3UB66,Q3UB66_MOUSE,1.0,,,,,,,,1,,
Q42067,Q42067_ARATH,1.0,,,,,,1,,,,
Q3TU26,Q3TU26_MOUSE,1.0,,,,,,,,1,,
Q3TIC2,Q3TIC2_MOUSE,1.0,,,,,,,,1,,
Q3TJ39,Q3TJ39_MOUSE,1.0,,,,,,,,1,,
Q3TLP2,Q3TLP2_MOUSE,1.0,,,,,,,,1,,
Q3TLP8,Q3TLP8_MOUSE,1.0,,,,,,,,1,,
Q3TMF4,Q3TMF4_MOUSE,1.0,,,,,,,,1,,
Q3TN61,Q3TN61_MOUSE,1.0,,,,,,,,1,,
Q3TQ93,Q3TQ93_MOUSE,1.0,,,,,,,,1,,
Q3TW01,Q3TW01_MOUSE,1.0,,,,,,,,1,,
Q3U7U8,Q3U7U8_MOUSE,1.0,,,,,,,,1,,
Q3TXV4,Q3TXV4_MOUSE,1.0,,,,,,,,1,,
Q3TYB1,Q3TYB1_MOUSE,1.0,,,,,,,,1,,
Q3TYH2,Q3TYH2_MOUSE,1.0,,,,,,,,1,,
Q3TZU6,Q3TZU6_MOUSE,1.0,,,,,,,,1,,
Q3U0T9,Q3U0T9_MOUSE,1.0,,,,,,,,1,,
Q3U2W7,Q3U2W7_MOUSE,1.0,,,,,,,,1,,
Q3U621,Q3U621_MOUSE,1.0,,,,,,,,1,,
Q40723,RLGP2_ORYSJ,1.0,,,,,,1,,,,
Q42069,Q42069_ARATH,1.0,,,,,,1,,,,
Q4G299,Q4G299_TRIVA,1.0,,,,,,1,,,,
Q4G288,Q4G288_TRIVA,1.0,,,,,,1,,,,
Q4FIE6,Q4FIE6_TRIVA,1.0,,,,,,1,,,,
Q4FIE7,Q4FIE7_TRIVA,1.0,,,,,,1,,,,
Q4FIE8,Q4FIE8_TRIVA,1.0,,,,,,1,,,,
Q4FJL0,Q4FJL0_MOUSE,1.0,,,,,,,,1,,
Q4FJM5,Q4FJM5_MOUSE,1.0,,,,,,,,1,,
Q4FJQ0,Q4FJQ0_MOUSE,1.0,,,,,,,,1,,
Q4G287,Q4G287_TRIVA,1.0,,,,,,1,,,,
Q4G290,Q4G290_TRIVA,1.0,,,,,,1,,,,
Q4FIE4,Q4FIE4_TRIVA,1.0,,,,,,1,,,,
Q4G291,Q4G291_TRIVA,1.0,,,,,,1,,,,
Q4G292,Q4G292_TRIVA,1.0,,,,,,1,,,,
Q4G293,Q4G293_TRIVA,1.0,,,,,,1,,,,
Q4G294,Q4G294_TRIVA,1.0,,,,,,1,,,,
Q4G295,Q4G295_TRIVA,1.0,,,,,,1,,,,
Q4G296,Q4G296_TRIVA,1.0,,,,,,1,,,,
Q4G297,Q4G297_TRIVA,1.0,,,,,,1,,,,
Q4FIE5,Q4FIE5_TRIVA,1.0,,,,,,1,,,,
Q4FIE3,Q4FIE3_TRIVA,1.0,,,,,,1,,,,
Q42231,Q42231_ARATH,1.0,,,,,,1,,,,
Q498K1,Q498K1_XENLA,1.0,,,,,,,,1,,
Q45U79,Q45U79_CAERE,1.0,,,,,,1,,,,
Q467C7,Q467C7_METBF,1.0,,,,,,1,,,,
Q46J63,Q46J63_PROMT,1.0,,,,,,1,,,,
Q46LJ1,Q46LJ1_PROMT,1.0,,,,,,1,,,,
Q46LV0,Q46LV0_PROMT,1.0,,,,,,1,,,,
Q47HF7,Q47HF7_DECAR,1.0,,,,,,1,,,,
Q498G9,Q498G9_XENLA,1.0,,,,,,,,1,,
Q4FID4,Q4FID4_TRIVA,1.0,,,,,,1,,,,
Q4FIE2,Q4FIE2_TRIVA,1.0,,,,,,1,,,,
Q4FID5,Q4FID5_TRIVA,1.0,,,,,,1,,,,
Q4FID6,Q4FID6_TRIVA,1.0,,,,,,1,,,,
Q4FID7,Q4FID7_TRIVA,1.0,,,,,,1,,,,
Q4FID8,Q4FID8_TRIVA,1.0,,,,,,1,,,,
Q4FID9,Q4FID9_TRIVA,1.0,,,,,,1,,,,
Q4FIE0,Q4FIE0_TRIVA,1.0,,,,,,1,,,,
Q4FIE1,Q4FIE1_TRIVA,1.0,,,,,,1,,,,
Q3TH76,Q3TH76_MOUSE,1.0,,1,,,,,,,,
Q3TEI3,Q3TEI3_MOUSE,1.0,,,,,,,,1,,
Q3TEG7,Q3TEG7_MOUSE,1.0,,,,,,,,1,,
Q38D65,Q38D65_TRYB2,1.0,,,,,,1,,,,
Q38937,RAC5_ARATH,1.0,,,,,,1,,,,
Q38A08,Q38A08_TRYB2,1.0,,,,,,1,,,,
Q38AY2,Q38AY2_TRYB2,1.0,,,,,,1,,,,
Q38B80,Q38B80_TRYB2,1.0,,,,,,1,,,,
Q38BH5,Q38BH5_TRYB2,1.0,,,,,,1,,,,
Q38C89,Q38C89_TRYB2,1.0,,,,,,1,,,,
Q38CS2,Q38CS2_TRYB2,1.0,,,,,,1,,,,
Q38DS4,Q38DS4_TRYB2,1.0,,,,,,1,,,,
Q38921,Q38921_ARATH,1.0,,,,,,1,,,,
Q38EI8,Q38EI8_TRYB2,1.0,,,,,,1,,,,
Q38EM1,Q38EM1_TRYB2,1.0,,,,,,1,,,,
Q38SD2,LRRK1_HUMAN,1.0,,,,,,1,,,,
Q39222,RAA1B_ARATH,1.0,,,,,,1,,,,
Q39570,YPTC4_CHLRE,1.0,,,,,,1,,,,
Q39572,YPTC6_CHLRE,1.0,,,,,,1,,,,
Q39573,YPTC5_CHLRE,1.0,,,,,,1,,,,
Q38922,RAB1B_ARATH,1.0,,,,,,1,,,,
Q38903,RAC2_ARATH,1.0,,,,,,1,,,,
Q3TCY0,Q3TCY0_MOUSE,1.0,,,,,,,,1,,
Q32NQ0,RAB19_XENLA,1.0,,,,,,,,1,,
Q31MI0,Q31MI0_SYNE7,1.0,,,,,,1,,,,
Q31PJ6,Q31PJ6_SYNE7,1.0,,,,,,1,,,,
Q31S30,Q31S30_SYNE7,1.0,,,,,,1,,,,
Q32LJ2,ARFRP_BOVIN,1.0,,,,,,1,,,,
Q32LU1,MIRO2_DANRE,1.0,,,,,,1,,,,
Q32NK2,Q32NK2_XENLA,1.0,,,,,,,,1,,
Q32NL6,Q32NL6_XENLA,1.0,,,,,,,,1,,
Q32NR6,Q32NR6_XENLA,1.0,,,,,,,,1,,
Q38902,RAC1_ARATH,1.0,,,,,,1,,,,
Q336M3,Q336M3_ORYSJ,1.0,,,,,,1,,,,
Q336M4,Q336M4_ORYSJ,1.0,,,,,,1,,,,
Q338Z5,Q338Z5_ORYSJ,1.0,,,,,,1,,,,
Q380U3,Q380U3_ANOGA,1.0,,,,,,1,,,,
Q381R1,Q381R1_TRYB2,1.0,,,,,,1,,,,
Q386F6,Q386F6_TRYB2,1.0,,,,,,1,,,,
Q388V0,Q388V0_TRYB2,1.0,,,,,,1,,,,
Q39PZ1,Q39PZ1_GEOMG,1.0,,,,,,1,,,,
Q39Q45,Q39Q45_GEOMG,1.0,,,,,,1,,,,
Q39U63,Q39U63_GEOMG,1.0,,,,,,1,,,,
Q3SXC5,ARL14_MOUSE,1.0,,,,,,1,,,,
Q3M7Y7,Q3M7Y7_ANAVT,1.0,,,,,,1,,,,
Q3MCW9,Q3MCW9_ANAVT,1.0,,,,,,1,,,,
Q3MET1,Q3MET1_ANAVT,1.0,,,,,,1,,,,
Q3MF80,Q3MF80_ANAVT,1.0,,,,,,1,,,,
Q3MJU7,Q3MJU7_SCHJA,1.0,,,,,,1,,,,
Q3SWY9,RAB28_BOVIN,1.0,,,,,,1,,,,
Q3SXA7,Q3SXA7_MOUSE,1.0,,,,,,,,1,,
Q3SXY8,AR13B_HUMAN,1.0,,,,,,1,,,,
Q3A7K5,Q3A7K5_PELCD,1.0,,,,,,1,,,,
Q3SZF2,ARF4_BOVIN,1.0,,,,,,1,,,,
Q3SZT5,Q3SZT5_BOVIN,1.0,,,,,,1,,,,
Q3T054,RAN_BOVIN,1.0,,,,,,1,,,,
Q3T0D7,SAR1A_BOVIN,1.0,,,,,,1,,,,
Q3T0M9,ARL4A_BOVIN,1.0,,,,,,1,,,,
Q3T0T7,SAR1B_BOVIN,1.0,,,,,,1,,,,
Q3TCT9,Q3TCT9_MOUSE,1.0,,,,,,,,1,,
Q3M4H9,Q3M4H9_ANAVT,1.0,,,,,,1,,,,
Q3LS72,Q3LS72_TRIVA,1.0,,,,,,1,,,,
Q3LS71,Q3LS71_TRIVA,1.0,,,,,,1,,,,
Q3KZ64,Q3KZ64_SCHJA,1.0,,,,,,1,,,,
Q3AHL5,Q3AHL5_SYNSC,1.0,,,,,,1,,,,
Q3AKB7,Q3AKB7_SYNSC,1.0,,,,,,1,,,,
Q3AKT3,Q3AKT3_SYNSC,1.0,,,,,,1,,,,
Q3AT94,Q3AT94_CHLCH,1.0,,,,,,1,,,,
Q3AT95,Q3AT95_CHLCH,1.0,,,,,,1,,,,
Q3AXH6,Q3AXH6_SYNS9,1.0,,,,,,1,,,,
Q3AYB9,Q3AYB9_SYNS9,1.0,,,,,,1,,,,
Q3AZL2,Q3AZL2_SYNS9,1.0,,,,,,1,,,,
Q3B7V5,Q3B7V5_RAT,1.0,,,,,,,,1,,
Q3E8G1,Q3E8G1_ARATH,1.0,,,,,,1,,,,
Q3HUQ1,Q3HUQ1_TRIVA,1.0,,,,,,1,,,,
Q3ITZ5,Q3ITZ5_NATPD,1.0,,,,,,1,,,,
Q3KNA5,Q3KNA5_MOUSE,1.0,,,,,,,,1,,
Q3KQA5,Q3KQA5_XENLA,1.0,,,,,,,,1,,
Q3KTD3,Q3KTD3_SCHJA,1.0,,,,,,1,,,,
Q4G298,Q4G298_TRIVA,1.0,,,,,,1,,,,
Q4G2A0,Q4G2A0_TRIVA,1.0,,,,,,1,,,,
Q31B01,Q31B01_PROM9,1.0,,,,,,1,,,,
Q4S6M6,Q4S6M6_TETNG,1.0,,,,,,1,,,,
Q4S3C8,Q4S3C8_TETNG,1.0,,,,,,1,,,,
Q4S3D4,Q4S3D4_TETNG,1.0,,,,,,,,1,,
Q4S3I7,Q4S3I7_TETNG,1.0,,,,,,1,,,,
Q4S3T1,Q4S3T1_TETNG,1.0,,,,,,1,,,,
Q4S4J0,Q4S4J0_TETNG,1.0,,,,,,1,,,,
Q4S4S0,Q4S4S0_TETNG,1.0,,,,,,1,,,,
Q4S5S6,Q4S5S6_TETNG,1.0,,,,,,1,,,,
Q4S6Z2,Q4S6Z2_TETNG,1.0,,,,,,1,,,,
Q4S0T9,Q4S0T9_TETNG,1.0,,,,,,1,,,,
Q4S7N8,Q4S7N8_TETNG,1.0,,,,,,1,,,,
Q4S8T9,Q4S8T9_TETNG,1.0,,,,,,,,1,,
Q4S954,Q4S954_TETNG,1.0,,,,,,,,1,,
Q4S986,Q4S986_TETNG,1.0,,,,,,1,,,,
Q4S9L6,Q4S9L6_TETNG,1.0,,,,,,1,,,,
Q4S9L7,Q4S9L7_TETNG,1.0,,,,,,1,,,,
Q4S9M1,Q4S9M1_TETNG,1.0,,,,,,,,1,,
Q4S3C6,Q4S3C6_TETNG,1.0,,,,,,1,,,,
Q4S0I5,Q4S0I5_TETNG,1.0,,,,,,1,,,,
Q4SA45,Q4SA45_TETNG,1.0,,,,,,,,1,,
Q4RVE4,Q4RVE4_TETNG,1.0,,,,,,1,,,,
Q4RS28,Q4RS28_TETNG,1.0,,,,,,1,,,,
Q4RSN9,Q4RSN9_TETNG,1.0,,,,,,1,,,,
Q4RT06,Q4RT06_TETNG,1.0,,,,,,,,1,,
Q4RTH2,Q4RTH2_TETNG,1.0,,,,,,1,,,,
Q4RTL9,Q4RTL9_TETNG,1.0,,,,,,1,,,,
Q4RUG7,Q4RUG7_TETNG,1.0,,,,,,1,,,,
Q4RUM2,Q4RUM2_TETNG,1.0,,,,,,1,,,,
Q4RWQ6,Q4RWQ6_TETNG,1.0,,,,,,,,1,,
Q4S0A9,Q4S0A9_TETNG,1.0,,,,,,,,1,,
Q4RWT9,Q4RWT9_TETNG,1.0,,,,,,1,,,,
Q4RWV9,Q4RWV9_TETNG,1.0,,,,,,,,1,,
Q4RXA5,Q4RXA5_TETNG,1.0,,,,,,1,,,,
Q4RXL7,Q4RXL7_TETNG,1.0,,,,,,,,1,,
Q4RXW3,Q4RXW3_TETNG,1.0,,,,,,,,1,,
Q4RZ58,Q4RZ58_TETNG,1.0,,,,,,,,1,,
Q4S0A3,Q4S0A3_TETNG,1.0,,,,,,,1,,,
Q4SA40,Q4SA40_TETNG,1.0,,,,,,1,,,,
Q4SAR5,Q4SAR5_TETNG,1.0,,,,,,1,,,,
Q4G2A1,Q4G2A1_TRIVA,1.0,,,,,,1,,,,
Q4SME1,Q4SME1_TETNG,1.0,,,,,,1,,,,
Q4SJI0,Q4SJI0_TETNG,1.0,,,,,,,,1,,
Q4SJJ0,Q4SJJ0_TETNG,1.0,,,,,,1,,,,
Q4SJR7,Q4SJR7_TETNG,1.0,,,,,,1,,,,
Q4SKS0,Q4SKS0_TETNG,1.0,,,,,,1,,,,
Q4SKS5,Q4SKS5_TETNG,1.0,,,,,,,,1,,
Q4SM06,Q4SM06_TETNG,1.0,,,,,,1,,,,
Q4SMD6,Q4SMD6_TETNG,1.0,,,,,,1,,,,
Q4SMH0,Q4SMH0_TETNG,1.0,,,,,,,,1,,
Q4SIF8,Q4SIF8_TETNG,1.0,,,,,,1,,,,
Q4SNZ6,Q4SNZ6_TETNG,1.0,,,,,,1,,,,
Q4SPH6,Q4SPH6_TETNG,1.0,,,,,,1,,,,
Q4SPI0,Q4SPI0_TETNG,1.0,,,,,,,,1,,
Q4SPM7,Q4SPM7_TETNG,1.0,,,,,,1,,,,
Q4SPX2,Q4SPX2_TETNG,1.0,,,,,,1,,,,
Q4SQY7,Q4SQY7_TETNG,1.0,,,,,,,,1,,
Q4SR34,Q4SR34_TETNG,1.0,,,,,,1,,,,
Q4SJA3,Q4SJA3_TETNG,1.0,,,,,,1,,,,
Q4SI79,Q4SI79_TETNG,1.0,,,,,,,,1,,
Q4SAS5,Q4SAS5_TETNG,1.0,,,,,,,,1,,
Q4SF07,Q4SF07_TETNG,1.0,,,,,,,,1,,
Q4SBK4,Q4SBK4_TETNG,1.0,,,,,,,,1,,
Q4SBK8,Q4SBK8_TETNG,1.0,,,,,,1,,,,
Q4SC12,Q4SC12_TETNG,1.0,,,,,,1,,,,
Q4SC17,Q4SC17_TETNG,1.0,,,,,,,,1,,
Q4SDF2,Q4SDF2_TETNG,1.0,,,,,,1,,,,
Q4SE24,Q4SE24_TETNG,1.0,,,,,,1,,,,
Q4SEG3,Q4SEG3_TETNG,1.0,,,,,,,,1,,
Q4SFA1,Q4SFA1_TETNG,1.0,,,,,,,,1,,
Q4SI05,Q4SI05_TETNG,1.0,,,,,,1,,,,
Q4SFW8,Q4SFW8_TETNG,1.0,,,,,,1,,,,
Q4SGH4,Q4SGH4_TETNG,1.0,,,,,,1,,,,
Q4SGP0,Q4SGP0_TETNG,1.0,,,,,,,,1,,
Q4SGP4,Q4SGP4_TETNG,1.0,,,,,,,,1,,
Q4SH42,Q4SH42_TETNG,1.0,,,,,,1,,,,
Q4SH47,Q4SH47_TETNG,1.0,,,,,,1,,,,
Q4SI01,Q4SI01_TETNG,1.0,,,,,,1,,,,
Q4RQA0,Q4RQA0_TETNG,1.0,,,,,,1,,,,
Q4RP76,Q4RP76_TETNG,1.0,,,,,,,,1,,
Q4RP43,Q4RP43_TETNG,1.0,,,,,,1,,,,
Q4G2D1,Q4G2D1_TRIVA,1.0,,,,,,1,,,,
Q4G2C4,Q4G2C4_TRIVA,1.0,,,,,,1,,,,
Q4G2C5,Q4G2C5_TRIVA,1.0,,,,,,1,,,,
Q4G2C6,Q4G2C6_TRIVA,1.0,,,,,,1,,,,
Q4G2C7,Q4G2C7_TRIVA,1.0,,,,,,1,,,,
Q4G2C8,Q4G2C8_TRIVA,1.0,,,,,,1,,,,
Q4G2C9,Q4G2C9_TRIVA,1.0,,,,,,1,,,,
Q4G2D0,Q4G2D0_TRIVA,1.0,,,,,,1,,,,
Q4G2D2,Q4G2D2_TRIVA,1.0,,,,,,1,,,,
Q4G2C2,Q4G2C2_TRIVA,1.0,,,,,,1,,,,
Q4G2D3,Q4G2D3_TRIVA,1.0,,,,,,1,,,,
Q4G2D4,Q4G2D4_TRIVA,1.0,,,,,,1,,,,
Q4G2D5,Q4G2D5_TRIVA,1.0,,,,,,1,,,,
Q4G2D6,Q4G2D6_TRIVA,1.0,,,,,,1,,,,
Q4I2W2,GEM1_GIBZE,1.0,,,,,,1,,,,
Q4IQT8,GPN3_GIBZE,1.0,,,,,,1,,,,
Q4J9A7,Q4J9A7_SULAC,1.0,,,,,,1,,,,
Q4G2C3,Q4G2C3_TRIVA,1.0,,,,,,1,,,,
Q4G2C1,Q4G2C1_TRIVA,1.0,,,,,,1,,,,
Q4RN58,Q4RN58_TETNG,1.0,,,,,,,,1,,
Q4G2B0,Q4G2B0_TRIVA,1.0,,,,,,1,,,,
Q4G2A2,Q4G2A2_TRIVA,1.0,,,,,,1,,,,
Q4G2A4,Q4G2A4_TRIVA,1.0,,,,,,1,,,,
Q4G2A5,Q4G2A5_TRIVA,1.0,,,,,,1,,,,
Q4G2A6,Q4G2A6_TRIVA,1.0,,,,,,1,,,,
Q4G2A7,Q4G2A7_TRIVA,1.0,,,,,,1,,,,
Q4G2A8,Q4G2A8_TRIVA,1.0,,,,,,1,,,,
Q4G2A9,Q4G2A9_TRIVA,1.0,,,,,,1,,,,
Q4G2B1,Q4G2B1_TRIVA,1.0,,,,,,1,,,,
Q4G2C0,Q4G2C0_TRIVA,1.0,,,,,,1,,,,
Q4G2B2,Q4G2B2_TRIVA,1.0,,,,,,1,,,,
Q4G2B3,Q4G2B3_TRIVA,1.0,,,,,,1,,,,
Q4G2B5,Q4G2B5_TRIVA,1.0,,,,,,1,,,,
Q4G2B6,Q4G2B6_TRIVA,1.0,,,,,,1,,,,
Q4G2B7,Q4G2B7_TRIVA,1.0,,,,,,1,,,,
Q4G2B8,Q4G2B8_TRIVA,1.0,,,,,,1,,,,
Q4G2B9,Q4G2B9_TRIVA,1.0,,,,,,1,,,,
Q4KLE0,Q4KLE0_XENLA,1.0,,,,,,,,1,,
Q4KML3,Q4KML3_XENTR,1.0,,,,,,1,,,,
Q4N403,Q4N403_THEPA,1.0,,,,,,1,,,,
Q4RES9,Q4RES9_TETNG,1.0,,,,,,1,,,,
Q4R8X3,RAB1B_MACFA,1.0,,,,,,,,1,,
Q4R9D4,RAP1B_MACFA,1.0,,,,,,,,1,,
Q4R9T2,Q4R9T2_TETNG,1.0,,,,,,1,,,,
Q4R9T5,Q4R9T5_TETNG,1.0,,,,,,1,,,,
Q4RCH1,Q4RCH1_TETNG,1.0,,,,,,1,,,,
Q4RCL6,Q4RCL6_TETNG,1.0,,,,,,1,,,,
Q4RD65,Q4RD65_TETNG,1.0,,,,,,1,,,,
Q4RGG4,Q4RGG4_TETNG,1.0,,,,,,,,1,,
Q4N440,Q4N440_THEPA,1.0,,,,,,1,,,,
Q4RHN8,Q4RHN8_TETNG,1.0,,,,,,,,1,,
Q4RI57,Q4RI57_TETNG,1.0,,,,,,1,,,,
Q4RJL0,Q4RJL0_TETNG,1.0,,,,,,1,,,,
Q4RJR0,Q4RJR0_TETNG,1.0,,,,,,1,,,,
Q4RKT1,Q4RKT1_TETNG,1.0,,,,,,,,1,,
Q4RLS0,Q4RLS0_TETNG,1.0,,,,,,1,,,,
Q4RLS5,Q4RLS5_TETNG,1.0,,,,,,,,1,,
Q4R6I4,Q4R6I4_MACFA,1.0,,,,,,,,1,,
Q4R5P1,RAB8A_MACFA,1.0,,,,,,,,1,,
Q4R4X6,RAB2A_MACFA,1.0,,,,,,,,1,,
Q4R4R9,RAB3A_MACFA,1.0,,,,,,,,1,,
Q4N4T1,Q4N4T1_THEPA,1.0,,,,,,1,,,,
Q4N5P5,Q4N5P5_THEPA,1.0,,,,,,1,,,,
Q4N6G6,Q4N6G6_THEPA,1.0,,,,,,1,,,,
Q4N6R9,Q4N6R9_THEPA,1.0,,,,,,1,,,,
Q4N705,Q4N705_THEPA,1.0,,,,,,1,,,,
Q4N7E3,Q4N7E3_THEPA,1.0,,,,,,1,,,,
Q4N7R3,Q4N7R3_THEPA,1.0,,,,,,1,,,,
Q4N831,Q4N831_THEPA,1.0,,,,,,1,,,,
Q4P0I7,SAR1_USTMA,1.0,,,,,,1,,,,
Q4PB75,GEM1_USTMA,1.0,,,,,,1,,,,
Q4PF70,GPN3_USTMA,1.0,,,,,,1,,,,
Q4PJW4,Q4PJW4_KRYMA,1.0,,,,,,,,1,,
Q4QR52,Q4QR52_XENLA,1.0,,,,,,,,1,,
Q4R379,RALB_MACFA,1.0,,,,,,,,1,,
Q4R4R6,CDC42_MACFA,1.0,,,,,,,,1,,
Q31BT4,Q31BT4_PROM9,1.0,,,,,,1,,,,
Q318U8,Q318U8_PROM9,1.0,,,,,,1,,,,
P84097,RHOG_CRICR,1.0,,,,,,,,1,,
Q0PD64,Q0PD64_MOUSE,1.0,,,,,,,,1,,
Q0PD49,Q0PD49_MOUSE,1.0,,,,,,,,1,,
Q0PD50,Q0PD50_MOUSE,1.0,,,,,,,,1,,
Q0PD53,Q0PD53_MOUSE,1.0,,,,,,,,1,,
Q0PD54,Q0PD54_MOUSE,1.0,,,,,,,,1,,
Q0PD56,Q0PD56_MOUSE,1.0,,,,,,,,1,,
Q0PD62,Q0PD62_MOUSE,1.0,,,,,,,,1,,
Q0PD63,Q0PD63_MOUSE,1.0,,,,,,,,1,,
Q0PD65,Q0PD65_MOUSE,1.0,,,,,,,,1,,
Q0PD45,Q0PD45_MOUSE,1.0,,,,,,,,1,,
Q0PD66,Q0PD66_MOUSE,1.0,,,,,,,,1,,
Q0PD67,Q0PD67_MOUSE,1.0,,,,,,,,1,,
Q0PH39,Q0PH39_TRIVA,1.0,,,,,,1,,,,
Q0V963,Q0V963_DANRE,1.0,,,,,,,,1,,
Q0V9B4,Q0V9B4_XENTR,1.0,,,,,,1,,,,
Q0V9V3,Q0V9V3_XENTR,1.0,,,,,,,,1,,
Q0VC18,ARL4D_BOVIN,1.0,,,,,,1,,,,
Q0PD48,Q0PD48_MOUSE,1.0,,,,,,,,1,,
Q0PD42,Q0PD42_MOUSE,1.0,,,,,,,,1,,
Q0VFL1,Q0VFL1_XENTR,1.0,,,,,,,,1,,
Q0PD23,Q0PD23_MOUSE,1.0,,,,,,,,1,,
Q0P5E2,GPN3_BOVIN,1.0,,,,,,1,,,,
Q0P5N6,ARL16_HUMAN,1.0,,,,,,1,,,,
Q0PD10,Q0PD10_MOUSE,1.0,,,,,,,,1,,
Q0PD11,Q0PD11_MOUSE,1.0,,,,,,,,1,,
Q0PD14,Q0PD14_MOUSE,1.0,,,,,,,,1,,
Q0PD15,Q0PD15_MOUSE,1.0,,,,,,,,1,,
Q0PD21,Q0PD21_MOUSE,1.0,,,,,,,,1,,
Q0PD24,Q0PD24_MOUSE,1.0,,,,,,,,1,,
Q0PD40,Q0PD40_MOUSE,1.0,,,,,,,,1,,
Q0PD25,Q0PD25_MOUSE,1.0,,,,,,,,1,,
Q0PD30,Q0PD30_MOUSE,1.0,,,,,,,,1,,
Q0PD31,Q0PD31_MOUSE,1.0,,,,,,,,1,,
Q0PD34,Q0PD34_MOUSE,1.0,,,,,,,,1,,
Q0PD35,Q0PD35_MOUSE,1.0,,,,,,,,1,,
Q0PD38,Q0PD38_MOUSE,1.0,,,,,,,,1,,
Q0PD39,Q0PD39_MOUSE,1.0,,,,,,,,1,,
Q0VCN3,IFT27_BOVIN,1.0,,,,,,1,,,,
Q0VZ32,Q0VZ32_MONDO,1.0,,,,,,,1,,,
Q16TQ1,Q16TQ1_AEDAE,1.0,,,,,,1,,,,
Q16JQ4,Q16JQ4_AEDAE,1.0,,,,,,1,,,,
Q14AA6,Q14AA6_MOUSE,1.0,,,,,,1,,,,
Q15NP7,Q15NP7_PSEA6,1.0,,,,,,1,,,,
Q16FI0,Q16FI0_AEDAE,1.0,,,,,,,1,,,
Q16FU0,Q16FU0_AEDAE,1.0,,,,,,1,,,,
Q16H28,Q16H28_AEDAE,1.0,,,,,,1,,,,
Q16I84,Q16I84_AEDAE,1.0,,,,,,1,,,,
Q16JB6,Q16JB6_AEDAE,1.0,,,,,,1,,,,
Q16K17,Q16K17_AEDAE,1.0,,,,,,1,,,,
Q148R0,Q148R0_MOUSE,1.0,,,,,,,,1,,
Q16P30,Q16P30_AEDAE,1.0,,,,,,1,,,,
Q16PL7,Q16PL7_AEDAE,1.0,,,,,,1,,,,
Q16PW1,Q16PW1_AEDAE,1.0,,,,,,1,,,,
Q16QU6,Q16QU6_AEDAE,1.0,,,,,,1,,,,
Q16QZ2,Q16QZ2_AEDAE,1.0,,,,,,1,,,,
Q16S68,Q16S68_AEDAE,1.0,,,,,,1,,,,
Q16SZ9,Q16SZ9_AEDAE,1.0,,,,,,1,,,,
Q14A12,Q14A12_MOUSE,1.0,,,,,,,,1,,
Q14015,Q14015_HUMAN,1.0,,,,,,,,1,,
Q0W3K2,Q0W3K2_UNCMA,1.0,,,,,,1,,,,
Q10RN9,Q10RN9_ORYSJ,1.0,,,,,,1,,,,
Q0WQN4,RAA6B_ARATH,1.0,,,,,,1,,,,
Q10133,RHO2_SCHPO,1.0,,,,,,1,,,,
Q10943,ARF12_CAEEL,1.0,,,,,,1,,,,
Q10BF4,Q10BF4_ORYSJ,1.0,,,,,,1,,,,
Q10P96,Q10P96_ORYSJ,1.0,,,,,,1,,,,
Q10QD5,Q10QD5_ORYSJ,1.0,,,,,,1,,,,
Q10QM4,Q10QM4_ORYSJ,1.0,,,,,,1,,,,
Q10RT8,Q10RT8_ORYSJ,1.0,,,,,,1,,,,
Q13795,ARFRP_HUMAN,1.0,,,,,,1,,,,
Q10XZ2,Q10XZ2_TRIEI,1.0,,,,,,1,,,,
Q10XZ3,Q10XZ3_TRIEI,1.0,,,,,,1,,,,
Q10Y31,Q10Y31_TRIEI,1.0,,,,,,1,,,,
Q114B5,Q114B5_TRIEI,1.0,,,,,,1,,,,
Q115V0,Q115V0_TRIEI,1.0,,,,,,1,,,,
Q118X0,Q118X0_TRIEI,1.0,,,,,,1,,,,
Q12UV1,Q12UV1_METBU,1.0,,,,,,1,,,,
Q0P495,Q0P495_DANRE,1.0,,,,,,1,,,,
Q0P3X9,Q0P3X9_DANRE,1.0,,,,,,,,1,,
Q0KHU4,Q0KHU4_DROME,1.0,,,,,,1,,,,
Q019Y6,Q019Y6_OSTTA,1.0,,,,,,1,,,,
Q015T4,Q015T4_OSTTA,1.0,,,,,,1,,,,
Q015T6,Q015T6_OSTTA,1.0,,,,,,1,,,,
Q016T0,Q016T0_OSTTA,1.0,,,,,,1,,,,
Q017Y1,Q017Y1_OSTTA,1.0,,,,,,1,,,,
Q019D2,Q019D2_OSTTA,1.0,,,,,,1,,,,
Q019H2,Q019H2_OSTTA,1.0,,,,,,1,,,,
Q019T2,Q019T2_OSTTA,1.0,,,,,,1,,,,
Q01E98,Q01E98_OSTTA,1.0,,,,,,1,,,,
Q01474,SAR1B_ARATH,1.0,,,,,,1,,,,
Q01EP8,Q01EP8_OSTTA,1.0,,,,,,1,,,,
Q01FC8,Q01FC8_OSTTA,1.0,,,,,,1,,,,
Q02804,ARL3_YEAST,1.0,,,,,,1,,,,
Q03206,RAC1_CAEEL,1.0,,,,,,1,,,,
Q05062,CDC42_CAEEL,1.0,,,,,,1,,,,
Q05147,RASK_XENLA,1.0,,,,,,,,1,,
Q05AU9,Q05AU9_XENLA,1.0,,,,,,,,1,,
Q01475,SAR1_SCHPO,1.0,,,,,,1,,,,
Q013D9,Q013D9_OSTTA,1.0,,,,,,1,,,,
Q0JQ62,Q0JQ62_ORYSJ,1.0,,,,,,1,,,,
P92963,RAB1C_ARATH,1.0,,,,,,1,,,,
P87021,P87021_MAGGR,1.0,,,,,,1,,,,
P87027,SPG1_SCHPO,1.0,,,,,,1,,,,
P87494,P87494_MELGA,1.0,,,,,,,,1,,
P90642,P90642_9TRYP,1.0,,,,,,1,,,,
P90726,RAB18_CAEBR,1.0,,,,,,1,,,,
P91857,P91857_CAEEL,1.0,,,,,,1,,,,
P92149,P92149_CAEEL,1.0,,,,,,1,,,,
P92978,RAC11_ARATH,1.0,,,,,,1,,,,
Q01112,CDC42_SCHPO,1.0,,,,,,1,,,,
Q00245,RHO3_YEAST,1.0,,,,,,1,,,,
Q00246,RHO4_YEAST,1.0,,,,,,1,,,,
Q007T5,ARF6_PIG,1.0,,,,,,1,,,,
Q00TE0,Q00TE0_OSTTA,1.0,,,,,,1,,,,
Q00VT3,Q00VT3_OSTTA,1.0,,,,,,1,,,,
Q00X62,Q00X62_OSTTA,1.0,,,,,,1,,,,
Q010X7,Q010X7_OSTTA,1.0,,,,,,1,,,,
Q05D03,Q05D03_HUMAN,1.0,,,,,,,,1,,
Q05D38,Q05D38_MOUSE,1.0,,,,,,,,1,,
Q06396,ARF1_ORYSJ,1.0,,,,,,1,,,,
Q0DGE4,Q0DGE4_ORYSJ,1.0,,,,,,1,,,,
Q0CBH4,Q0CBH4_ASPTN,1.0,,,,,,,1,,,
Q0CF25,Q0CF25_ASPTN,1.0,,,,,,,1,,,
Q0CHE1,Q0CHE1_ASPTN,1.0,,,,,,,1,,,
Q0CIB2,Q0CIB2_ASPTN,1.0,,,,,,,1,,,
Q0CUN7,SAR1_ASPTN,1.0,,,,,,1,,,,
Q0D2F1,Q0D2F1_XENTR,1.0,,,,,,,,1,,
Q0D7Z4,Q0D7Z4_ORYSJ,1.0,,,,,,1,,,,
Q0DGS9,Q0DGS9_ORYSJ,1.0,,,,,,1,,,,
Q06543,GPN3_YEAST,1.0,,,,,,1,,,,
Q0DYE5,Q0DYE5_ORYSJ,1.0,,,,,,1,,,,
Q0E1L4,Q0E1L4_ORYSJ,1.0,,,,,,1,,,,
Q0I7T3,Q0I7T3_SYNS3,1.0,,,,,,1,,,,
Q0I908,Q0I908_SYNS3,1.0,,,,,,1,,,,
Q0I9V4,Q0I9V4_SYNS3,1.0,,,,,,1,,,,
Q0II28,Q0II28_BOVIN,1.0,,,,,,,,1,,
Q0IIM2,ARL6_BOVIN,1.0,,,,,,1,,,,
Q0CA04,Q0CA04_ASPTN,1.0,,,,,,,1,,,
Q09914,RHO1_SCHPO,1.0,,,,,,1,,,,
Q09767,ARL_SCHPO,1.0,,,,,,1,,,,
Q09654,TRI23_CAEEL,1.0,,,,,,1,,,,
Q06849,ARL2_DROME,1.0,,,,,,1,,,,
Q06AT6,Q06AT6_PIG,1.0,,,,,,,,1,,
Q06AU1,Q06AU1_PIG,1.0,,,,,,1,,,,
Q06AU4,RAB34_PIG,1.0,,,,,,1,,,,
Q06AU6,RAB5A_PIG,1.0,,,,,,,,1,,
Q06AU7,RAB1B_PIG,1.0,,,,,,,,1,,
Q078W8,Q078W8_ASPNG,1.0,,,,,,1,,,,
Q08726,GPN2_YEAST,1.0,,,,,,1,,,,
Q08AT1,RASLC_MOUSE,1.0,,,,,,1,,,,
Q08AW6,Q08AW6_XENLA,1.0,,,,,,,,1,,
Q08C70,Q08C70_DANRE,1.0,,,,,,1,,,,
Q08CX1,RASEF_XENTR,1.0,,,,,,1,,,,
Q08CZ8,Q08CZ8_XENTR,1.0,,,,,,,,1,,
Q08E00,RASLC_BOVIN,1.0,,,,,,1,,,,
Q09036,Q09036_ASPFM,1.0,,,,,,,1,,,
Q16T31,Q16T31_AEDAE,1.0,,,,,,1,,,,
Q16TZ7,Q16TZ7_AEDAE,1.0,,,,,,1,,,,
Q307G8,Q307G8_SHEEP,1.0,,,,,,,,1,,
Q295X7,RAS1_DROPS,1.0,,,,,,1,,,,
Q28FN2,Q28FN2_XENTR,1.0,,,,,,1,,,,
Q28GE0,Q28GE0_XENTR,1.0,,,,,,,,1,,
Q28HQ6,Q28HQ6_XENTR,1.0,,,,,,1,,,,
Q28I42,GPN3_XENTR,1.0,,,,,,1,,,,
Q28J03,Q28J03_XENTR,1.0,,,,,,1,,,,
Q29222,Q29222_PIG,1.0,,,,,,1,,,,
Q29405,Q29405_CANFA,1.0,,,,,,1,,,,
Q298L5,MIRO_DROPS,1.0,,,,,,1,,,,
Q28D93,Q28D93_XENTR,1.0,,,,,,1,,,,
Q29HY3,CDC42_DROPS,1.0,,,,,,1,,,,
Q29R39,Q29R39_DROME,1.0,,,,,,1,,,,
Q29RA1,Q29RA1_DANRE,1.0,,,,,,,,1,,
Q29RC5,Q29RC5_DANRE,1.0,,,,,,,,1,,
Q2FTD2,Q2FTD2_METHJ,1.0,,,,,,1,,,,
Q2HJF8,MIRO1_BOVIN,1.0,,,,,,1,,,,
Q2IFP1,Q2IFP1_ANADE,1.0,,,,,,1,,,,
Q28F86,Q28F86_XENTR,1.0,,,,,,1,,,,
Q28CB6,Q28CB6_XENTR,1.0,,,,,,1,,,,
Q2IQ49,Q2IQ49_ANADE,1.0,,,,,,1,,,,
Q25999,Q25999_PLAFA,1.0,,,,,,1,,,,
Q23445,SAR1_CAEEL,1.0,,,,,,1,,,,
Q23862,RACE_DICDI,1.0,,,,,,1,,,,
Q24192,RHOL_DROME,1.0,,,,,,1,,,,
Q24814,RACA_ENTHI,1.0,,,,,,1,,,,
Q24815,RACB_ENTHI,1.0,,,,,,1,,,,
Q24816,RACC_ENTHI,1.0,,,,,,1,,,,
Q24817,RACD_ENTHI,1.0,,,,,,1,,,,
Q26000,Q26000_PLAFA,1.0,,,,,,1,,,,
Q28C52,Q28C52_XENTR,1.0,,,,,,,,1,,
Q26560,Q26560_SCHMA,1.0,,,,,,,1,,,
Q26620,Q26620_STRPU,1.0,,,,,,1,,,,
Q26621,Q26621_STRPU,1.0,,,,,,1,,,,
Q26682,Q26682_9TRYP,1.0,,,,,,1,,,,
Q26687,Q26687_9TRYP,1.0,,,,,,1,,,,
Q26688,Q26688_TRYBB,1.0,,,,,,1,,,,
Q26690,Q26690_9TRYP,1.0,,,,,,1,,,,
Q2IHN0,Q2IHN0_ANADE,1.0,,,,,,1,,,,
Q2JHV4,Q2JHV4_SYNJB,1.0,,,,,,1,,,,
Q16UA3,Q16UA3_AEDAE,1.0,,,,,,1,,,,
Q2U574,Q2U574_ASPOR,1.0,,,,,,,1,,,
Q2RW57,Q2RW57_RHORT,1.0,,,,,,1,,,,
Q2SQD0,Q2SQD0_HAHCH,1.0,,,,,,1,,,,
Q2TA37,ARL2_BOVIN,1.0,,,,,,1,,,,
Q2TAR5,Q2TAR5_XENLA,1.0,,,,,,,,1,,
Q2TU56,Q2TU56_CANAX,1.0,,,,,,1,,,,
Q2TZB8,Q2TZB8_ASPOR,1.0,,,,,,,1,,,
Q2U452,Q2U452_ASPOR,1.0,,,,,,,1,,,
Q2UE83,Q2UE83_ASPOR,1.0,,,,,,,1,,,
Q2QNE0,Q2QNE0_ORYSJ,1.0,,,,,,1,,,,
Q2UKL5,Q2UKL5_ASPOR,1.0,,,,,,,1,,,
Q2UM43,GEM1_ASPOR,1.0,,,,,,1,,,,
Q2UTJ0,Q2UTJ0_ASPOR,1.0,,,,,,,1,,,
Q2VPM2,Q2VPM2_XENLA,1.0,,,,,,,,1,,
Q2VPM6,Q2VPM6_XENLA,1.0,,,,,,,,1,,
Q2XYK6,Q2XYK6_DROME,1.0,,,,,,1,,,,
Q2YDM1,ARL1_BOVIN,1.0,,,,,,1,,,,
Q2QNM5,Q2QNM5_ORYSJ,1.0,,,,,,1,,,,
Q2QA40,Q2QA40_PHYSO,1.0,,,,,,1,,,,
Q2JI78,Q2JI78_SYNJB,1.0,,,,,,1,,,,
Q2KI07,ARL8B_BOVIN,1.0,,,,,,1,,,,
Q2JLR7,Q2JLR7_SYNJB,1.0,,,,,,1,,,,
Q2JQ47,Q2JQ47_SYNJB,1.0,,,,,,1,,,,
Q2JQG1,Q2JQG1_SYNJA,1.0,,,,,,1,,,,
Q2JQR4,Q2JQR4_SYNJA,1.0,,,,,,1,,,,
Q2JVD7,Q2JVD7_SYNJA,1.0,,,,,,1,,,,
Q2JWF9,Q2JWF9_SYNJA,1.0,,,,,,1,,,,
Q2JWQ7,Q2JWQ7_SYNJA,1.0,,,,,,1,,,,
Q2KI93,Q2KI93_BOVIN,1.0,,,,,,1,,,,
Q2PMX0,Q2PMX0_ANAPL,1.0,,,,,,,,1,,
Q2KJ93,CDC42_BOVIN,1.0,,,,,,,,1,,
Q2KJ96,ARL5A_BOVIN,1.0,,,,,,1,,,,
Q2LIW3,Q2LIW3_ORYLA,1.0,,,,,,,,1,,
Q2LIW4,Q2LIW4_ONCMY,1.0,,,,,,,,1,,
Q2LIW6,Q2LIW6_TAKRU,1.0,,,,,,1,,,,
Q2LIW9,Q2LIW9_DANRE,1.0,,,,,,,,1,,
Q2PG58,Q2PG58_MACFA,1.0,,,,,,,,1,,
Q23146,Q23146_CAEEL,1.0,,,,,,1,,,,
Q22908,RASEF_CAEEL,1.0,,,,,,1,,,,
Q22782,RAB6B_CAEEL,1.0,,,,,,1,,,,
Q17IM4,Q17IM4_AEDAE,1.0,,,,,,1,,,,
Q17BP4,Q17BP4_AEDAE,1.0,,,,,,1,,,,
Q17CH1,Q17CH1_AEDAE,1.0,,,,,,1,,,,
Q17CK2,Q17CK2_AEDAE,1.0,,,,,,1,,,,
Q17F37,Q17F37_AEDAE,1.0,,,,,,1,,,,
Q17F70,Q17F70_AEDAE,1.0,,,,,,1,,,,
Q17FV9,Q17FV9_AEDAE,1.0,,,,,,1,,,,
Q17GF6,Q17GF6_AEDAE,1.0,,,,,,1,,,,
Q17J36,Q17J36_AEDAE,1.0,,,,,,1,,,,
Q17B74,Q17B74_AEDAE,1.0,,,,,,1,,,,
Q17JX3,Q17JX3_AEDAE,1.0,,,,,,,1,,,
Q17JY4,Q17JY4_AEDAE,1.0,,,,,,1,,,,
Q17KU9,Q17KU9_AEDAE,1.0,,,,,,1,,,,
Q17KZ8,Q17KZ8_AEDAE,1.0,,,,,,1,,,,
Q18510,ARL6_CAEEL,1.0,,,,,,1,,,,
Q18898,Q18898_CAEEL,1.0,,,,,,1,,,,
Q18969,Q18969_CAEEL,1.0,,,,,,1,,,,
Q17BN9,Q17BN9_AEDAE,1.0,,,,,,1,,,,
Q17B64,Q17B64_AEDAE,1.0,,,,,,1,,,,
Q22045,Q22045_CAEEL,1.0,,,,,,1,,,,
Q17031,CDC42_ANOGA,1.0,,,,,,1,,,,
Q16V02,Q16V02_AEDAE,1.0,,,,,,1,,,,
Q16W42,Q16W42_AEDAE,1.0,,,,,,1,,,,
Q16WA1,Q16WA1_AEDAE,1.0,,,,,,1,,,,
Q16XA1,Q16XA1_AEDAE,1.0,,,,,,1,,,,
Q16Y42,Q16Y42_AEDAE,1.0,,,,,,1,,,,
Q16YG0,CDC42_AEDAE,1.0,,,,,,1,,,,
Q16ZY0,Q16ZY0_AEDAE,1.0,,,,,,1,,,,
Q170P3,Q170P3_AEDAE,1.0,,,,,,1,,,,
Q178U7,Q178U7_AEDAE,1.0,,,,,,,1,,,
Q171G7,Q171G7_AEDAE,1.0,,,,,,1,,,,
Q171U7,Q171U7_AEDAE,1.0,,,,,,1,,,,
Q172Z9,Q172Z9_AEDAE,1.0,,,,,,1,,,,
Q174R0,Q174R0_AEDAE,1.0,,,,,,1,,,,
Q175V5,Q175V5_AEDAE,1.0,,,,,,1,,,,
Q176R5,Q176R5_AEDAE,1.0,,,,,,1,,,,
Q177M1,Q177M1_AEDAE,1.0,,,,,,1,,,,
Q18E10,Q18E10_HALWD,1.0,,,,,,1,,,,
Q19705,ARL2_CAEEL,1.0,,,,,,1,,,,
Q19739,Q19739_CAEEL,1.0,,,,,,1,,,,
Q1ZXG2,Q1ZXG2_DICDI,1.0,,,,,,1,,,,
Q1WCD2,Q1WCD2_ICTPU,1.0,,,,,,,,1,,
Q1WKM1,Q1WKM1_ANGAN,1.0,,,,,,,,1,,
Q1ZXA5,ARLX_DICDI,1.0,,,,,,1,,,,
Q1ZXB8,Q1ZXB8_DICDI,1.0,,,,,,1,,,,
Q1ZXC0,Q1ZXC0_DICDI,1.0,,,,,,1,,,,
Q1ZXD6,ROCO5_DICDI,1.0,,,,,,1,,,,
Q1ZXE7,RABZ_DICDI,1.0,,,,,,1,,,,
Q1ZXJ6,Q1ZXJ6_DICDI,1.0,,,,,,1,,,,
Q1CXQ3,Q1CXQ3_MYXXD,1.0,,,,,,1,,,,
Q1ZXK9,Q1ZXK9_DICDI,1.0,,,,,,1,,,,
Q1ZXN9,Q1ZXN9_DICDI,1.0,,,,,,1,,,,
Q1ZXR4,Q1ZXR4_CAEEL,1.0,,,,,,1,,,,
Q20365,RAB33_CAEEL,1.0,,,,,,1,,,,
Q20758,ARL1_CAEEL,1.0,,,,,,1,,,,
Q21137,Q21137_CAEEL,1.0,,,,,,1,,,,
Q22038,RHO1_CAEEL,1.0,,,,,,1,,,,
Q1WA63,Q1WA63_ICTPU,1.0,,,,,,,,1,,
Q1RPZ8,Q1RPZ8_CIOIN,1.0,,,,,,1,,,,
Q1RMQ7,Q1RMQ7_BOVIN,1.0,,,,,,,,1,,
Q1RMP1,Q1RMP1_BOVIN,1.0,,,,,,1,,,,
Q1D8W2,Q1D8W2_MYXXD,1.0,,,,,,1,,,,
Q1DB04,MGLA_MYXXD,1.0,,,,,,1,,,,
Q1DH30,Q1DH30_AEDAE,1.0,,,,,,1,,,,
Q1EPR7,Q1EPR7_BRABE,1.0,,,,,,,,1,,
Q1EPR8,Q1EPR8_HALRO,1.0,,,,,,,,1,,
Q1HQR4,Q1HQR4_AEDAE,1.0,,,,,,1,,,,
Q1HQU3,Q1HQU3_AEDAE,1.0,,,,,,1,,,,
Q1HR30,Q1HR30_AEDAE,1.0,,,,,,1,,,,
Q1HR73,Q1HR73_AEDAE,1.0,,,,,,1,,,,
Q1ITT7,Q1ITT7_KORVE,1.0,,,,,,1,,,,
Q1IXC4,Q1IXC4_DEIGD,1.0,,,,,,1,,,,
Q1L8G2,Q1L8G2_DANRE,1.0,,,,,,1,,,,
Q1LVZ1,Q1LVZ1_DANRE,1.0,,,,,,,,1,,
Q1MTE5,ARL3_DANRE,1.0,,,,,,1,,,,
Q1PEX3,RAA1H_ARATH,1.0,,,,,,1,,,,
A0A087X469,A0A087X469_POEFO,1.0,,1,,,,,,,,
