,,,KOr74,GENETREEr79,OMAr2014,TREEFAMr9,ORTHODBv8,EggNOGv4,HOGENOMr6,HOVERGENr49,COGv2014,HumPhylomeDBv4
,,,K10770,ENSGT00530000063536,PCNCSYP,TF316056,EOG780RMC,COG0500,HOG000007984,HBG067234,NA,Q96BT7
ACC,ENTRY_NAME,Db_count,,,,,,,,,,
Q96BT7,ALKB8_HUMAN,9.0,1,1,1,1,1,1,1,1,,1
Q96BT7,ALKB8_HUMAN,9.0,1,1,1,1,1,1,1,1,,1
Q80Y20,ALKB8_MOUSE,9.0,1,1,1,1,1,1,1,1,,1
Q80Y20,ALKB8_MOUSE,9.0,1,1,1,1,1,1,1,1,,1
A1A4L5,ALKB8_BOVIN,8.0,1,1,1,1,1,1,1,1,,
A7SSH3,A7SSH3_NEMVE,6.0,1,,1,,1,1,1,,,1
Q9U3P9,Q9U3P9_CAEEL,6.0,1,1,1,,,1,1,,,1
Q7PZG8,Q7PZG8_ANOGA,6.0,1,,1,,1,1,1,,,1
B7QP17,B7QP17_IXOSC,5.0,1,,1,,1,1,,,,1
F6ZD81,F6ZD81_MONDO,5.0,1,1,1,1,1,,,,,
H2NF60,H2NF60_PONAB,5.0,1,1,1,1,1,,,,,
H2R4Z9,H2R4Z9_PANTR,5.0,1,1,1,1,1,,,,,
E9QB52,E9QB52_DANRE,5.0,1,1,1,1,1,,,,,
E2REE7,E2REE7_CANFA,5.0,1,1,1,1,1,,,,,
D3ZK29,D3ZK29_RAT,5.0,1,1,1,1,1,,,,,
H3AJZ8,H3AJZ8_LATCH,5.0,1,1,1,1,1,,,,,
F1P0F6,F1P0F6_CHICK,5.0,1,1,1,1,1,,,,,
B3RYI8,B3RYI8_TRIAD,5.0,1,,1,,1,1,1,,,
Q17MR7,Q17MR7_AEDAE,5.0,1,,1,,1,1,1,,,
I3LA93,I3LA93_PIG,5.0,1,1,1,1,1,,,,,
B0W2J3,B0W2J3_CULQU,4.0,1,,,,1,1,1,,,
Q9W232,Q9W232_DROME,4.0,1,1,1,,,,,,,1
H0ZQZ0,H0ZQZ0_TAEGU,4.0,,1,1,1,1,,,,,
F7DYZ5,F7DYZ5_HORSE,4.0,,1,1,1,1,,,,,
F7ERM8,F7ERM8_CALJA,4.0,,1,1,1,1,,,,,
H0WR05,H0WR05_OTOGA,4.0,,1,1,1,1,,,,,
M4A8W2,M4A8W2_XIPMA,4.0,1,1,1,,1,,,,,
H0V8T4,H0V8T4_CAVPO,4.0,,1,1,1,1,,,,,
Q07G10,ALKB8_XENTR,4.0,1,,,,,1,1,1,,
G1L5Y2,G1L5Y2_AILME,4.0,,1,1,1,1,,,,,
Q18489,Q18489_CAEEL,4.0,,1,,,1,1,,,,1
G3WMU7,G3WMU7_SARHA,4.0,,1,1,1,1,,,,,
G1NQI0,G1NQI0_MELGA,4.0,,1,1,1,1,,,,,
G3TJR8,G3TJR8_LOXAF,4.0,,1,1,1,1,,,,,
G1R6H7,G1R6H7_NOMLE,4.0,1,1,,1,1,,,,,
G1T292,G1T292_RABIT,4.0,1,1,,1,1,,,,,
G3RHK5,G3RHK5_GORGO,4.0,,1,1,1,1,,,,,
G3NZQ6,G3NZQ6_GASAC,4.0,,1,1,1,1,,,,,
B4J4H3,B4J4H3_DROGR,4.0,1,,1,,1,1,,,,
F6ZTX9,F6ZTX9_CIOIN,4.0,,1,1,1,1,,,,,
H2Y735,H2Y735_CIOSA,4.0,,1,1,1,1,,,,,
B4P5H7,B4P5H7_DROYA,4.0,1,,1,,1,1,,,,
H2SXL0,H2SXL0_TAKRU,4.0,,1,1,1,1,,,,,
C3YRT0,C3YRT0_BRAFL,4.0,1,,1,,,1,,,,1
F6SFX6,F6SFX6_ORNAN,4.0,1,1,,1,1,,,,,
I3N542,I3N542_SPETR,4.0,,1,1,1,1,,,,,
H3CY54,H3CY54_TETNG,4.0,,1,1,1,1,,,,,
H2M3S2,H2M3S2_ORYLA,4.0,,1,1,1,1,,,,,
B4LMN5,B4LMN5_DROVI,4.0,1,,1,,1,1,,,,
B4N5M3,B4N5M3_DROWI,4.0,1,,1,,1,1,,,,
H3AHV6,H3AHV6_LATCH,3.0,,1,,1,1,,,,,
K7FY08,K7FY08_PELSI,3.0,,1,,1,1,,,,,
H2LFM1,H2LFM1_ORYLA,3.0,,1,,1,1,,,,,
G3VFA0,G3VFA0_SARHA,3.0,,1,,1,1,,,,,
H3AN43,H3AN43_LATCH,3.0,,1,,1,1,,,,,
H3DFR2,H3DFR2_TETNG,3.0,,1,,1,1,,,,,
H9IUY1,H9IUY1_BOMMO,3.0,1,,1,,1,,,,,
G3SN27,G3SN27_LOXAF,3.0,,1,,1,1,,,,,
I3M5L2,I3M5L2_SPETR,3.0,,1,,1,1,,,,,
H0UXH6,H0UXH6_CAVPO,3.0,,1,,1,1,,,,,
H2SRW9,H2SRW9_TAKRU,3.0,,1,,1,1,,,,,
H2REA5,H2REA5_PANTR,3.0,,1,,1,1,,,,,
G3RGP5,G3RGP5_GORGO,3.0,,1,,1,1,,,,,
H2PPL5,H2PPL5_PONAB,3.0,,1,,1,1,,,,,
H0X7J9,H0X7J9_OTOGA,3.0,,1,,1,1,,,,,
H0ZAI8,H0ZAI8_TAEGU,3.0,,1,,1,1,,,,,
I3JBX6,I3JBX6_ORENI,3.0,,,1,1,1,,,,,
M3X3C2,M3X3C2_FELCA,3.0,,1,1,,1,,,,,
M3Y3X5,M3Y3X5_MUSPF,3.0,,1,1,,1,,,,,
F7HEI6,F7HEI6_MACMU,3.0,,1,,1,1,,,,,
F1MVZ1,F1MVZ1_BOVIN,3.0,,1,,1,1,,,,,
F6VS96,F6VS96_XENTR,3.0,,1,1,1,,,,,,
B3MEC7,B3MEC7_DROAN,3.0,1,,,,1,1,,,,
B4KTF1,B4KTF1_DROMO,3.0,1,,1,,1,,,,,
B6IHE3,B6IHE3_CAEBR,3.0,,,,,1,1,1,,,
D2A2C2,D2A2C2_TRICA,3.0,1,,1,,1,,,,,
U3JCI3,U3JCI3_FICAL,3.0,1,1,1,,,,,,,
U3J8C5,U3J8C5_ANAPL,3.0,1,1,1,,,,,,,
D3ZQW3,D3ZQW3_RAT,3.0,,1,,1,1,,,,,
E0VDR9,E0VDR9_PEDHC,3.0,1,,1,,1,,,,,
E2RHE3,E2RHE3_CANFA,3.0,,1,,1,1,,,,,
G1TT23,G1TT23_RABIT,3.0,,1,,1,1,,,,,
F1QK09,F1QK09_DANRE,3.0,,1,,1,1,,,,,
F1SEU5,F1SEU5_PIG,3.0,,1,,1,1,,,,,
K7FPP1,K7FPP1_PELSI,3.0,,1,,1,1,,,,,
F6XN77,F6XN77_CALJA,3.0,,1,,1,1,,,,,
F7ARD9,F7ARD9_HORSE,3.0,,1,,1,1,,,,,
F7BB47,F7BB47_XENTR,3.0,,1,,1,1,,,,,
G1QMZ0,G1QMZ0_NOMLE,3.0,,1,,1,1,,,,,
Q80WQ4,K1456_MOUSE,3.0,,1,,1,,1,,,,
F7FNN5,F7FNN5_MONDO,3.0,,1,,1,1,,,,,
G1PVG8,G1PVG8_MYOLU,3.0,,1,,1,1,,,,,
G1KI75,G1KI75_ANOCA,3.0,,1,,1,1,,,,,
G1LKR9,G1LKR9_AILME,3.0,,1,,1,1,,,,,
F6ZG35,F6ZG35_XENTR,3.0,,1,,1,1,,,,,
G1NGI7,G1NGI7_MELGA,3.0,,1,,1,1,,,,,
G1PLV5,G1PLV5_MYOLU,3.0,,1,,1,1,,,,,
Q7QB08,Q7QB08_ANOGA,2.0,,,,,1,1,,,,
Q8T9A3,Q8T9A3_DROME,2.0,,,,,1,1,,,,
Q00WU0,Q00WU0_OSTTA,2.0,1,,,,,1,,,,
M3VXE5,M3VXE5_FELCA,2.0,,1,,,1,,,,,
B0W675,B0W675_CULQU,2.0,,,,,1,1,,,,
B0W676,B0W676_CULQU,2.0,,,,,1,1,,,,
B7PR52,B7PR52_IXOSC,2.0,,,,,1,1,,,,
M3ZXP5,M3ZXP5_XIPMA,2.0,,1,,,1,,,,,
P49957,TRM9_YEAST,2.0,,1,,,,1,,,,
M3YJD0,M3YJD0_MUSPF,2.0,,1,,,1,,,,,
W5PLB0,W5PLB0_SHEEP,2.0,,1,1,,,,,,,
K7EYE3,K7EYE3_PELSI,2.0,,1,,,1,,,,,
D3YYA2,D3YYA2_MOUSE,2.0,,1,,,1,,,,,
B3NLI7,B3NLI7_DROER,2.0,1,,,,1,,,,,
B3LYI7,B3LYI7_DROAN,2.0,,,,,1,1,,,,
B4GC19,B4GC19_DROPE,2.0,1,,,,1,,,,,
B4I868,B4I868_DROSE,2.0,1,,,,1,,,,,
B4JGH7,B4JGH7_DROGR,2.0,,,,,1,1,,,,
B4NJ98,B4NJ98_DROWI,2.0,,,,,1,1,,,,
Q4SEL8,Q4SEL8_TETNG,2.0,,,,,,1,1,,,
B4PSY8,B4PSY8_DROYA,2.0,,,,,1,1,,,,
B4QHJ3,B4QHJ3_DROSI,2.0,1,,,,1,,,,,
C5XYQ9,C5XYQ9_SORBI,2.0,1,,,,,1,,,,
C3Y3G3,C3Y3G3_BRAFL,2.0,,,,,,1,,,,1
E5SPP6,E5SPP6_TRISP,2.0,1,,1,,,,,,,
A7RFM4,A7RFM4_NEMVE,2.0,,,,,1,1,,,,
F6XBY7,F6XBY7_HUMAN,2.0,,1,,,1,,,,,
F7ALK5,F7ALK5_ORNAN,2.0,,1,,,1,,,,,
F7BZM1,F7BZM1_XENTR,2.0,,1,,,1,,,,,
F7GQ66,F7GQ66_MACMU,2.0,,1,,1,,,,,,
Q6PBM3,Q6PBM3_DANRE,2.0,,,,,,1,,,,1
A8XSN3,A8XSN3_CAEBR,2.0,,,,,1,1,,,,
G3PC97,G3PC97_GASAC,2.0,,1,,1,,,,,,
Q290H5,Q290H5_DROPS,2.0,1,,,,1,,,,,
H0ZUW8,H0ZUW8_TAEGU,2.0,,1,,,1,,,,,
H3CY53,H3CY53_TETNG,2.0,,1,,,1,,,,,
I3JDK7,I3JDK7_ORENI,2.0,,,,1,1,,,,,
G3PC93,G3PC93_GASAC,2.0,,1,,,1,,,,,
F7GQ60,F7GQ60_MACMU,2.0,,1,,,1,,,,,
B9GUI4,B9GUI4_POPTR,2.0,1,,,,,1,,,,
V4ATA6,V4ATA6_LOTGI,2.0,1,,1,,,,,,,
Q9P272,K1456_HUMAN,2.0,,1,,,,1,,,,
T1FZQ0,T1FZQ0_HELRO,2.0,1,,1,,,,,,,
Q9VBJ3,Q9VBJ3_DROME,2.0,,,,,1,1,,,,
W5MIQ7,W5MIQ7_LEPOC,2.0,,1,1,,,,,,,
B2G8A0,B2G8A0_LACRJ,1.0,,,,,,1,,,,
B2GB68,B2GB68_LACF3,1.0,,,,,,1,,,,
B2GDA6,B2GDA6_LACF3,1.0,,,,,,1,,,,
B2GH07,B2GH07_KOCRD,1.0,,,,,,1,,,,
B2GJI8,B2GJI8_KOCRD,1.0,,,,,,1,,,,
B2HE83,B2HE83_MYCMM,1.0,,,,,,1,,,,
B2GV71,NDUF5_RAT,1.0,,,,,,1,,,,
B2HDE8,B2HDE8_MYCMM,1.0,,,,,,1,,,,
B2HDK4,B2HDK4_MYCMM,1.0,,,,,,1,,,,
B2G6J7,B2G6J7_LACRJ,1.0,,,,,,1,,,,
B2HDQ6,B2HDQ6_MYCMM,1.0,,,,,,1,,,,
B2HDS5,B2HDS5_MYCMM,1.0,,,,,,1,,,,
B2FT79,B2FT79_STRMK,1.0,,,,,,1,,,,
A9WAA1,A9WAA1_CHLAA,1.0,,,,,,1,,,,
B2HF66,B2HF66_MYCMM,1.0,,,,,,1,,,,
B2FPI8,B2FPI8_STRMK,1.0,,,,,,1,,,,
B2HG91,B2HG91_MYCMM,1.0,,,,,,1,,,,
B2HGP8,B2HGP8_MYCMM,1.0,,,,,,1,,,,
B2HHE5,B2HHE5_MYCMM,1.0,,,,,,1,,,,
B2HHI1,B2HHI1_MYCMM,1.0,,,,,,1,,,,
B2HHI2,B2HHI2_MYCMM,1.0,,,,,,1,,,,
B2HHS7,B2HHS7_MYCMM,1.0,,,,,,1,,,,
B2HID9,B2HID9_MYCMM,1.0,,,,,,1,,,,
B2HIM1,B2HIM1_MYCMM,1.0,,,,,,1,,,,
B2HIR2,B2HIR2_MYCMM,1.0,,,,,,1,,,,
B2HJ91,B2HJ91_MYCMM,1.0,,,,,,1,,,,
B2HJ94,B2HJ94_MYCMM,1.0,,,,,,1,,,,
B2HK08,B2HK08_MYCMM,1.0,,,,,,1,,,,
B2HKB8,B2HKB8_MYCMM,1.0,,,,,,1,,,,
B2FRC9,B2FRC9_STRMK,1.0,,,,,,1,,,,
B2FPD3,B2FPD3_STRMK,1.0,,,,,,1,,,,
B2HM26,B2HM26_MYCMM,1.0,,,,,,1,,,,
B2A7E1,B2A7E1_NATTJ,1.0,,,,,,1,,,,
B1ZW89,B1ZW89_OPITP,1.0,,,,,,1,,,,
B1ZXI8,B1ZXI8_OPITP,1.0,,,,,,1,,,,
B1ZZ85,B1ZZ85_OPITP,1.0,,,,,,1,,,,
B1ZZB7,B1ZZB7_OPITP,1.0,,,,,,1,,,,
B1ZZP2,B1ZZP2_OPITP,1.0,,,,,,1,,,,
B1ZZP8,B1ZZP8_OPITP,1.0,,,,,,1,,,,
B1ZZS1,B1ZZS1_OPITP,1.0,,,,,,1,,,,
B1ZZU0,B1ZZU0_OPITP,1.0,,,,,,1,,,,
B1ZZV3,B1ZZV3_OPITP,1.0,,,,,,1,,,,
B2A112,B2A112_NATTJ,1.0,,,,,,1,,,,
B2A289,B2A289_NATTJ,1.0,,,,,,1,,,,
B2A498,B2A498_NATTJ,1.0,,,,,,1,,,,
B2A775,B2A775_NATTJ,1.0,,,,,,1,,,,
B2A776,B2A776_NATTJ,1.0,,,,,,1,,,,
B2A7M5,B2A7M5_NATTJ,1.0,,,,,,1,,,,
B2FLR6,B2FLR6_STRMK,1.0,,,,,,1,,,,
B2A8E9,B2A8E9_NATTJ,1.0,,,,,,1,,,,
B2A8G5,B2A8G5_NATTJ,1.0,,,,,,1,,,,
B2AC29,B2AC29_PODAN,1.0,1,,,,,,,,,
B2AFY3,B2AFY3_CUPTR,1.0,,,,,,1,,,,
B2AGC9,B2AGC9_CUPTR,1.0,,,,,,1,,,,
B2AGQ5,B2AGQ5_CUPTR,1.0,,,,,,1,,,,
B2AH11,B2AH11_CUPTR,1.0,,,,,,1,,,,
B2AIG7,B2AIG7_CUPTR,1.0,,,,,,1,,,,
B2AIW2,B2AIW2_CUPTR,1.0,,,,,,1,,,,
B2DCP8,B2DCP8_TRICA,1.0,,,,,,1,,,,
B2FHM9,B2FHM9_STRMK,1.0,,,,,,1,,,,
B2FHU3,B2FHU3_STRMK,1.0,,,,,,1,,,,
B2FJP7,B2FJP7_STRMK,1.0,,,,,,1,,,,
B2FLM8,B2FLM8_STRMK,1.0,,,,,,1,,,,
B2HKK8,B2HKK8_MYCMM,1.0,,,,,,1,,,,
B2HMZ9,Y473_MYCMM,1.0,,,,,,1,,,,
B2HM64,B2HM64_MYCMM,1.0,,,,,,1,,,,
B2IY62,B2IY62_NOSP7,1.0,,,,,,1,,,,
B2IJ00,B2IJ00_BEII9,1.0,,,,,,1,,,,
B2IJ15,B2IJ15_BEII9,1.0,,,,,,1,,,,
B2IMW5,B2IMW5_STRPS,1.0,,,,,,1,,,,
B2IN21,B2IN21_STRPS,1.0,,,,,,1,,,,
B2IPD0,B2IPD0_STRPS,1.0,,,,,,1,,,,
B2IR97,B2IR97_STRPS,1.0,,,,,,1,,,,
B2IS94,B2IS94_STRPS,1.0,,,,,,1,,,,
B2IU25,B2IU25_NOSP7,1.0,,,,,,1,,,,
B2IUB2,B2IUB2_NOSP7,1.0,,,,,,1,,,,
B2IVC7,B2IVC7_NOSP7,1.0,,,,,,1,,,,
B2IVG2,B2IVG2_NOSP7,1.0,,,,,,1,,,,
B2IX04,B2IX04_NOSP7,1.0,,,,,,1,,,,
B2IX79,B2IX79_NOSP7,1.0,,,,,,1,,,,
B2IXT8,B2IXT8_NOSP7,1.0,,,,,,1,,,,
B2IY92,B2IY92_NOSP7,1.0,,,,,,1,,,,
B1ZTU1,B1ZTU1_OPITP,1.0,,,,,,1,,,,
B2IZ78,B2IZ78_NOSP7,1.0,,,,,,1,,,,
B2IZS2,B2IZS2_NOSP7,1.0,,,,,,1,,,,
B2IZT8,B2IZT8_NOSP7,1.0,,,,,,1,,,,
B2J051,B2J051_NOSP7,1.0,,,,,,1,,,,
B2J0S7,B2J0S7_NOSP7,1.0,,,,,,1,,,,
B2J0Y3,B2J0Y3_NOSP7,1.0,,,,,,1,,,,
B2J0Z4,B2J0Z4_NOSP7,1.0,,,,,,1,,,,
B2J105,B2J105_NOSP7,1.0,,,,,,1,,,,
B2J115,B2J115_NOSP7,1.0,,,,,,1,,,,
B2J176,B2J176_NOSP7,1.0,,,,,,1,,,,
B2J2C6,B2J2C6_NOSP7,1.0,,,,,,1,,,,
B2J3T7,B2J3T7_NOSP7,1.0,,,,,,1,,,,
B2J4K8,B2J4K8_NOSP7,1.0,,,,,,1,,,,
B2J4Q3,B2J4Q3_NOSP7,1.0,,,,,,1,,,,
B2IIX8,B2IIX8_BEII9,1.0,,,,,,1,,,,
B2IHZ0,B2IHZ0_BEII9,1.0,,,,,,1,,,,
B2IFL5,B2IFL5_BEII9,1.0,,,,,,1,,,,
B2IEZ4,B2IEZ4_BEII9,1.0,,,,,,1,,,,
B2HNE4,B2HNE4_MYCMM,1.0,,,,,,1,,,,
B2HP06,B2HP06_MYCMM,1.0,,,,,,1,,,,
B2HP57,B2HP57_MYCMM,1.0,,,,,,1,,,,
B2HP59,B2HP59_MYCMM,1.0,,,,,,1,,,,
B2HPV7,B2HPV7_MYCMM,1.0,,,,,,1,,,,
B2HQ69,B2HQ69_MYCMM,1.0,,,,,,1,,,,
B2HRK7,B2HRK7_MYCMM,1.0,,,,,,1,,,,
B2HRQ4,B2HRQ4_MYCMM,1.0,,,,,,1,,,,
B2HRS9,B2HRS9_MYCMM,1.0,,,,,,1,,,,
B2HSD1,B2HSD1_MYCMM,1.0,,,,,,1,,,,
B2HTX7,RSMJ_ACIBC,1.0,,,,,,1,,,,
B2HUG1,B2HUG1_ACIBC,1.0,,,,,,1,,,,
B2HUK3,B2HUK3_ACIBC,1.0,,,,,,1,,,,
B2HY83,B2HY83_ACIBC,1.0,,,,,,1,,,,
B2HYH8,B2HYH8_ACIBC,1.0,,,,,,1,,,,
B2HYH9,B2HYH9_ACIBC,1.0,,,,,,1,,,,
B2HZT0,B2HZT0_ACIBC,1.0,,,,,,1,,,,
B2I0A0,B2I0A0_ACIBC,1.0,,,,,,1,,,,
B2I0A1,B2I0A1_ACIBC,1.0,,,,,,1,,,,
B2I0K0,B2I0K0_ACIBC,1.0,,,,,,1,,,,
B2I3B5,B2I3B5_ACIBC,1.0,,,,,,1,,,,
B2I6R5,B2I6R5_XYLF2,1.0,,,,,,1,,,,
B2I7E2,B2I7E2_XYLF2,1.0,,,,,,1,,,,
B2I9K8,B2I9K8_XYLF2,1.0,,,,,,1,,,,
B2IAI0,BIOC_XYLF2,1.0,,,,,,1,,,,
B2IBH2,B2IBH2_BEII9,1.0,,,,,,1,,,,
B2IBI6,B2IBI6_BEII9,1.0,,,,,,1,,,,
B2IDN2,B2IDN2_BEII9,1.0,,,,,,1,,,,
B2IE60,B2IE60_BEII9,1.0,,,,,,1,,,,
B1ZW36,B1ZW36_OPITP,1.0,,,,,,1,,,,
B1ZSJ6,B1ZSJ6_OPITP,1.0,,,,,,1,,,,
B1ZTN0,B1ZTN0_OPITP,1.0,,,,,,1,,,,
B1WR59,B1WR59_CYAA5,1.0,,,,,,1,,,,
B1WS86,B1WS86_CYAA5,1.0,,,,,,1,,,,
B1WT07,B1WT07_CYAA5,1.0,,,,,,1,,,,
B1WU17,B1WU17_CYAA5,1.0,,,,,,1,,,,
B1WU63,B1WU63_CYAA5,1.0,,,,,,1,,,,
B1WW08,B1WW08_CYAA5,1.0,,,,,,1,,,,
B1WWS3,B1WWS3_CYAA5,1.0,,,,,,1,,,,
B1WZ17,B1WZ17_CYAA5,1.0,,,,,,1,,,,
B1WZC7,B1WZC7_CYAA5,1.0,,,,,,1,,,,
B1WZZ6,B1WZZ6_CYAA5,1.0,,,,,,1,,,,
B1X187,B1X187_CYAA5,1.0,,,,,,1,,,,
B1X189,B1X189_CYAA5,1.0,,,,,,1,,,,
B1X1T0,B1X1T0_CYAA5,1.0,,,,,,1,,,,
B1X7A7,B1X7A7_ECODH,1.0,,,,,,1,,,,
B1X7V2,RSMJ_ECODH,1.0,,,,,,1,,,,
B1X8M5,B1X8M5_ECODH,1.0,,,,,,1,,,,
B1XD74,B1XD74_ECODH,1.0,,,,,,1,,,,
B1XD77,B1XD77_ECODH,1.0,,,,,,1,,,,
B1XDC3,B1XDC3_ECODH,1.0,,,,,,1,,,,
B1XDE1,B1XDE1_ECODH,1.0,,,,,,1,,,,
B1XH89,B1XH89_ECODH,1.0,,,,,,1,,,,
B1XHD8,CMOA_ECODH,1.0,,,,,,1,,,,
A9MHW2,A9MHW2_SALAR,1.0,,,,,,1,,,,
B1XHD9,CMOB_ECODH,1.0,,,,,,1,,,,
B1XIF0,B1XIF0_SYNP2,1.0,,,,,,1,,,,
B1XJQ3,B1XJQ3_SYNP2,1.0,,,,,,1,,,,
B1XJQ8,B1XJQ8_SYNP2,1.0,,,,,,1,,,,
B1XJZ2,B1XJZ2_SYNP2,1.0,,,,,,1,,,,
B1XKK5,B1XKK5_SYNP2,1.0,,,,,,1,,,,
B1XL21,B1XL21_SYNP2,1.0,,,,,,1,,,,
B1WRQ6,B1WRQ6_CYAA5,1.0,,,,,,1,,,,
B1WQC3,B1WQC3_CYAA5,1.0,,,,,,1,,,,
B1XMJ5,B1XMJ5_SYNP2,1.0,,,,,,1,,,,
B1WQ61,B1WQ61_CYAA5,1.0,,,,,,1,,,,
A9MJE4,A9MJE4_SALAR,1.0,,,,,,1,,,,
B1VRP1,B1VRP1_STRGG,1.0,,,,,,1,,,,
B1VS76,B1VS76_STRGG,1.0,,,,,,1,,,,
B1VT31,B1VT31_STRGG,1.0,,,,,,1,,,,
B1VT33,B1VT33_STRGG,1.0,,,,,,1,,,,
B1VUD1,B1VUD1_STRGG,1.0,,,,,,1,,,,
B1VWA4,B1VWA4_STRGG,1.0,,,,,,1,,,,
B1VX14,B1VX14_STRGG,1.0,,,,,,1,,,,
B1VZ92,B1VZ92_STRGG,1.0,,,,,,1,,,,
B1VZK2,B1VZK2_STRGG,1.0,,,,,,1,,,,
B1VZP3,B1VZP3_STRGG,1.0,,,,,,1,,,,
B1W0V2,B1W0V2_STRGG,1.0,,,,,,1,,,,
B1W1P3,B1W1P3_STRGG,1.0,,,,,,1,,,,
B1W260,B1W260_STRGG,1.0,,,,,,1,,,,
B1W2H4,B1W2H4_STRGG,1.0,,,,,,1,,,,
B1W2K6,B1W2K6_STRGG,1.0,,,,,,1,,,,
B1W364,B1W364_STRGG,1.0,,,,,,1,,,,
B1W3U6,B1W3U6_STRGG,1.0,,,,,,1,,,,
B1W4P4,B1W4P4_STRGG,1.0,,,,,,1,,,,
B1W5F1,B1W5F1_STRGG,1.0,,,,,,1,,,,
B1WNG7,B1WNG7_CYAA5,1.0,,,,,,1,,,,
B1WNP4,B1WNP4_CYAA5,1.0,,,,,,1,,,,
B1WNS2,B1WNS2_CYAA5,1.0,,,,,,1,,,,
B1WNW4,B1WNW4_CYAA5,1.0,,,,,,1,,,,
B1WP81,B1WP81_CYAA5,1.0,,,,,,1,,,,
B1WP90,B1WP90_CYAA5,1.0,,,,,,1,,,,
B1WP91,B1WP91_CYAA5,1.0,,,,,,1,,,,
B1WP95,B1WP95_CYAA5,1.0,,,,,,1,,,,
B1WPI1,B1WPI1_CYAA5,1.0,,,,,,1,,,,
B1XLN5,B1XLN5_SYNP2,1.0,,,,,,1,,,,
B1XPH3,B1XPH3_SYNP2,1.0,,,,,,1,,,,
B1ZSQ4,B1ZSQ4_OPITP,1.0,,,,,,1,,,,
B1YPV0,B1YPV0_BURA4,1.0,,,,,,1,,,,
B1YSP0,B1YSP0_BURA4,1.0,,,,,,1,,,,
B1YSQ1,B1YSQ1_BURA4,1.0,,,,,,1,,,,
B1YU41,B1YU41_BURA4,1.0,,,,,,1,,,,
B1YUR8,B1YUR8_BURA4,1.0,,,,,,1,,,,
B1YWF5,B1YWF5_BURA4,1.0,,,,,,1,,,,
B1YZ46,B1YZ46_BURA4,1.0,,,,,,1,,,,
B1Z0D6,B1Z0D6_BURA4,1.0,,,,,,1,,,,
B1Z132,B1Z132_BURA4,1.0,,,,,,1,,,,
B1Z2S2,B1Z2S2_BURA4,1.0,,,,,,1,,,,
B1Z2X5,B1Z2X5_BURA4,1.0,,,,,,1,,,,
B1Z6H2,B1Z6H2_BURA4,1.0,,,,,,1,,,,
B1Z7X9,B1Z7X9_METPB,1.0,,,,,,1,,,,
B1Z9Z2,B1Z9Z2_METPB,1.0,,,,,,1,,,,
B1ZA89,B1ZA89_METPB,1.0,,,,,,1,,,,
B1ZAR4,B1ZAR4_METPB,1.0,,,,,,1,,,,
B1ZCS0,B1ZCS0_METPB,1.0,,,,,,1,,,,
B1ZDT9,B1ZDT9_METPB,1.0,,,,,,1,,,,
B1ZE17,B1ZE17_METPB,1.0,,,,,,1,,,,
B1ZFC8,B1ZFC8_METPB,1.0,,,,,,1,,,,
B1ZGE6,B1ZGE6_METPB,1.0,,,,,,1,,,,
B1ZGZ7,B1ZGZ7_METPB,1.0,,,,,,1,,,,
B1ZI77,B1ZI77_METPB,1.0,,,,,,1,,,,
B1ZJ48,B1ZJ48_METPB,1.0,,,,,,1,,,,
B1ZL70,B1ZL70_METPB,1.0,,,,,,1,,,,
B1ZMW5,B1ZMW5_OPITP,1.0,,,,,,1,,,,
B1ZNM1,B1ZNM1_OPITP,1.0,,,,,,1,,,,
B1ZP59,B1ZP59_OPITP,1.0,,,,,,1,,,,
B1ZQ08,B1ZQ08_OPITP,1.0,,,,,,1,,,,
B2J614,B2J614_NOSP7,1.0,,,,,,1,,,,
B1YSC3,B1YSC3_BURA4,1.0,,,,,,1,,,,
B1YNF1,B1YNF1_BURA4,1.0,,,,,,1,,,,
B1XPQ7,B1XPQ7_SYNP2,1.0,,,,,,1,,,,
B1YN98,B1YN98_BURA4,1.0,,,,,,1,,,,
B1XPR5,B1XPR5_SYNP2,1.0,,,,,,1,,,,
B1XS85,B1XS85_POLNS,1.0,,,,,,1,,,,
B1XSI7,B1XSI7_POLNS,1.0,,,,,,1,,,,
B1XUL9,B1XUL9_POLNS,1.0,,,,,,1,,,,
B1XW70,B1XW70_LEPCP,1.0,,,,,,1,,,,
B1XXZ0,B1XXZ0_LEPCP,1.0,,,,,,1,,,,
B1Y1D9,B1Y1D9_LEPCP,1.0,,,,,,1,,,,
B1Y3U1,B1Y3U1_LEPCP,1.0,,,,,,1,,,,
B1Y4U4,B1Y4U4_LEPCP,1.0,,,,,,1,,,,
B1Y681,B1Y681_LEPCP,1.0,,,,,,1,,,,
B1Y6P3,B1Y6P3_LEPCP,1.0,,,,,,1,,,,
B1Y7E9,B1Y7E9_LEPCP,1.0,,,,,,1,,,,
B1YAA3,B1YAA3_PYRNV,1.0,,,,,,1,,,,
B1YAJ1,B1YAJ1_PYRNV,1.0,,,,,,1,,,,
B1YAS8,B1YAS8_PYRNV,1.0,,,,,,1,,,,
B1YAW6,B1YAW6_PYRNV,1.0,,,,,,1,,,,
B1YB73,B1YB73_PYRNV,1.0,,,,,,1,,,,
B1YB93,B1YB93_PYRNV,1.0,,,,,,1,,,,
B1YBH3,B1YBH3_PYRNV,1.0,,,,,,1,,,,
B1YCE1,B1YCE1_PYRNV,1.0,,,,,,1,,,,
B1YDD4,B1YDD4_PYRNV,1.0,,,,,,1,,,,
B1YH39,B1YH39_EXIS2,1.0,,,,,,1,,,,
B1YHL3,B1YHL3_EXIS2,1.0,,,,,,1,,,,
B1YKH8,B1YKH8_EXIS2,1.0,,,,,,1,,,,
B1YKR8,B1YKR8_EXIS2,1.0,,,,,,1,,,,
B1YKZ4,Y2346_EXIS2,1.0,,,,,,1,,,,
B1YL03,B1YL03_EXIS2,1.0,,,,,,1,,,,
B1YLT4,B1YLT4_EXIS2,1.0,,,,,,1,,,,
B1YMV2,B1YMV2_BURA4,1.0,,,,,,1,,,,
B2J5L2,B2J5L2_NOSP7,1.0,,,,,,1,,,,
B2J8A7,B2J8A7_NOSP7,1.0,,,,,,1,,,,
B2J6Y0,B2J6Y0_NOSP7,1.0,,,,,,1,,,,
B3GSH5,ASMT_RAT,1.0,,,,,,1,,,,
B3EK62,B3EK62_CHLPB,1.0,,,,,,1,,,,
B3EKK2,B3EKK2_CHLPB,1.0,,,,,,1,,,,
A9M1B8,A9M1B8_NEIM0,1.0,,,,,,1,,,,
B3EM31,B3EM31_CHLPB,1.0,,,,,,1,,,,
B3ENT0,B3ENT0_CHLPB,1.0,,,,,,1,,,,
B3EPV6,B3EPV6_CHLPB,1.0,,,,,,1,,,,
A9M1A6,RSMJ_NEIM0,1.0,,,,,,1,,,,
B3EPV9,B3EPV9_CHLPB,1.0,,,,,,1,,,,
B3EQ31,B3EQ31_CHLPB,1.0,,,,,,1,,,,
A9LZM5,A9LZM5_NEIM0,1.0,,,,,,1,,,,
B3EQA8,B3EQA8_CHLPB,1.0,,,,,,1,,,,
B3EQG5,B3EQG5_CHLPB,1.0,,,,,,1,,,,
B3EQX4,B3EQX4_CHLPB,1.0,,,,,,1,,,,
B3ETK6,B3ETK6_AMOA5,1.0,,,,,,1,,,,
B3GXJ0,CMOA_ACTP7,1.0,,,,,,1,,,,
B3MBK0,B3MBK0_DROAN,1.0,,,,,,1,,,,
B3GXL6,B3GXL6_ACTP7,1.0,,,,,,1,,,,
B3GXT4,B3GXT4_ACTP7,1.0,,,,,,1,,,,
B3GY53,B3GY53_ACTP7,1.0,,,,,,1,,,,
B3GYD0,B3GYD0_ACTP7,1.0,,,,,,1,,,,
B3GZ56,B3GZ56_ACTP7,1.0,,,,,,1,,,,
B3GZC5,RSMJ_ACTP7,1.0,,,,,,1,,,,
B3H1F1,CMOB_ACTP7,1.0,,,,,,1,,,,
B3H2S4,B3H2S4_ACTP7,1.0,,,,,,1,,,,
B3LXB5,B3LXB5_DROAN,1.0,,,,,,1,,,,
B3M0M5,B3M0M5_DROAN,1.0,,,,,,1,,,,
B3M0M6,B3M0M6_DROAN,1.0,,,,,,1,,,,
B3M1E1,CARM1_DROAN,1.0,,,,,,1,,,,
B3M1W9,B3M1W9_DROAN,1.0,,,,,,1,,,,
B3M290,B3M290_DROAN,1.0,,,,,,1,,,,
A9M249,A9M249_NEIM0,1.0,,,,,,1,,,,
B3EK27,B3EK27_CHLPB,1.0,,,,,,1,,,,
B3EJR6,B3EJR6_CHLPB,1.0,,,,,,1,,,,
B3EJ36,B3EJ36_CHLPB,1.0,,,,,,1,,,,
B3DX62,B3DX62_METI4,1.0,,,,,,1,,,,
B3DY24,B3DY24_METI4,1.0,,,,,,1,,,,
B3DY36,B3DY36_METI4,1.0,,,,,,1,,,,
B3DZD6,B3DZD6_METI4,1.0,,,,,,1,,,,
B3DZF8,B3DZF8_METI4,1.0,,,,,,1,,,,
B3DZI5,B3DZI5_METI4,1.0,,,,,,1,,,,
B3DZM8,B3DZM8_METI4,1.0,,,,,,1,,,,
B3DZW9,B3DZW9_METI4,1.0,,,,,,1,,,,
B3E0B9,B3E0B9_METI4,1.0,,,,,,1,,,,
B3E0D0,B3E0D0_METI4,1.0,,,,,,1,,,,
B3E0K9,B3E0K9_METI4,1.0,,,,,,1,,,,
B3E1J3,B3E1J3_GEOLS,1.0,,,,,,1,,,,
B3E2P4,B3E2P4_GEOLS,1.0,,,,,,1,,,,
B3E3C6,B3E3C6_GEOLS,1.0,,,,,,1,,,,
B3E6X7,CMOA_GEOLS,1.0,,,,,,1,,,,
A9M3B1,A9M3B1_NEIM0,1.0,,,,,,1,,,,
B3E6X8,CMOB_GEOLS,1.0,,,,,,1,,,,
B3E8N0,B3E8N0_GEOLS,1.0,,,,,,1,,,,
B3E9F6,B3E9F6_GEOLS,1.0,,,,,,1,,,,
A9M3A4,A9M3A4_NEIM0,1.0,,,,,,1,,,,
B3E9I5,B3E9I5_GEOLS,1.0,,,,,,1,,,,
B3EA10,B3EA10_GEOLS,1.0,,,,,,1,,,,
B3EAE2,B3EAE2_GEOLS,1.0,,,,,,1,,,,
B3EAK3,B3EAK3_GEOLS,1.0,,,,,,1,,,,
B3EBP4,B3EBP4_GEOLS,1.0,,,,,,1,,,,
B3ECQ6,B3ECQ6_CHLL2,1.0,,,,,,1,,,,
B3EDS6,B3EDS6_CHLL2,1.0,,,,,,1,,,,
B3EI39,B3EI39_CHLL2,1.0,,,,,,1,,,,
B3EIK2,B3EIK2_CHLL2,1.0,,,,,,1,,,,
B3M952,B3M952_DROAN,1.0,,,,,,1,,,,
A9LZJ6,A9LZJ6_NEIM0,1.0,,,,,,1,,,,
B3DV12,B3DV12_METI4,1.0,,,,,,1,,,,
B3QGY3,B3QGY3_RHOPT,1.0,,,,,,1,,,,
B3Q2V9,B3Q2V9_RHIE6,1.0,,,,,,1,,,,
B3Q2W5,B3Q2W5_RHIE6,1.0,,,,,,1,,,,
B3Q3D0,B3Q3D0_RHIE6,1.0,,,,,,1,,,,
B3Q4R1,B3Q4R1_RHIE6,1.0,,,,,,1,,,,
B3Q508,B3Q508_RHIE6,1.0,,,,,,1,,,,
B3Q588,B3Q588_RHIE6,1.0,,,,,,1,,,,
B3Q7A2,B3Q7A2_RHOPT,1.0,,,,,,1,,,,
B3Q8D2,B3Q8D2_RHOPT,1.0,,,,,,1,,,,
B3Q8Z2,B3Q8Z2_RHOPT,1.0,,,,,,1,,,,
B3QBK5,B3QBK5_RHOPT,1.0,,,,,,1,,,,
B3QCF9,B3QCF9_RHOPT,1.0,,,,,,1,,,,
B3QDP1,B3QDP1_RHOPT,1.0,,,,,,1,,,,
B3QEB2,B3QEB2_RHOPT,1.0,,,,,,1,,,,
B3QEZ3,RSMJ_RHOPT,1.0,,,,,,1,,,,
B3QHT3,B3QHT3_RHOPT,1.0,,,,,,1,,,,
B3MF31,ANM7_DROAN,1.0,,,,,,1,,,,
B3QIY7,B3QIY7_RHOPT,1.0,,,,,,1,,,,
B3QIZ1,B3QIZ1_RHOPT,1.0,,,,,,1,,,,
B3QJ32,B3QJ32_RHOPT,1.0,,,,,,1,,,,
B3QJF3,B3QJF3_RHOPT,1.0,,,,,,1,,,,
B3QLA5,B3QLA5_CHLP8,1.0,,,,,,1,,,,
B3QLR4,B3QLR4_CHLP8,1.0,,,,,,1,,,,
B3QLT8,B3QLT8_CHLP8,1.0,,,,,,1,,,,
B3QMT5,B3QMT5_CHLP8,1.0,,,,,,1,,,,
B3QN78,B3QN78_CHLP8,1.0,,,,,,1,,,,
B3QNP5,B3QNP5_CHLP8,1.0,,,,,,1,,,,
B3QS14,B3QS14_CHLT3,1.0,,,,,,1,,,,
B3QT69,B3QT69_CHLT3,1.0,,,,,,1,,,,
B3QTW3,B3QTW3_CHLT3,1.0,,,,,,1,,,,
B3QUK6,B3QUK6_CHLT3,1.0,,,,,,1,,,,
A9L5U3,A9L5U3_SHEB9,1.0,,,,,,1,,,,
B3Q1Y6,B3Q1Y6_RHIE6,1.0,,,,,,1,,,,
B3PWY7,B3PWY7_RHIE6,1.0,,,,,,1,,,,
B3PWE8,B3PWE8_RHIE6,1.0,,,,,,1,,,,
B3MHH1,B3MHH1_DROAN,1.0,,,,,,1,,,,
B3MK00,B3MK00_DROAN,1.0,,,,,,1,,,,
B3MLC8,B3MLC8_DROAN,1.0,,,,,,1,,,,
B3MLN9,B3MLN9_DROAN,1.0,,,,,,1,,,,
B3MPE1,B3MPE1_DROAN,1.0,,,,,,1,,,,
B3MTK6,B3MTK6_DROAN,1.0,,,,,,1,,,,
B3MTQ5,B3MTQ5_DROAN,1.0,,,,,,1,,,,
B3MX62,B3MX62_DROAN,1.0,,,,,,1,,,,
B3MX97,B3MX97_DROAN,1.0,,,,,,1,,,,
A9L5Z8,A9L5Z8_SHEB9,1.0,,,,,,1,,,,
B3P6C3,B3P6C3_DROER,1.0,,,,,1,,,,,
B3PD26,B3PD26_CELJU,1.0,,,,,,1,,,,
B3PES7,B3PES7_CELJU,1.0,,,,,,1,,,,
B3PFK4,B3PFK4_CELJU,1.0,,,,,,1,,,,
B3PFU1,CMOB_CELJU,1.0,,,,,,1,,,,
B3PFU2,CMOA_CELJU,1.0,,,,,,1,,,,
B3PHP9,B3PHP9_CELJU,1.0,,,,,,1,,,,
B3PI89,BIOHC_CELJU,1.0,,,,,,1,,,,
B3PLF9,RSMJ_CELJU,1.0,,,,,,1,,,,
B3PP88,B3PP88_RHIE6,1.0,,,,,,1,,,,
B3PPD7,B3PPD7_RHIE6,1.0,,,,,,1,,,,
B3PQ09,B3PQ09_RHIE6,1.0,,,,,,1,,,,
B3PSW3,B3PSW3_RHIE6,1.0,,,,,,1,,,,
B3PT80,B3PT80_RHIE6,1.0,,,,,,1,,,,
B3PT81,B3PT81_RHIE6,1.0,,,,,,1,,,,
B3PTL4,B3PTL4_RHIE6,1.0,,,,,,1,,,,
B3PTY1,B3PTY1_RHIE6,1.0,,,,,,1,,,,
B3PTY6,B3PTY6_RHIE6,1.0,,,,,,1,,,,
B3PW65,B3PW65_RHIE6,1.0,,,,,,1,,,,
B3DX61,B3DX61_METI4,1.0,,,,,,1,,,,
B3DUW8,B3DUW8_METI4,1.0,,,,,,1,,,,
B1VPR0,B1VPR0_STRGG,1.0,,,,,,1,,,,
B2SEQ2,RSMJ_FRATM,1.0,,,,,,1,,,,
B2K6Q7,B2K6Q7_YERPB,1.0,,,,,,1,,,,
B2K7P3,B2K7P3_YERPB,1.0,,,,,,1,,,,
B2K8T2,B2K8T2_YERPB,1.0,,,,,,1,,,,
B2K9X8,B2K9X8_YERPB,1.0,,,,,,1,,,,
B2KAD0,B2KAD0_YERPB,1.0,,,,,,1,,,,
B2KB51,B2KB51_ELUMP,1.0,,,,,,1,,,,
B2KCR7,B2KCR7_ELUMP,1.0,,,,,,1,,,,
B2RHZ3,B2RHZ3_PORG3,1.0,,,,,,1,,,,
B2S2N7,B2S2N7_TREPS,1.0,,,,,,1,,,,
B2S5Y2,B2S5Y2_BRUA1,1.0,,,,,,1,,,,
B2S835,B2S835_BRUA1,1.0,,,,,,1,,,,
B2S8B1,B2S8B1_BRUA1,1.0,,,,,,1,,,,
B2S8P3,B2S8P3_BRUA1,1.0,,,,,,1,,,,
B2SEH0,B2SEH0_FRATM,1.0,,,,,,1,,,,
B2SF98,B2SF98_FRATM,1.0,,,,,,1,,,,
B2T0F7,B2T0F7_BURPP,1.0,,,,,,1,,,,
B2SGA9,B2SGA9_FRATM,1.0,,,,,,1,,,,
B2SHH4,B2SHH4_XANOP,1.0,,,,,,1,,,,
B2SLB8,B2SLB8_XANOP,1.0,,,,,,1,,,,
B2SNH2,B2SNH2_XANOP,1.0,,,,,,1,,,,
B2SPK2,B2SPK2_XANOP,1.0,,,,,,1,,,,
B2SPN5,B2SPN5_XANOP,1.0,,,,,,1,,,,
B2SR24,B2SR24_XANOP,1.0,,,,,,1,,,,
B2SRA9,B2SRA9_XANOP,1.0,,,,,,1,,,,
B2SU80,B2SU80_XANOP,1.0,,,,,,1,,,,
B2SU82,B2SU82_XANOP,1.0,,,,,,1,,,,
B2SX24,B2SX24_BURPP,1.0,,,,,,1,,,,
B2SX39,B2SX39_BURPP,1.0,,,,,,1,,,,
B2SXT8,B2SXT8_BURPP,1.0,,,,,,1,,,,
B2SZ40,B2SZ40_BURPP,1.0,,,,,,1,,,,
B2K6K6,RSMJ_YERPB,1.0,,,,,,1,,,,
B2K316,CMOA2_YERPB,1.0,,,,,,1,,,,
B2K315,CMOB_YERPB,1.0,,,,,,1,,,,
B2K2W7,B2K2W7_YERPB,1.0,,,,,,1,,,,
B2J8H5,B2J8H5_NOSP7,1.0,,,,,,1,,,,
B2J8R1,B2J8R1_NOSP7,1.0,,,,,,1,,,,
B2J9C6,B2J9C6_NOSP7,1.0,,,,,,1,,,,
B2J9N9,B2J9N9_NOSP7,1.0,,,,,,1,,,,
B2JAJ5,B2JAJ5_NOSP7,1.0,,,,,,1,,,,
B2JCA3,B2JCA3_BURP8,1.0,,,,,,1,,,,
B2JCH3,B2JCH3_BURP8,1.0,,,,,,1,,,,
B2JCV2,B2JCV2_BURP8,1.0,,,,,,1,,,,
B2JE97,B2JE97_BURP8,1.0,,,,,,1,,,,
B2JEP1,B2JEP1_BURP8,1.0,,,,,,1,,,,
B2JEW7,B2JEW7_BURP8,1.0,,,,,,1,,,,
B2JFN0,B2JFN0_BURP8,1.0,,,,,,1,,,,
B2JHM1,B2JHM1_BURP8,1.0,,,,,,1,,,,
B2JIL5,B2JIL5_BURP8,1.0,,,,,,1,,,,
B2JIV9,B2JIV9_BURP8,1.0,,,,,,1,,,,
B2JJ75,B2JJ75_BURP8,1.0,,,,,,1,,,,
B2JJW8,B2JJW8_BURP8,1.0,,,,,,1,,,,
B2JLE4,B2JLE4_BURP8,1.0,,,,,,1,,,,
B2JNJ2,B2JNJ2_BURP8,1.0,,,,,,1,,,,
B2JPJ5,B2JPJ5_BURP8,1.0,,,,,,1,,,,
B2JR16,B2JR16_BURP8,1.0,,,,,,1,,,,
B2JUU2,B2JUU2_BURP8,1.0,,,,,,1,,,,
B2JY94,B2JY94_BURP8,1.0,,,,,,1,,,,
B2JYQ4,B2JYQ4_YERPB,1.0,,,,,,1,,,,
B2K0E7,B2K0E7_YERPB,1.0,,,,,,1,,,,
B2K216,B2K216_YERPB,1.0,,,,,,1,,,,
B2K217,CMOA1_YERPB,1.0,,,,,,1,,,,
B2K219,B2K219_YERPB,1.0,,,,,,1,,,,
B2K280,B2K280_YERPB,1.0,,,,,,1,,,,
B2SZS8,B2SZS8_BURPP,1.0,,,,,,1,,,,
B2T1C9,B2T1C9_BURPP,1.0,,,,,,1,,,,
B3DM54,B3DM54_XENTR,1.0,,,,,,1,,,,
B2V767,B2V767_SULSY,1.0,,,,,,1,,,,
A9M973,A9M973_BRUC2,1.0,,,,,,1,,,,
B2UQQ7,B2UQQ7_AKKM8,1.0,,,,,,1,,,,
B2UR08,B2UR08_AKKM8,1.0,,,,,,1,,,,
B2UUE3,CMOB_HELPS,1.0,,,,,,1,,,,
B2UUH2,CMOA_HELPS,1.0,,,,,,1,,,,
B2UV18,B2UV18_HELPS,1.0,,,,,,1,,,,
B2UWI9,B2UWI9_CLOBA,1.0,,,,,,1,,,,
B2UWJ0,B2UWJ0_CLOBA,1.0,,,,,,1,,,,
B2V0H5,B2V0H5_CLOBA,1.0,,,,,,1,,,,
B2V0K9,B2V0K9_CLOBA,1.0,,,,,,1,,,,
B2V528,B2V528_CLOBA,1.0,,,,,,1,,,,
B2V5A5,B2V5A5_CLOBA,1.0,,,,,,1,,,,
A9M8L5,A9M8L5_BRUC2,1.0,,,,,,1,,,,
B2V6X1,B2V6X1_SULSY,1.0,,,,,,1,,,,
B2VA31,B2VA31_SULSY,1.0,,,,,,1,,,,
B2T1N0,B2T1N0_BURPP,1.0,,,,,,1,,,,
A9M759,A9M759_BRUC2,1.0,,,,,,1,,,,
B2VHE7,RSMJ_ERWT9,1.0,,,,,,1,,,,
B2VJC1,CMOB_ERWT9,1.0,,,,,,1,,,,
B2VJC2,CMOA_ERWT9,1.0,,,,,,1,,,,
B2Z6Q7,B2Z6Q7_POPTR,1.0,,,,,,1,,,,
B3CRF9,B3CRF9_ORITI,1.0,,,,,,1,,,,
A9M5E4,A9M5E4_BRUC2,1.0,,,,,,1,,,,
B3CTD2,B3CTD2_ORITI,1.0,,,,,,1,,,,
B3CUF8,B3CUF8_ORITI,1.0,,,,,,1,,,,
B3CY24,B3CY24_BURM1,1.0,,,,,,1,,,,
B3D7M8,B3D7M8_BURM1,1.0,,,,,,1,,,,
B3DHG3,B3DHG3_DANRE,1.0,,,,,,1,,,,
A9M4D8,A9M4D8_NEIM0,1.0,,,,,,1,,,,
B3DKD8,B3DKD8_DANRE,1.0,,,,,,1,,,,
B2UPH8,B2UPH8_AKKM8,1.0,,,,,,1,,,,
A9MB85,A9MB85_BRUC2,1.0,,,,,,1,,,,
B2UMK4,B2UMK4_AKKM8,1.0,,,,,,1,,,,
B2UJW1,B2UJW1_RALPJ,1.0,,,,,,1,,,,
B2T998,B2T998_BURPP,1.0,,,,,,1,,,,
B2TAA2,B2TAA2_BURPP,1.0,,,,,,1,,,,
B2TAQ9,B2TAQ9_BURPP,1.0,,,,,,1,,,,
B2TJH9,B2TJH9_CLOBB,1.0,,,,,,1,,,,
B2TKC3,B2TKC3_CLOBB,1.0,,,,,,1,,,,
B2TQQ0,B2TQQ0_CLOBB,1.0,,,,,,1,,,,
B2TRU6,B2TRU6_CLOBB,1.0,,,,,,1,,,,
B2TS65,B2TS65_CLOBB,1.0,,,,,,1,,,,
B2TUF8,B2TUF8_SHIB3,1.0,,,,,,1,,,,
B2TVF3,B2TVF3_SHIB3,1.0,,,,,,1,,,,
B2TXD9,B2TXD9_SHIB3,1.0,,,,,,1,,,,
B2U0E6,B2U0E6_SHIB3,1.0,,,,,,1,,,,
B2U150,B2U150_SHIB3,1.0,,,,,,1,,,,
B2U348,B2U348_SHIB3,1.0,,,,,,1,,,,
B2U351,B2U351_SHIB3,1.0,,,,,,1,,,,
B2U3P9,RSMJ_SHIB3,1.0,,,,,,1,,,,
B2U462,B2U462_SHIB3,1.0,,,,,,1,,,,
B2U4X1,CMOA_SHIB3,1.0,,,,,,1,,,,
B2U4X2,CMOB_SHIB3,1.0,,,,,,1,,,,
B2U7Y9,B2U7Y9_RALPJ,1.0,,,,,,1,,,,
B2U9D7,B2U9D7_RALPJ,1.0,,,,,,1,,,,
B2U9Z5,B2U9Z5_RALPJ,1.0,,,,,,1,,,,
B2UAE3,B2UAE3_RALPJ,1.0,,,,,,1,,,,
B2UE39,B2UE39_RALPJ,1.0,,,,,,1,,,,
B2UFH2,B2UFH2_RALPJ,1.0,,,,,,1,,,,
B2UGR0,B2UGR0_RALPJ,1.0,,,,,,1,,,,
B2UHI4,B2UHI4_RALPJ,1.0,,,,,,1,,,,
B2UJ99,B2UJ99_RALPJ,1.0,,,,,,1,,,,
B2UJL2,B2UJL2_RALPJ,1.0,,,,,,1,,,,
B1VQ92,B1VQ92_STRGG,1.0,,,,,,1,,,,
B1VN90,B1VN90_STRGG,1.0,,,,,,1,,,,
B1VNQ4,B1VNQ4_STRGG,1.0,,,,,,1,,,,
B0TTM5,B0TTM5_SHEHH,1.0,,,,,,1,,,,
B0TEP0,B0TEP0_HELMI,1.0,,,,,,1,,,,
B0TH27,B0TH27_HELMI,1.0,,,,,,1,,,,
B0TIP3,B0TIP3_SHEHH,1.0,,,,,,1,,,,
B0TJN6,B0TJN6_SHEHH,1.0,,,,,,1,,,,
A9W3B3,A9W3B3_METEP,1.0,,,,,,1,,,,
B0TKC0,B0TKC0_SHEHH,1.0,,,,,,1,,,,
B0TLL5,B0TLL5_SHEHH,1.0,,,,,,1,,,,
B0TLM0,B0TLM0_SHEHH,1.0,,,,,,1,,,,
B0TN76,RSMJ_SHEHH,1.0,,,,,,1,,,,
B0TQW6,B0TQW6_SHEHH,1.0,,,,,,1,,,,
B0TRL9,B0TRL9_SHEHH,1.0,,,,,,1,,,,
B0TSA0,CMOB_SHEHH,1.0,,,,,,1,,,,
B0TSA1,CMOA_SHEHH,1.0,,,,,,1,,,,
B0TSS5,TPMT_SHEHH,1.0,,,,,,1,,,,
B0TUI9,B0TUI9_SHEHH,1.0,,,,,,1,,,,
B0UDW9,B0UDW9_METS4,1.0,,,,,,1,,,,
B0TVG5,B0TVG5_SHEHH,1.0,,,,,,1,,,,
B0TWB7,B0TWB7_FRAP2,1.0,,,,,,1,,,,
B0TX95,RSMJ_FRAP2,1.0,,,,,,1,,,,
B0TXJ2,B0TXJ2_FRAP2,1.0,,,,,,1,,,,
B0TXY4,B0TXY4_FRAP2,1.0,,,,,,1,,,,
B0TYT6,B0TYT6_FRAP2,1.0,,,,,,1,,,,
B0TZP6,B0TZP6_FRAP2,1.0,,,,,,1,,,,
B0U1M9,B0U1M9_XYLFM,1.0,,,,,,1,,,,
B0U425,B0U425_XYLFM,1.0,,,,,,1,,,,
B0U739,B0U739_XYLFM,1.0,,,,,,1,,,,
B0UBD1,B0UBD1_METS4,1.0,,,,,,1,,,,
B0UBI2,B0UBI2_METS4,1.0,,,,,,1,,,,
B0UCQ6,B0UCQ6_METS4,1.0,,,,,,1,,,,
B0UCR6,B0UCR6_METS4,1.0,,,,,,1,,,,
B0TEJ9,B0TEJ9_HELMI,1.0,,,,,,1,,,,
B0TBJ8,B0TBJ8_HELMI,1.0,,,,,,1,,,,
B0TB08,B0TB08_HELMI,1.0,,,,,,1,,,,
B0T6Y9,B0T6Y9_CAUSK,1.0,,,,,,1,,,,
B0S0S1,B0S0S1_FINM2,1.0,,,,,,1,,,,
B0S1I3,B0S1I3_FINM2,1.0,,,,,,1,,,,
B0S1K8,B0S1K8_FINM2,1.0,,,,,,1,,,,
B0S1V2,B0S1V2_FINM2,1.0,,,,,,1,,,,
B0S361,B0S361_FINM2,1.0,,,,,,1,,,,
B0S731,B0S731_DANRE,1.0,,,,,,1,,,,
B0SAK0,B0SAK0_LEPBA,1.0,,,,,,1,,,,
B0SB74,B0SB74_LEPBA,1.0,,,,,,1,,,,
B0SCF3,B0SCF3_LEPBA,1.0,,,,,,1,,,,
B0SFQ7,B0SFQ7_LEPBA,1.0,,,,,,1,,,,
B0SFZ9,B0SFZ9_LEPBA,1.0,,,,,,1,,,,
B0SGJ1,B0SGJ1_LEPBA,1.0,,,,,,1,,,,
B0SHI9,B0SHI9_LEPBA,1.0,,,,,,1,,,,
B0SIG7,B0SIG7_LEPBA,1.0,,,,,,1,,,,
B0SK49,B0SK49_LEPBP,1.0,,,,,,1,,,,
B0SKX5,B0SKX5_LEPBP,1.0,,,,,,1,,,,
B0SP54,B0SP54_LEPBP,1.0,,,,,,1,,,,
B0SPK0,B0SPK0_LEPBP,1.0,,,,,,1,,,,
B0SQ51,B0SQ51_LEPBP,1.0,,,,,,1,,,,
B0SQZ7,B0SQZ7_LEPBP,1.0,,,,,,1,,,,
B0SSM8,B0SSM8_LEPBP,1.0,,,,,,1,,,,
B0SSZ9,B0SSZ9_LEPBP,1.0,,,,,,1,,,,
B0ST44,B0ST44_LEPBP,1.0,,,,,,1,,,,
B0SW72,B0SW72_CAUSK,1.0,,,,,,1,,,,
B0T282,B0T282_CAUSK,1.0,,,,,,1,,,,
B0T4N1,B0T4N1_CAUSK,1.0,,,,,,1,,,,
B0T5F8,B0T5F8_CAUSK,1.0,,,,,,1,,,,
B0T5G3,B0T5G3_CAUSK,1.0,,,,,,1,,,,
B0T5U9,B0T5U9_CAUSK,1.0,,,,,,1,,,,
B0UDC2,B0UDC2_METS4,1.0,,,,,,1,,,,
B0UEC1,B0UEC1_METS4,1.0,,,,,,1,,,,
A9WAA6,A9WAA6_CHLAA,1.0,,,,,,1,,,,
B0X2E1,B0X2E1_CULQU,1.0,,,,,,1,,,,
A9W0Z7,A9W0Z7_METEP,1.0,,,,,,1,,,,
A9W0G4,A9W0G4_METEP,1.0,,,,,,1,,,,
B0W2X4,B0W2X4_CULQU,1.0,,,,,,1,,,,
B0W3K8,B0W3K8_CULQU,1.0,,,,,,1,,,,
B0W3L6,CARM1_CULQU,1.0,,,,,,1,,,,
A9W011,A9W011_METEP,1.0,,,,,,1,,,,
A9VZP2,A9VZP2_METEP,1.0,,,,,,1,,,,
B0W9B5,B0W9B5_CULQU,1.0,,,,,,1,,,,
B0WDM5,B0WDM5_CULQU,1.0,,,,,,1,,,,
B0WEB9,B0WEB9_CULQU,1.0,,,,,,1,,,,
B0WFX2,B0WFX2_CULQU,1.0,,,,,,1,,,,
B0WQZ2,B0WQZ2_CULQU,1.0,,,,,,1,,,,
B0WU19,B0WU19_CULQU,1.0,,,,,,1,,,,
B0WYW7,B0WYW7_CULQU,1.0,,,,,,1,,,,
A9VZH7,A9VZH7_METEP,1.0,,,,,,1,,,,
B0UES4,B0UES4_METS4,1.0,,,,,,1,,,,
B0XJ39,B0XJ39_CULQU,1.0,,,,,,1,,,,
B0XK70,B0XK70_CULQU,1.0,,,,,,1,,,,
B1H0Z4,B1H0Z4_XENTR,1.0,,,,,,1,,,,
B1H275,B1H275_RAT,1.0,,,,,,1,,,,
B1HNN5,B1HNN5_LYSSC,1.0,,,,,,1,,,,
B1HPG0,B1HPG0_LYSSC,1.0,,,,,,1,,,,
B1HQR3,B1HQR3_LYSSC,1.0,,,,,,1,,,,
B1HRR9,B1HRR9_LYSSC,1.0,,,,,,1,,,,
B1HSF3,B1HSF3_LYSSC,1.0,,,,,,1,,,,
B1HUH8,B1HUH8_LYSSC,1.0,,,,,,1,,,,
B1HUH9,B1HUH9_LYSSC,1.0,,,,,,1,,,,
B1HW33,B1HW33_LYSSC,1.0,,,,,,1,,,,
A9VZB0,A9VZB0_METEP,1.0,,,,,,1,,,,
B1HWX4,B1HWX4_LYSSC,1.0,,,,,,1,,,,
B0VUQ6,RSMJ_ACIBS,1.0,,,,,,1,,,,
B0VTZ4,B0VTZ4_ACIBS,1.0,,,,,,1,,,,
B0VRH1,B0VRH1_ACIBS,1.0,,,,,,1,,,,
B0VPL2,B0VPL2_ACIBS,1.0,,,,,,1,,,,
B0UFT5,B0UFT5_METS4,1.0,,,,,,1,,,,
B0UG42,B0UG42_METS4,1.0,,,,,,1,,,,
B0UG72,B0UG72_METS4,1.0,,,,,,1,,,,
B0UIE9,B0UIE9_METS4,1.0,,,,,,1,,,,
B0UIT1,B0UIT1_METS4,1.0,,,,,,1,,,,
B0UIW6,B0UIW6_METS4,1.0,,,,,,1,,,,
B0ULX5,B0ULX5_METS4,1.0,,,,,,1,,,,
B0UNE1,B0UNE1_METS4,1.0,,,,,,1,,,,
B0UP39,B0UP39_METS4,1.0,,,,,,1,,,,
B0UQ83,B0UQ83_METS4,1.0,,,,,,1,,,,
B0UQ85,B0UQ85_METS4,1.0,,,,,,1,,,,
B0USU1,CMOA_HISS2,1.0,,,,,,1,,,,
B0UU00,B0UU00_HISS2,1.0,,,,,,1,,,,
B0UVK6,CMOB_HISS2,1.0,,,,,,1,,,,
B0UVL1,B0UVL1_HISS2,1.0,,,,,,1,,,,
B0UVN8,RSMJ_HISS2,1.0,,,,,,1,,,,
B0V0W5,B0V0W5_DANRE,1.0,,,,,,1,,,,
B0V4S1,B0V4S1_ACIBY,1.0,,,,,,1,,,,
B0V518,B0V518_ACIBY,1.0,,,,,,1,,,,
B0V7R3,RSMJ_ACIBY,1.0,,,,,,1,,,,
A9W1I1,A9W1I1_METEP,1.0,,,,,,1,,,,
B0V7W6,B0V7W6_ACIBY,1.0,,,,,,1,,,,
B0V804,B0V804_ACIBY,1.0,,,,,,1,,,,
B0V8D6,B0V8D6_ACIBY,1.0,,,,,,1,,,,
B0V8P4,B0V8P4_ACIBY,1.0,,,,,,1,,,,
B0VBG3,B0VBG3_ACIBY,1.0,,,,,,1,,,,
B0VDX2,B0VDX2_ACIBY,1.0,,,,,,1,,,,
B0VL52,B0VL52_ACIBS,1.0,,,,,,1,,,,
B0VPG8,B0VPG8_ACIBS,1.0,,,,,,1,,,,
B0RW85,B0RW85_XANCB,1.0,,,,,,1,,,,
B0RW46,B0RW46_XANCB,1.0,,,,,,1,,,,
B0RV51,B0RV51_XANCB,1.0,,,,,,1,,,,
B0C2I0,B0C2I0_ACAM1,1.0,,,,,,1,,,,
A9W981,A9W981_METEP,1.0,,,,,,1,,,,
B0BY13,B0BY13_RICRO,1.0,,,,,,1,,,,
B0BYN5,B0BYN5_ACAM1,1.0,,,,,,1,,,,
B0BYP1,B0BYP1_ACAM1,1.0,,,,,,1,,,,
B0BZ28,B0BZ28_ACAM1,1.0,,,,,,1,,,,
B0BZ72,B0BZ72_ACAM1,1.0,,,,,,1,,,,
B0C025,B0C025_ACAM1,1.0,,,,,,1,,,,
A9W8W8,A9W8W8_METEP,1.0,,,,,,1,,,,
A9W860,A9W860_METEP,1.0,,,,,,1,,,,
B0C0U7,B0C0U7_ACAM1,1.0,,,,,,1,,,,
B0C1C0,B0C1C0_ACAM1,1.0,,,,,,1,,,,
B0C1W6,B0C1W6_ACAM1,1.0,,,,,,1,,,,
B0C241,B0C241_ACAM1,1.0,,,,,,1,,,,
B0C287,B0C287_ACAM1,1.0,,,,,,1,,,,
B0C356,B0C356_ACAM1,1.0,,,,,,1,,,,
B0RUQ6,B0RUQ6_XANCB,1.0,,,,,,1,,,,
B0C3A2,B0C3A2_ACAM1,1.0,,,,,,1,,,,
B0C3B0,B0C3B0_ACAM1,1.0,,,,,,1,,,,
B0C3G5,B0C3G5_ACAM1,1.0,,,,,,1,,,,
B0C3T5,B0C3T5_ACAM1,1.0,,,,,,1,,,,
B0C3X6,B0C3X6_ACAM1,1.0,,,,,,1,,,,
B0C923,B0C923_ACAM1,1.0,,,,,,1,,,,
B0CAG3,B0CAG3_ACAM1,1.0,,,,,,1,,,,
B0CAI5,B0CAI5_ACAM1,1.0,,,,,,1,,,,
B0CBU3,B0CBU3_ACAM1,1.0,,,,,,1,,,,
B0CBY0,B0CBY0_ACAM1,1.0,,,,,,1,,,,
B0CCY7,B0CCY7_ACAM1,1.0,,,,,,1,,,,
B0CDQ7,B0CDQ7_ACAM1,1.0,,,,,,1,,,,
B0CDS8,B0CDS8_ACAM1,1.0,,,,,,1,,,,
B0CDT9,B0CDT9_ACAM1,1.0,,,,,,1,,,,
B0BXU1,B0BXU1_RICRO,1.0,,,,,,1,,,,
B0BW49,B0BW49_RICRO,1.0,,,,,,1,,,,
B0BVU6,B0BVU6_RICRO,1.0,,,,,,1,,,,
B0BVA2,B0BVA2_RICRO,1.0,,,,,,1,,,,
A9WAL6,A9WAL6_CHLAA,1.0,,,,,,1,,,,
A9WAV0,A9WAV0_CHLAA,1.0,,,,,,1,,,,
A9WB36,A9WB36_CHLAA,1.0,,,,,,1,,,,
A9WBI4,A9WBI4_CHLAA,1.0,,,,,,1,,,,
A9WDQ8,A9WDQ8_CHLAA,1.0,,,,,,1,,,,
A9WDS2,A9WDS2_CHLAA,1.0,,,,,,1,,,,
A9WI19,A9WI19_CHLAA,1.0,,,,,,1,,,,
A9WII0,A9WII0_CHLAA,1.0,,,,,,1,,,,
A9WIV6,A9WIV6_CHLAA,1.0,,,,,,1,,,,
A9WJ44,A9WJ44_CHLAA,1.0,,,,,,1,,,,
A9WJG2,A9WJG2_CHLAA,1.0,,,,,,1,,,,
A9WMV2,A9WMV2_RENSM,1.0,,,,,,1,,,,
A9WN48,A9WN48_RENSM,1.0,,,,,,1,,,,
A9WP04,A9WP04_RENSM,1.0,,,,,,1,,,,
A9WPV7,A9WPV7_RENSM,1.0,,,,,,1,,,,
A9WSG4,A9WSG4_RENSM,1.0,,,,,,1,,,,
A9WYC1,A9WYC1_BRUSI,1.0,,,,,,1,,,,
B0B959,B0B959_CHLT2,1.0,,,,,,1,,,,
B0B9P1,B0B9P1_CHLT2,1.0,,,,,,1,,,,
B0BAT8,B0BAT8_CHLTB,1.0,,,,,,1,,,,
B0BBC0,B0BBC0_CHLTB,1.0,,,,,,1,,,,
B0BP33,CMOA_ACTPJ,1.0,,,,,,1,,,,
B0BP42,B0BP42_ACTPJ,1.0,,,,,,1,,,,
B0BP95,CMOB_ACTPJ,1.0,,,,,,1,,,,
B0BPM2,B0BPM2_ACTPJ,1.0,,,,,,1,,,,
B0BQA7,B0BQA7_ACTPJ,1.0,,,,,,1,,,,
B0BQT9,B0BQT9_ACTPJ,1.0,,,,,,1,,,,
B0BSA5,B0BSA5_ACTPJ,1.0,,,,,,1,,,,
B0BTF1,RSMJ_ACTPJ,1.0,,,,,,1,,,,
B0CEB1,B0CEB1_ACAM1,1.0,,,,,,1,,,,
B0CEV7,B0CEV7_ACAM1,1.0,,,,,,1,,,,
B0CFK5,B0CFK5_ACAM1,1.0,,,,,,1,,,,
A9W5F0,A9W5F0_METEP,1.0,,,,,,1,,,,
B0KS82,B0KS82_PSEPG,1.0,,,,,,1,,,,
B0KSL2,B0KSL2_PSEPG,1.0,,,,,,1,,,,
B0KU76,B0KU76_PSEPG,1.0,,,,,,1,,,,
B0KUP7,TPMT_PSEPG,1.0,,,,,,1,,,,
B0KV19,CMOA_PSEPG,1.0,,,,,,1,,,,
B0KV20,CMOB_PSEPG,1.0,,,,,,1,,,,
B0KV59,B0KV59_PSEPG,1.0,,,,,,1,,,,
A9W3K2,A9W3K2_METEP,1.0,,,,,,1,,,,
B0R0L1,B0R0L1_DANRE,1.0,,,,,,1,,,,
B0R2U7,B0R2U7_HALS3,1.0,,,,,,1,,,,
B0R323,B0R323_HALS3,1.0,,,,,,1,,,,
B0R3I3,B0R3I3_HALS3,1.0,,,,,,1,,,,
B0R481,B0R481_HALS3,1.0,,,,,,1,,,,
B0R4A1,B0R4A1_HALS3,1.0,,,,,,1,,,,
B0R4S9,B0R4S9_HALS3,1.0,,,,,,1,,,,
B0R762,B0R762_HALS3,1.0,,,,,,1,,,,
B0R7S6,B0R7S6_HALS3,1.0,,,,,,1,,,,
B0R8F8,B0R8F8_HALS3,1.0,,,,,,1,,,,
B0RAS6,B0RAS6_CLAMS,1.0,,,,,,1,,,,
B0RB84,B0RB84_CLAMS,1.0,,,,,,1,,,,
B0RD45,B0RD45_CLAMS,1.0,,,,,,1,,,,
B0RE96,B0RE96_CLAMS,1.0,,,,,,1,,,,
B0RG02,B0RG02_CLAMS,1.0,,,,,,1,,,,
B0RMQ6,B0RMQ6_XANCB,1.0,,,,,,1,,,,
B0RN29,B0RN29_XANCB,1.0,,,,,,1,,,,
B0RP26,B0RP26_XANCB,1.0,,,,,,1,,,,
B0RTS2,B0RTS2_XANCB,1.0,,,,,,1,,,,
B0RUM2,B0RUM2_XANCB,1.0,,,,,,1,,,,
B0RUM4,B0RUM4_XANCB,1.0,,,,,,1,,,,
B0KS71,RSMJ_PSEPG,1.0,,,,,,1,,,,
B0KN52,B0KN52_PSEPG,1.0,,,,,,1,,,,
B0CFV6,B0CFV6_ACAM1,1.0,,,,,,1,,,,
B0KN01,B0KN01_PSEPG,1.0,,,,,,1,,,,
B0CGT1,B0CGT1_BRUSI,1.0,,,,,,1,,,,
B0CID3,B0CID3_BRUSI,1.0,,,,,,1,,,,
B0CIM7,B0CIM7_BRUSI,1.0,,,,,,1,,,,
B0CIY9,B0CIY9_BRUSI,1.0,,,,,,1,,,,
B0JG58,B0JG58_MICAN,1.0,,,,,,1,,,,
B0JGC0,B0JGC0_MICAN,1.0,,,,,,1,,,,
B0JHF8,B0JHF8_MICAN,1.0,,,,,,1,,,,
B0JJ64,B0JJ64_MICAN,1.0,,,,,,1,,,,
B0JJW4,B0JJW4_MICAN,1.0,,,,,,1,,,,
B0JL66,B0JL66_MICAN,1.0,,,,,,1,,,,
B0JLG5,B0JLG5_MICAN,1.0,,,,,,1,,,,
B0JNS1,B0JNS1_MICAN,1.0,,,,,,1,,,,
B0JPW4,B0JPW4_MICAN,1.0,,,,,,1,,,,
B0JQS3,B0JQS3_MICAN,1.0,,,,,,1,,,,
B0JR84,B0JR84_MICAN,1.0,,,,,,1,,,,
B0JRN8,B0JRN8_MICAN,1.0,,,,,,1,,,,
B0JTM8,B0JTM8_MICAN,1.0,,,,,,1,,,,
B0JTU7,B0JTU7_MICAN,1.0,,,,,,1,,,,
B0JTV4,B0JTV4_MICAN,1.0,,,,,,1,,,,
A9W834,A9W834_METEP,1.0,,,,,,1,,,,
B0JV07,B0JV07_MICAN,1.0,,,,,,1,,,,
B0JWA8,B0JWA8_MICAN,1.0,,,,,,1,,,,
B0JYW5,ANM6_XENTR,1.0,,,,,,1,,,,
B0K6E6,B0K6E6_THEPX,1.0,,,,,,1,,,,
B0K7Q2,B0K7Q2_THEP3,1.0,,,,,,1,,,,
B0KF83,B0KF83_PSEPG,1.0,,,,,,1,,,,
B0KJ56,B0KJ56_PSEPG,1.0,,,,,,1,,,,
B0KLD0,B0KLD0_PSEPG,1.0,,,,,,1,,,,
A9W5P8,A9W5P8_METEP,1.0,,,,,,1,,,,
B1HXQ7,B1HXQ7_LYSSC,1.0,,,,,,1,,,,
B1HXZ1,B1HXZ1_LYSSC,1.0,,,,,,1,,,,
B1HYE1,B1HYE1_LYSSC,1.0,,,,,,1,,,,
A9PIA7,A9PIA7_POPTR,1.0,,,,,,1,,,,
A9R899,A9R899_YERPG,1.0,,,,,,1,,,,
A9R7J6,A9R7J6_YERPG,1.0,,,,,,1,,,,
A9R5Z2,A9R5Z2_YERPG,1.0,,,,,,1,,,,
A9R4W2,A9R4W2_YERPG,1.0,,,,,,1,,,,
A9R3D0,A9R3D0_YERPG,1.0,,,,,,1,,,,
B1LT62,B1LT62_METRJ,1.0,,,,,,1,,,,
A9R2W6,A9R2W6_YERPG,1.0,,,,,,1,,,,
A9R264,A9R264_YERPG,1.0,,,,,,1,,,,
A9R0G1,A9R0G1_YERPG,1.0,,,,,,1,,,,
B1LTC9,B1LTC9_METRJ,1.0,,,,,,1,,,,
B1LV16,B1LV16_METRJ,1.0,,,,,,1,,,,
A9QZ36,A9QZ36_YERPG,1.0,,,,,,1,,,,
A9QYY2,CMOB_YERPG,1.0,,,,,,1,,,,
A9QYY1,CMOA_YERPG,1.0,,,,,,1,,,,
A9PH18,A9PH18_POPTR,1.0,,,,,,1,,,,
A9VG54,A9VG54_BACWK,1.0,,,,,,1,,,,
A9PEX6,A9PEX6_POPTR,1.0,,,,,,1,,,,
A9PET7,A9PET7_POPTR,1.0,,,,,,1,,,,
A9PE86,A9PE86_POPTR,1.0,,,,,,1,,,,
A9PDG5,A9PDG5_POPTR,1.0,,,,,,1,,,,
B1LV48,B1LV48_METRJ,1.0,,,,,,1,,,,
A9PBZ1,A9PBZ1_POPTR,1.0,,,,,,1,,,,
B1LVK5,B1LVK5_METRJ,1.0,,,,,,1,,,,
B1LVN9,B1LVN9_METRJ,1.0,,,,,,1,,,,
B1LVU8,B1LVU8_METRJ,1.0,,,,,,1,,,,
B1LVY7,B1LVY7_METRJ,1.0,,,,,,1,,,,
B1LYQ1,B1LYQ1_METRJ,1.0,,,,,,1,,,,
A9P9Q4,A9P9Q4_POPTR,1.0,,,,,,1,,,,
A9P937,A9P937_POPTR,1.0,,,,,,1,,,,
A9P830,A9P830_POPTR,1.0,,,,,,1,,,,
A9SSR2,A9SSR2_PHYPA,1.0,1,,,,,,,,,
A9SSR3,A9SSR3_PHYPA,1.0,1,,,,,,,,,
B1LM68,B1LM68_ECOSM,1.0,,,,,,1,,,,
B1LJU2,B1LJU2_ECOSM,1.0,,,,,,1,,,,
A9VFW5,A9VFW5_BACWK,1.0,,,,,,1,,,,
A9VD27,A9VD27_MONBE,1.0,,,,,,1,,,,
A9VCU4,A9VCU4_MONBE,1.0,,,,,,1,,,,
A9VAX4,A9VAX4_MONBE,1.0,,,,,,1,,,,
A9VAQ4,A9VAQ4_MONBE,1.0,,,,,,1,,,,
A9VAN6,A9VAN6_MONBE,1.0,,,,,,1,,,,
A9VA61,A9VA61_MONBE,1.0,,,,,,1,,,,
B1LD01,CMOA_ECOSM,1.0,,,,,,1,,,,
B1LD51,B1LD51_ECOSM,1.0,,,,,,1,,,,
B1LG51,B1LG51_ECOSM,1.0,,,,,,1,,,,
B1LG68,B1LG68_ECOSM,1.0,,,,,,1,,,,
A9V8N0,A9V8N0_MONBE,1.0,,,,,,1,,,,
B1LHA8,B1LHA8_ECOSM,1.0,,,,,,1,,,,
A9V7T3,A9V7T3_MONBE,1.0,,,,,,1,,,,
A9V7J4,A9V7J4_MONBE,1.0,,,,,,1,,,,
A9V6Y8,A9V6Y8_MONBE,1.0,,,,,,1,,,,
A9V2V4,A9V2V4_MONBE,1.0,,,,,,1,,,,
A9V0W8,A9V0W8_MONBE,1.0,,,,,,1,,,,
B1LHL9,B1LHL9_ECOSM,1.0,,,,,,1,,,,
A9UYM4,A9UYM4_MONBE,1.0,,,,,,1,,,,
A9UXF0,A9UXF0_MONBE,1.0,,,,,,1,,,,
A9UVH5,A9UVH5_MONBE,1.0,,,,,,1,,,,
A9UVC0,A9UVC0_MONBE,1.0,,,,,,1,,,,
A9UU62,A9UU62_MONBE,1.0,,,,,,1,,,,
A9UR20,A9UR20_MONBE,1.0,,,,,,1,,,,
A9UPH2,A9UPH2_MONBE,1.0,,,,,,1,,,,
A9UP81,A9UP81_MONBE,1.0,,,,,,1,,,,
B1LHM2,B1LHM2_ECOSM,1.0,,,,,,1,,,,
B1LIG5,RSMJ_ECOSM,1.0,,,,,,1,,,,
B3QVY4,B3QVY4_CHLT3,1.0,,,,,,1,,,,
A9NEY5,A9NEY5_ACHLI,1.0,,,,,,1,,,,
A9NEU0,A9NEU0_ACHLI,1.0,,,,,,1,,,,
B1ME57,B1ME57_MYCA9,1.0,,,,,,1,,,,
B1MED8,B1MED8_MYCA9,1.0,,,,,,1,,,,
B1MFE0,B1MFE0_MYCA9,1.0,,,,,,1,,,,
B1MFU2,B1MFU2_MYCA9,1.0,,,,,,1,,,,
B1MG18,B1MG18_MYCA9,1.0,,,,,,1,,,,
B1MIF5,B1MIF5_MYCA9,1.0,,,,,,1,,,,
B1MJ05,B1MJ05_MYCA9,1.0,,,,,,1,,,,
B1MJ06,B1MJ06_MYCA9,1.0,,,,,,1,,,,
A9MNI8,A9MNI8_SALAR,1.0,,,,,,1,,,,
A9MNC8,CMOA_SALAR,1.0,,,,,,1,,,,
A9MNC7,CMOB_SALAR,1.0,,,,,,1,,,,
B1MJ97,B1MJ97_MYCA9,1.0,,,,,,1,,,,
A9MLL7,RSMJ_SALAR,1.0,,,,,,1,,,,
B1MK43,Y4481_MYCA9,1.0,,,,,,1,,,,
B1MKT7,B1MKT7_MYCA9,1.0,,,,,,1,,,,
B1ML37,B1ML37_MYCA9,1.0,,,,,,1,,,,
B1MLF5,B1MLF5_MYCA9,1.0,,,,,,1,,,,
B1MLP9,B1MLP9_MYCA9,1.0,,,,,,1,,,,
B1MM25,B1MM25_MYCA9,1.0,,,,,,1,,,,
B1MM82,B1MM82_MYCA9,1.0,,,,,,1,,,,
B1MP08,B1MP08_MYCA9,1.0,,,,,,1,,,,
B1MXH9,B1MXH9_LEUCK,1.0,,,,,,1,,,,
B1VEF1,B1VEF1_CORU7,1.0,,,,,,1,,,,
B1VFT9,B1VFT9_CORU7,1.0,,,,,,1,,,,
B1VFZ4,B1VFZ4_CORU7,1.0,,,,,,1,,,,
B1VIC3,B1VIC3_CORU7,1.0,,,,,,1,,,,
B1VLA2,B1VLA2_STRGG,1.0,,,,,,1,,,,
B1VLA5,B1VLA5_STRGG,1.0,,,,,,1,,,,
B1VLE3,B1VLE3_STRGG,1.0,,,,,,1,,,,
B1VLM5,B1VLM5_STRGG,1.0,,,,,,1,,,,
A9MPF2,A9MPF2_SALAR,1.0,,,,,,1,,,,
A9MQV3,A9MQV3_SALAR,1.0,,,,,,1,,,,
A9ND80,A9ND80_COXBR,1.0,,,,,,1,,,,
A9MQX3,A9MQX3_SALAR,1.0,,,,,,1,,,,
A9NCV0,A9NCV0_COXBR,1.0,,,,,,1,,,,
B1LZM8,B1LZM8_METRJ,1.0,,,,,,1,,,,
A9NCS3,A9NCS3_COXBR,1.0,,,,,,1,,,,
A9NCG4,A9NCG4_COXBR,1.0,,,,,,1,,,,
A9NBV5,A9NBV5_COXBR,1.0,,,,,,1,,,,
A9NB51,A9NB51_COXBR,1.0,,,,,,1,,,,
A9NAW7,RSMJ_COXBR,1.0,,,,,,1,,,,
A9N7U0,A9N7U0_SALPB,1.0,,,,,,1,,,,
A9MZ23,A9MZ23_SALPB,1.0,,,,,,1,,,,
A9MZ20,A9MZ20_SALPB,1.0,,,,,,1,,,,
B1M0I7,B1M0I7_METRJ,1.0,,,,,,1,,,,
A9MXU4,A9MXU4_SALPB,1.0,,,,,,1,,,,
B1M190,B1M190_METRJ,1.0,,,,,,1,,,,
A9MXQ7,A9MXQ7_SALPB,1.0,,,,,,1,,,,
A9MVT1,A9MVT1_SALPB,1.0,,,,,,1,,,,
A9MUB4,CMOA_SALPB,1.0,,,,,,1,,,,
A9MUB3,CMOB_SALPB,1.0,,,,,,1,,,,
B1M1U7,B1M1U7_METRJ,1.0,,,,,,1,,,,
A9MU21,RSMJ_SALPB,1.0,,,,,,1,,,,
B1M250,B1M250_METRJ,1.0,,,,,,1,,,,
B1M2T4,B1M2T4_METRJ,1.0,,,,,,1,,,,
B1M3L1,B1M3L1_METRJ,1.0,,,,,,1,,,,
B1MBK8,B1MBK8_MYCA9,1.0,,,,,,1,,,,
B1MCE2,B1MCE2_MYCA9,1.0,,,,,,1,,,,
B1MDD4,B1MDD4_MYCA9,1.0,,,,,,1,,,,
B1MDX1,B1MDX1_MYCA9,1.0,,,,,,1,,,,
A9MTI6,A9MTI6_SALPB,1.0,,,,,,1,,,,
B1MDY7,B1MDY7_MYCA9,1.0,,,,,,1,,,,
B1MDY8,B1MDY8_MYCA9,1.0,,,,,,1,,,,
B1LD00,CMOB_ECOSM,1.0,,,,,,1,,,,
B1LC56,B1LC56_THESQ,1.0,,,,,,1,,,,
B1HYV5,B1HYV5_LYSSC,1.0,,,,,,1,,,,
A9VXP7,A9VXP7_METEP,1.0,,,,,,1,,,,
B1J2Z9,B1J2Z9_PSEPW,1.0,,,,,,1,,,,
B1J4E4,CMOB_PSEPW,1.0,,,,,,1,,,,
B1J4E5,CMOA_PSEPW,1.0,,,,,,1,,,,
B1J4W2,TPMT_PSEPW,1.0,,,,,,1,,,,
B1J532,B1J532_PSEPW,1.0,,,,,,1,,,,
B1J5R5,B1J5R5_PSEPW,1.0,,,,,,1,,,,
B1J7G4,B1J7G4_PSEPW,1.0,,,,,,1,,,,
B1J8U8,B1J8U8_PSEPW,1.0,,,,,,1,,,,
B1J978,B1J978_PSEPW,1.0,,,,,,1,,,,
B1JBN2,B1JBN2_PSEPW,1.0,,,,,,1,,,,
B1JBS3,B1JBS3_PSEPW,1.0,,,,,,1,,,,
B1JBT2,RSMJ_PSEPW,1.0,,,,,,1,,,,
B1JCB6,B1JCB6_PSEPW,1.0,,,,,,1,,,,
B1JEC2,B1JEC2_PSEPW,1.0,,,,,,1,,,,
A9VVW0,A9VVW0_METEP,1.0,,,,,,1,,,,
B1LBT6,B1LBT6_THESQ,1.0,,,,,,1,,,,
A9VTV3,A9VTV3_BACWK,1.0,,,,,,1,,,,
B1JF97,B1JF97_PSEPW,1.0,,,,,,1,,,,
B1JGS7,B1JGS7_YERPY,1.0,,,,,,1,,,,
B1JHU7,RSMJ_YERPY,1.0,,,,,,1,,,,
B1JIG9,B1JIG9_YERPY,1.0,,,,,,1,,,,
B1JLL8,CMOA_YERPY,1.0,,,,,,1,,,,
B1JLL9,CMOB_YERPY,1.0,,,,,,1,,,,
B1JMA7,B1JMA7_YERPY,1.0,,,,,,1,,,,
B1JME7,B1JME7_YERPY,1.0,,,,,,1,,,,
B1JPQ6,B1JPQ6_YERPY,1.0,,,,,,1,,,,
B1JQT4,B1JQT4_YERPY,1.0,,,,,,1,,,,
B1JR45,B1JR45_YERPY,1.0,,,,,,1,,,,
B1JRI6,B1JRI6_YERPY,1.0,,,,,,1,,,,
B1JSS2,B1JSS2_YERPY,1.0,,,,,,1,,,,
B1J2H4,B1J2H4_PSEPW,1.0,,,,,,1,,,,
B1J191,B1J191_PSEPW,1.0,,,,,,1,,,,
B1J0R6,B1J0R6_ECOLC,1.0,,,,,,1,,,,
B1J0L8,CMOA_ECOLC,1.0,,,,,,1,,,,
B1HYX5,B1HYX5_LYSSC,1.0,,,,,,1,,,,
B1HZB0,B1HZB0_LYSSC,1.0,,,,,,1,,,,
B1HZC8,B1HZC8_LYSSC,1.0,,,,,,1,,,,
B1I294,B1I294_DESAP,1.0,,,,,,1,,,,
B1I2H1,B1I2H1_DESAP,1.0,,,,,,1,,,,
B1I4Q7,B1I4Q7_DESAP,1.0,,,,,,1,,,,
B1I652,B1I652_DESAP,1.0,,,,,,1,,,,
B1I7K6,B1I7K6_STRPI,1.0,,,,,,1,,,,
B1I9R9,B1I9R9_STRPI,1.0,,,,,,1,,,,
B1IAJ3,B1IAJ3_STRPI,1.0,,,,,,1,,,,
B1IBD7,B1IBD7_STRPI,1.0,,,,,,1,,,,
B1ICZ8,B1ICZ8_STRPI,1.0,,,,,,1,,,,
B1IDF9,B1IDF9_CLOBK,1.0,,,,,,1,,,,
B1IEC9,B1IEC9_CLOBK,1.0,,,,,,1,,,,
B1IEG4,B1IEG4_CLOBK,1.0,,,,,,1,,,,
B1IES1,B1IES1_CLOBK,1.0,,,,,,1,,,,
B1IES3,B1IES3_CLOBK,1.0,,,,,,1,,,,
B1IF92,B1IF92_CLOBK,1.0,,,,,,1,,,,
B1IGL7,B1IGL7_CLOBK,1.0,,,,,,1,,,,
B1ILU6,B1ILU6_CLOBK,1.0,,,,,,1,,,,
B1IMV9,B1IMV9_CLOBK,1.0,,,,,,1,,,,
B1IPU5,B1IPU5_ECOLC,1.0,,,,,,1,,,,
B1IPU8,B1IPU8_ECOLC,1.0,,,,,,1,,,,
B1ISL7,B1ISL7_ECOLC,1.0,,,,,,1,,,,
B1ISN5,B1ISN5_ECOLC,1.0,,,,,,1,,,,
B1IW10,B1IW10_ECOLC,1.0,,,,,,1,,,,
B1IXJ1,B1IXJ1_ECOLC,1.0,,,,,,1,,,,
B1J0D5,RSMJ_ECOLC,1.0,,,,,,1,,,,
B1J0L7,CMOB_ECOLC,1.0,,,,,,1,,,,
B1JUR2,B1JUR2_BURCC,1.0,,,,,,1,,,,
B1JUX5,B1JUX5_BURCC,1.0,,,,,,1,,,,
B1JWE7,B1JWE7_BURCC,1.0,,,,,,1,,,,
B1KM40,B1KM40_SHEWM,1.0,,,,,,1,,,,
B1KPJ9,B1KPJ9_SHEWM,1.0,,,,,,1,,,,
B1KQS9,B1KQS9_SHEWM,1.0,,,,,,1,,,,
B1KQV0,B1KQV0_SHEWM,1.0,,,,,,1,,,,
B1KRC8,B1KRC8_SHEWM,1.0,,,,,,1,,,,
B1KS62,B1KS62_CLOBM,1.0,,,,,,1,,,,
B1KUF7,B1KUF7_CLOBM,1.0,,,,,,1,,,,
B1KV10,B1KV10_CLOBM,1.0,,,,,,1,,,,
A9VLL2,A9VLL2_BACWK,1.0,,,,,,1,,,,
A9VLB2,A9VLB2_BACWK,1.0,,,,,,1,,,,
A9VL20,A9VL20_BACWK,1.0,,,,,,1,,,,
A9VK99,A9VK99_BACWK,1.0,,,,,,1,,,,
A9VJX4,A9VJX4_BACWK,1.0,,,,,,1,,,,
B1KW42,B1KW42_CLOBM,1.0,,,,,,1,,,,
B1KWT8,B1KWT8_CLOBM,1.0,,,,,,1,,,,
B1KWX0,B1KWX0_CLOBM,1.0,,,,,,1,,,,
A9VJG8,A9VJG8_BACWK,1.0,,,,,,1,,,,
B1L0U3,B1L0U3_CLOBM,1.0,,,,,,1,,,,
B1L253,B1L253_CLOBM,1.0,,,,,,1,,,,
B1L3G9,B1L3G9_KORCO,1.0,,,,,,1,,,,
B1L3Y9,B1L3Y9_KORCO,1.0,,,,,,1,,,,
B1L4G6,B1L4G6_KORCO,1.0,,,,,,1,,,,
A9VJ91,A9VJ91_BACWK,1.0,,,,,,1,,,,
A9VIK3,A9VIK3_BACWK,1.0,,,,,,1,,,,
A9VHZ6,Y4222_BACWK,1.0,,,,,,1,,,,
A9VHV6,A9VHV6_BACWK,1.0,,,,,,1,,,,
A9VGN8,A9VGN8_BACWK,1.0,,,,,,1,,,,
B1L4J9,B1L4J9_KORCO,1.0,,,,,,1,,,,
B1L5I3,B1L5I3_KORCO,1.0,,,,,,1,,,,
B1L8X1,B1L8X1_THESQ,1.0,,,,,,1,,,,
B1KMV7,B1KMV7_SHEWM,1.0,,,,,,1,,,,
B1KLB2,B1KLB2_SHEWM,1.0,,,,,,1,,,,
B1JWR2,B1JWR2_BURCC,1.0,,,,,,1,,,,
B1KLA4,RSMJ_SHEWM,1.0,,,,,,1,,,,
B1JYD8,B1JYD8_BURCC,1.0,,,,,,1,,,,
B1JYJ2,B1JYJ2_BURCC,1.0,,,,,,1,,,,
B1JZ32,B1JZ32_BURCC,1.0,,,,,,1,,,,
B1JZ53,B1JZ53_BURCC,1.0,,,,,,1,,,,
B1JZN5,B1JZN5_BURCC,1.0,,,,,,1,,,,
B1K0G9,B1K0G9_BURCC,1.0,,,,,,1,,,,
B1K4B3,B1K4B3_BURCC,1.0,,,,,,1,,,,
B1K5I2,B1K5I2_BURCC,1.0,,,,,,1,,,,
B1K5U9,B1K5U9_BURCC,1.0,,,,,,1,,,,
B1K687,B1K687_BURCC,1.0,,,,,,1,,,,
B1K7H9,B1K7H9_BURCC,1.0,,,,,,1,,,,
B1K9F2,B1K9F2_BURCC,1.0,,,,,,1,,,,
B1KB13,B1KB13_BURCC,1.0,,,,,,1,,,,
B1KBM7,B1KBM7_BURCC,1.0,,,,,,1,,,,
B1KFP8,B1KFP8_SHEWM,1.0,,,,,,1,,,,
B1KHE7,B1KHE7_SHEWM,1.0,,,,,,1,,,,
B1KHG9,CMOA_SHEWM,1.0,,,,,,1,,,,
B1KHH0,CMOB_SHEWM,1.0,,,,,,1,,,,
B1KHK2,B1KHK2_SHEWM,1.0,,,,,,1,,,,
A9VSZ8,A9VSZ8_BACWK,1.0,,,,,,1,,,,
A9VSU3,A9VSU3_BACWK,1.0,,,,,,1,,,,
A9VRX8,A9VRX8_BACWK,1.0,,,,,,1,,,,
A9VR25,A9VR25_BACWK,1.0,,,,,,1,,,,
A9VPU0,A9VPU0_BACWK,1.0,,,,,,1,,,,
A9VP42,A9VP42_BACWK,1.0,,,,,,1,,,,
A9VNT0,A9VNT0_BACWK,1.0,,,,,,1,,,,
B1KHT1,TPMT_SHEWM,1.0,,,,,,1,,,,
B1KJN2,B1KJN2_SHEWM,1.0,,,,,,1,,,,
B1KJW1,B1KJW1_SHEWM,1.0,,,,,,1,,,,
B3QUX1,B3QUX1_CHLT3,1.0,,,,,,1,,,,
B3R600,B3R600_CUPTR,1.0,,,,,,1,,,,
B3QVY5,B3QVY5_CHLT3,1.0,,,,,,1,,,,
B7Q3U5,B7Q3U5_IXOSC,1.0,,,,,,1,,,,
B7NS47,CMOB_ECO7I,1.0,,,,,,1,,,,
B7NNK7,B7NNK7_ECO7I,1.0,,,,,,1,,,,
B7NNB9,RSMJ_ECO7I,1.0,,,,,,1,,,,
B7NM53,B7NM53_ECO7I,1.0,,,,,,1,,,,
B7NLS0,B7NLS0_ECO7I,1.0,,,,,,1,,,,
B7NKW8,B7NKW8_ECO7I,1.0,,,,,,1,,,,
B7NKW5,B7NKW5_ECO7I,1.0,,,,,,1,,,,
B7NHR5,B7NHR5_ECO7I,1.0,,,,,,1,,,,
B7NEC8,RSMJ_ECOLU,1.0,,,,,,1,,,,
B7NE85,B7NE85_ECOLU,1.0,,,,,,1,,,,
B7NBM2,CMOB_ECOLU,1.0,,,,,,1,,,,
B7NBM1,CMOA_ECOLU,1.0,,,,,,1,,,,
B7NBG9,B7NBG9_ECOLU,1.0,,,,,,1,,,,
B7NA76,B7NA76_ECOLU,1.0,,,,,,1,,,,
B7N875,B7N875_ECOLU,1.0,,,,,,1,,,,
B7NS48,CMOA_ECO7I,1.0,,,,,,1,,,,
B7NS99,B7NS99_ECO7I,1.0,,,,,,1,,,,
B7NUV9,B7NUV9_ECO7I,1.0,,,,,,1,,,,
B7PHK7,B7PHK7_IXOSC,1.0,,,,,,1,,,,
B7PSV2,B7PSV2_IXOSC,1.0,,,,,,1,,,,
B7PRC6,B7PRC6_IXOSC,1.0,,,,,,1,,,,
B7PR67,B7PR67_IXOSC,1.0,,,,,,1,,,,
B7PR53,B7PR53_IXOSC,1.0,,,,,,1,,,,
B7PPE5,B7PPE5_IXOSC,1.0,,,,,,1,,,,
B7PMM7,B7PMM7_IXOSC,1.0,,,,,,1,,,,
B7PGL5,B7PGL5_IXOSC,1.0,,,,,,1,,,,
B7P3U8,B7P3U8_IXOSC,1.0,,,,,,1,,,,
B7PGL3,B7PGL3_IXOSC,1.0,,,,,,1,,,,
B7PE38,B7PE38_IXOSC,1.0,,,,,,1,,,,
B7PA94,B7PA94_IXOSC,1.0,,,,,,1,,,,
B7P5X0,B7P5X0_IXOSC,1.0,,,,,,1,,,,
B7P426,B7P426_IXOSC,1.0,,,,,,1,,,,
B7P424,B7P424_IXOSC,1.0,,,,,,1,,,,
B7N872,B7N872_ECOLU,1.0,,,,,,1,,,,
B7N4I8,B7N4I8_ECOLU,1.0,,,,,,1,,,,
B7N4G8,B7N4G8_ECOLU,1.0,,,,,,1,,,,
B7MBI9,B7MBI9_ECO45,1.0,,,,,,1,,,,
B7MEX6,B7MEX6_ECO45,1.0,,,,,,1,,,,
B7MEX0,B7MEX0_ECO45,1.0,,,,,,1,,,,
B7MEJ2,RSMJ_ECO45,1.0,,,,,,1,,,,
B7MBT0,CMOB_ECO45,1.0,,,,,,1,,,,
B7MBS9,CMOA_ECO45,1.0,,,,,,1,,,,
B7MBM8,B7MBM8_ECO45,1.0,,,,,,1,,,,
B7MBI6,B7MBI6_ECO45,1.0,,,,,,1,,,,
B7MHN0,B7MHN0_ECO45,1.0,,,,,,1,,,,
B7M850,B7M850_ECO8A,1.0,,,,,,1,,,,
B7M749,B7M749_ECO8A,1.0,,,,,,1,,,,
B7M409,B7M409_ECO8A,1.0,,,,,,1,,,,
B7M2Q7,RSMJ_ECO8A,1.0,,,,,,1,,,,
B7M2G2,CMOB_ECO8A,1.0,,,,,,1,,,,
B7M2G1,CMOA_ECO8A,1.0,,,,,,1,,,,
B7MGN5,B7MGN5_ECO45,1.0,,,,,,1,,,,
B7MK95,B7MK95_ECO45,1.0,,,,,,1,,,,
B7N404,B7N404_ECOLU,1.0,,,,,,1,,,,
B7MUL8,B7MUL8_ECO81,1.0,,,,,,1,,,,
B7N3N2,B7N3N2_ECOLU,1.0,,,,,,1,,,,
B7N388,B7N388_ECOLU,1.0,,,,,,1,,,,
B7N1D6,RSMJ_ECO81,1.0,,,,,,1,,,,
B7MW65,CMOB_ECO81,1.0,,,,,,1,,,,
B7MW64,CMOA_ECO81,1.0,,,,,,1,,,,
B7MVK5,B7MVK5_ECO81,1.0,,,,,,1,,,,
B7MTX6,B7MTX6_ECO81,1.0,,,,,,1,,,,
B7MM38,B7MM38_ECO45,1.0,,,,,,1,,,,
B7MS39,B7MS39_ECO81,1.0,,,,,,1,,,,
B7MRJ7,B7MRJ7_ECO81,1.0,,,,,,1,,,,
B7MQN0,B7MQN0_ECO81,1.0,,,,,,1,,,,
B7MQ22,B7MQ22_ECO81,1.0,,,,,,1,,,,
B7MQ19,B7MQ19_ECO81,1.0,,,,,,1,,,,
B7MMR5,B7MMR5_ECO45,1.0,,,,,,1,,,,
B7PYI5,B7PYI5_IXOSC,1.0,,,,,,1,,,,
B7Q5P6,B7Q5P6_IXOSC,1.0,,,,,,1,,,,
B7M212,B7M212_ECO8A,1.0,,,,,,1,,,,
B7Q9P5,B7Q9P5_IXOSC,1.0,,,,,,1,,,,
B7ZD59,B7ZD59_DANRE,1.0,,,,,,1,,,,
B7VT55,B7VT55_VIBTL,1.0,,,,,,1,,,,
B7VPF3,TPMT_VIBTL,1.0,,,,,,1,,,,
B7VP68,B7VP68_VIBTL,1.0,,,,,,1,,,,
B7VNY9,B7VNY9_VIBTL,1.0,,,,,,1,,,,
B7VMH8,CMOA_VIBTL,1.0,,,,,,1,,,,
B7VMH7,CMOB_VIBTL,1.0,,,,,,1,,,,
B7VMG9,B7VMG9_VIBTL,1.0,,,,,,1,,,,
B7VLA8,B7VLA8_VIBTL,1.0,,,,,,1,,,,
B7VKK8,B7VKK8_VIBTL,1.0,,,,,,1,,,,
B7VIP4,B7VIP4_VIBTL,1.0,,,,,,1,,,,
B7VHB0,RSMJ_VIBTL,1.0,,,,,,1,,,,
B7VH14,B7VH14_VIBTL,1.0,,,,,,1,,,,
B7VBQ1,B7VBQ1_PSEA8,1.0,,,,,,1,,,,
B7VB63,B7VB63_PSEA8,1.0,,,,,,1,,,,
B7ZUA2,B7ZUA2_XENTR,1.0,,,,,,1,,,,
B8A5G3,B8A5G3_DANRE,1.0,,,,,,1,,,,
B8AEE8,B8AEE8_ORYSI,1.0,,,,,,1,,,,
B8BSB0,B8BSB0_THAPS,1.0,,,,,,1,,,,
B8C1U5,B8C1U5_THAPS,1.0,,,,,,1,,,,
B8BYH6,B8BYH6_THAPS,1.0,,,,,,1,,,,
B8BWP8,B8BWP8_THAPS,1.0,,,,,,1,,,,
B8BW93,B8BW93_THAPS,1.0,,,,,,1,,,,
B8BVT1,B8BVT1_THAPS,1.0,,,,,,1,,,,
B8BTY9,B8BTY9_THAPS,1.0,,,,,,1,,,,
B8BQQ3,B8BQQ3_THAPS,1.0,,,,,,1,,,,
B8AIR5,B8AIR5_ORYSI,1.0,,,,,,1,,,,
B8BFZ4,B8BFZ4_ORYSI,1.0,,,,,,1,,,,
B8BFZ3,B8BFZ3_ORYSI,1.0,,,,,,1,,,,
B8B7Y9,B8B7Y9_ORYSI,1.0,,,,,,1,,,,
B8B017,B8B017_ORYSI,1.0,,,,,,1,,,,
B8AWA2,B8AWA2_ORYSI,1.0,,,,,,1,,,,
B8ALT8,B8ALT8_ORYSI,1.0,,,,,,1,,,,
B7VAV2,B7VAV2_PSEA8,1.0,,,,,,1,,,,
B7VAQ2,B7VAQ2_PSEA8,1.0,,,,,,1,,,,
B7VAP9,TPMT_PSEA8,1.0,,,,,,1,,,,
B7UKK7,B7UKK7_ECO27,1.0,,,,,,1,,,,
B7USJ8,B7USJ8_ECO27,1.0,,,,,,1,,,,
B7URH9,B7URH9_ECO27,1.0,,,,,,1,,,,
B7UQ82,B7UQ82_ECO27,1.0,,,,,,1,,,,
B7UN07,B7UN07_ECO27,1.0,,,,,,1,,,,
B7ULX4,B7ULX4_ECO27,1.0,,,,,,1,,,,
B7UL45,RSMJ_ECO27,1.0,,,,,,1,,,,
B7UJA9,B7UJA9_ECO27,1.0,,,,,,1,,,,
B7USP8,CMOB_ECO27,1.0,,,,,,1,,,,
B7UJA6,B7UJA6_ECO27,1.0,,,,,,1,,,,
B7QNN4,B7QNN4_IXOSC,1.0,,,,,,1,,,,
B7QMH9,B7QMH9_IXOSC,1.0,,,,,,1,,,,
B7QHM8,B7QHM8_IXOSC,1.0,,,,,,1,,,,
B7QC15,B7QC15_IXOSC,1.0,,,,,,1,,,,
B7QB00,B7QB00_IXOSC,1.0,,,,,,1,,,,
B7USP7,CMOA_ECO27,1.0,,,,,,1,,,,
B7UUR3,B7UUR3_PSEA8,1.0,,,,,,1,,,,
B7V8J2,B7V8J2_PSEA8,1.0,,,,,,1,,,,
B7V2T3,RSMJ_PSEA8,1.0,,,,,,1,,,,
B7V7P1,B7V7P1_PSEA8,1.0,,,,,,1,,,,
B7V6C8,B7V6C8_PSEA8,1.0,,,,,,1,,,,
B7V697,B7V697_PSEA8,1.0,,,,,,1,,,,
B7V4E5,B7V4E5_PSEA8,1.0,,,,,,1,,,,
B7V488,B7V488_PSEA8,1.0,,,,,,1,,,,
B7V3X5,B7V3X5_PSEA8,1.0,,,,,,1,,,,
B7V2Q6,B7V2Q6_PSEA8,1.0,,,,,,1,,,,
B7UVW5,B7UVW5_PSEA8,1.0,,,,,,1,,,,
B7V1P8,B7V1P8_PSEA8,1.0,,,,,,1,,,,
B7V1K2,B7V1K2_PSEA8,1.0,,,,,,1,,,,
B7UYW8,CMOB_PSEA8,1.0,,,,,,1,,,,
B7UYW7,B7UYW7_PSEA8,1.0,,,,,,1,,,,
B7UYG1,B7UYG1_PSEA8,1.0,,,,,,1,,,,
B7UX28,B7UX28_PSEA8,1.0,,,,,,1,,,,
B7M297,B7M297_ECO8A,1.0,,,,,,1,,,,
B7M209,B7M209_ECO8A,1.0,,,,,,1,,,,
B8C323,B8C323_THAPS,1.0,,,,,,1,,,,
B7JZT1,B7JZT1_CYAP8,1.0,,,,,,1,,,,
B7JNL5,B7JNL5_BACC0,1.0,,,,,,1,,,,
B7JLX0,B7JLX0_BACC0,1.0,,,,,,1,,,,
B7JLM4,B7JLM4_BACC0,1.0,,,,,,1,,,,
B7JLG7,B7JLG7_BACC0,1.0,,,,,,1,,,,
B7JKR8,B7JKR8_BACC0,1.0,,,,,,1,,,,
B7JHD8,B7JHD8_BACC0,1.0,,,,,,1,,,,
B7JH81,B7JH81_BACC0,1.0,,,,,,1,,,,
B7JGS6,B7JGS6_BACC0,1.0,,,,,,1,,,,
B7JG46,B7JG46_BACC0,1.0,,,,,,1,,,,
B7JEX0,B7JEX0_BACC0,1.0,,,,,,1,,,,
B7JEP8,B7JEP8_BACC0,1.0,,,,,,1,,,,
B7JDB6,B7JDB6_BACC0,1.0,,,,,,1,,,,
B7J9V2,B7J9V2_ACIF2,1.0,,,,,,1,,,,
B7J9T7,B7J9T7_ACIF2,1.0,,,,,,1,,,,
B7J8G9,B7J8G9_ACIF2,1.0,,,,,,1,,,,
B7JNW1,B7JNW1_BACC0,1.0,,,,,,1,,,,
B7JP65,B7JP65_BACC0,1.0,,,,,,1,,,,
B7JPJ7,B7JPJ7_BACC0,1.0,,,,,,1,,,,
B7JUC6,B7JUC6_CYAP8,1.0,,,,,,1,,,,
B7JYZ7,B7JYZ7_CYAP8,1.0,,,,,,1,,,,
B7JYJ2,B7JYJ2_CYAP8,1.0,,,,,,1,,,,
B7JYC5,B7JYC5_CYAP8,1.0,,,,,,1,,,,
B7JXM0,B7JXM0_CYAP8,1.0,,,,,,1,,,,
B7JVF8,B7JVF8_CYAP8,1.0,,,,,,1,,,,
B7JUW9,B7JUW9_CYAP8,1.0,,,,,,1,,,,
B7JUA4,B7JUA4_CYAP8,1.0,,,,,,1,,,,
B7JPJ9,B7JPJ9_BACC0,1.0,,,,,,1,,,,
B7JT18,B7JT18_BACC0,1.0,,,,,,1,,,,
B7JSP5,B7JSP5_BACC0,1.0,,,,,,1,,,,
B7JSL5,B7JSL5_BACC0,1.0,,,,,,1,,,,
B7JRR7,B7JRR7_BACC0,1.0,,,,,,1,,,,
B7JQA2,B7JQA2_BACC0,1.0,,,,,,1,,,,
B7JPT4,B7JPT4_BACC0,1.0,,,,,,1,,,,
B7J6W2,B7J6W2_ACIF2,1.0,,,,,,1,,,,
B7J655,B7J655_ACIF2,1.0,,,,,,1,,,,
B7J5K2,B7J5K2_ACIF2,1.0,,,,,,1,,,,
B7IKN3,B7IKN3_BACC2,1.0,,,,,,1,,,,
B7IPM7,B7IPM7_BACC2,1.0,,,,,,1,,,,
B7IND5,B7IND5_BACC2,1.0,,,,,,1,,,,
B7IMH0,B7IMH0_BACC2,1.0,,,,,,1,,,,
B7IMA5,B7IMA5_BACC2,1.0,,,,,,1,,,,
B7IM43,B7IM43_BACC2,1.0,,,,,,1,,,,
B7IL16,B7IL16_BACC2,1.0,,,,,,1,,,,
B7IKF0,B7IKF0_BACC2,1.0,,,,,,1,,,,
B7IRM9,B7IRM9_BACC2,1.0,,,,,,1,,,,
B7IJM4,B7IJM4_BACC2,1.0,,,,,,1,,,,
B7IEB3,B7IEB3_THEAB,1.0,,,,,,1,,,,
B7IE86,B7IE86_THEAB,1.0,,,,,,1,,,,
B7IC83,B7IC83_ACIB5,1.0,,,,,,1,,,,
B7IAW4,B7IAW4_ACIB5,1.0,,,,,,1,,,,
B7IAQ7,B7IAQ7_ACIB5,1.0,,,,,,1,,,,
B7IPM8,B7IPM8_BACC2,1.0,,,,,,1,,,,
B7ISJ4,B7ISJ4_BACC2,1.0,,,,,,1,,,,
B7J5D9,B7J5D9_ACIF2,1.0,,,,,,1,,,,
B7IY23,B7IY23_BACC2,1.0,,,,,,1,,,,
B7J4E1,B7J4E1_ACIF2,1.0,,,,,,1,,,,
B7J436,B7J436_ACIF2,1.0,,,,,,1,,,,
B7J3Y9,B7J3Y9_ACIF2,1.0,,,,,,1,,,,
B7J3H8,B7J3H8_ACIF2,1.0,,,,,,1,,,,
B7IYM8,B7IYM8_BACC2,1.0,,,,,,1,,,,
B7IYI2,B7IYI2_BACC2,1.0,,,,,,1,,,,
B7IX33,B7IX33_BACC2,1.0,,,,,,1,,,,
B7ITI5,B7ITI5_BACC2,1.0,,,,,,1,,,,
B7IX31,B7IX31_BACC2,1.0,,,,,,1,,,,
B7IWZ7,B7IWZ7_BACC2,1.0,,,,,,1,,,,
B7IWM9,B7IWM9_BACC2,1.0,,,,,,1,,,,
B7IV41,B7IV41_BACC2,1.0,,,,,,1,,,,
B7IUA3,B7IUA3_BACC2,1.0,,,,,,1,,,,
B7IU66,B7IU66_BACC2,1.0,,,,,,1,,,,
B7JZ92,B7JZ92_CYAP8,1.0,,,,,,1,,,,
B7K0F6,B7K0F6_CYAP8,1.0,,,,,,1,,,,
B7LYR5,B7LYR5_ECO8A,1.0,,,,,,1,,,,
B7K1H2,B7K1H2_CYAP8,1.0,,,,,,1,,,,
B7L6V1,B7L6V1_ECO55,1.0,,,,,,1,,,,
B7L6E4,B7L6E4_ECO55,1.0,,,,,,1,,,,
B7L6C5,B7L6C5_ECO55,1.0,,,,,,1,,,,
B7L5X8,RSMJ_ECO55,1.0,,,,,,1,,,,
B7L487,B7L487_ECO55,1.0,,,,,,1,,,,
B7L128,B7L128_METC4,1.0,,,,,,1,,,,
B7L0K3,B7L0K3_METC4,1.0,,,,,,1,,,,
B7L066,B7L066_METC4,1.0,,,,,,1,,,,
B7KZ59,B7KZ59_METC4,1.0,,,,,,1,,,,
B7KZ17,B7KZ17_METC4,1.0,,,,,,1,,,,
B7KXW9,B7KXW9_METC4,1.0,,,,,,1,,,,
B7KWX5,B7KWX5_METC4,1.0,,,,,,1,,,,
B7KWL4,B7KWL4_METC4,1.0,,,,,,1,,,,
B7KW21,B7KW21_METC4,1.0,,,,,,1,,,,
B7KVP6,B7KVP6_METC4,1.0,,,,,,1,,,,
B7L7S3,CMOA_ECO55,1.0,,,,,,1,,,,
B7L7S4,CMOB_ECO55,1.0,,,,,,1,,,,
B7LC59,B7LC59_ECO55,1.0,,,,,,1,,,,
B7LR85,B7LR85_ESCF3,1.0,,,,,,1,,,,
B7LYP6,B7LYP6_ECO8A,1.0,,,,,,1,,,,
B7LW88,B7LW88_ESCF3,1.0,,,,,,1,,,,
B7LW85,B7LW85_ESCF3,1.0,,,,,,1,,,,
B7LSX8,RSMJ_ESCF3,1.0,,,,,,1,,,,
B7LST8,B7LST8_ESCF3,1.0,,,,,,1,,,,
B7LRG5,B7LRG5_ESCF3,1.0,,,,,,1,,,,
B7LPM4,B7LPM4_ESCF3,1.0,,,,,,1,,,,
B7LE20,B7LE20_ECO55,1.0,,,,,,1,,,,
B7LPH4,CMOA_ESCF3,1.0,,,,,,1,,,,
B7LPH3,CMOB_ESCF3,1.0,,,,,,1,,,,
B7LN83,B7LN83_ESCF3,1.0,,,,,,1,,,,
B7LJY5,B7LJY5_ESCF3,1.0,,,,,,1,,,,
B7LHB9,B7LHB9_ECO55,1.0,,,,,,1,,,,
B7LHB6,B7LHB6_ECO55,1.0,,,,,,1,,,,
B7KV72,B7KV72_METC4,1.0,,,,,,1,,,,
B7KPG4,B7KPG4_METC4,1.0,,,,,,1,,,,
B7KNY2,B7KNY2_METC4,1.0,,,,,,1,,,,
B7K5K1,B7K5K1_CYAP8,1.0,,,,,,1,,,,
B7KBR1,B7KBR1_CYAP7,1.0,,,,,,1,,,,
B7KAT4,B7KAT4_CYAP7,1.0,,,,,,1,,,,
B7KAR7,B7KAR7_CYAP7,1.0,,,,,,1,,,,
B7K8P3,B7K8P3_CYAP7,1.0,,,,,,1,,,,
B7K7B1,B7K7B1_CYAP7,1.0,,,,,,1,,,,
B7K6Z2,B7K6Z2_CYAP7,1.0,,,,,,1,,,,
B7K5B4,B7K5B4_CYAP8,1.0,,,,,,1,,,,
B7KCD5,B7KCD5_CYAP7,1.0,,,,,,1,,,,
B7K4I1,B7K4I1_CYAP8,1.0,,,,,,1,,,,
B7K4A7,B7K4A7_CYAP8,1.0,,,,,,1,,,,
B7K3C7,B7K3C7_CYAP8,1.0,,,,,,1,,,,
B7K3A6,B7K3A6_CYAP8,1.0,,,,,,1,,,,
B7K3A0,B7K3A0_CYAP8,1.0,,,,,,1,,,,
B7K2J7,B7K2J7_CYAP8,1.0,,,,,,1,,,,
B7KC27,B7KC27_CYAP7,1.0,,,,,,1,,,,
B7KF93,B7KF93_CYAP7,1.0,,,,,,1,,,,
B7KNC4,B7KNC4_METC4,1.0,,,,,,1,,,,
B7KJK2,B7KJK2_CYAP7,1.0,,,,,,1,,,,
B7KLZ7,B7KLZ7_CYAP7,1.0,,,,,,1,,,,
B7KLV4,B7KLV4_CYAP7,1.0,,,,,,1,,,,
B7KLB2,B7KLB2_CYAP7,1.0,,,,,,1,,,,
B7KL02,B7KL02_CYAP7,1.0,,,,,,1,,,,
B7KKS6,B7KKS6_CYAP7,1.0,,,,,,1,,,,
B7KKP1,B7KKP1_CYAP7,1.0,,,,,,1,,,,
B7KJI5,B7KJI5_CYAP7,1.0,,,,,,1,,,,
B7KGA5,B7KGA5_CYAP7,1.0,,,,,,1,,,,
B7KJC1,B7KJC1_CYAP7,1.0,,,,,,1,,,,
B7KJA8,B7KJA8_CYAP7,1.0,,,,,,1,,,,
B7KIG1,B7KIG1_CYAP7,1.0,,,,,,1,,,,
B7KHW4,B7KHW4_CYAP7,1.0,,,,,,1,,,,
B7KGJ7,B7KGJ7_CYAP7,1.0,,,,,,1,,,,
B7KGF6,B7KGF6_CYAP7,1.0,,,,,,1,,,,
B8C1V8,B8C1V8_THAPS,1.0,,,,,,1,,,,
B8C3A5,B8C3A5_THAPS,1.0,,,,,,1,,,,
B3QW03,B3QW03_CHLT3,1.0,,,,,,1,,,,
B8HXX1,B8HXX1_CYAP4,1.0,,,,,,1,,,,
B8HRB8,B8HRB8_CYAP4,1.0,,,,,,1,,,,
B8HQR3,B8HQR3_CYAP4,1.0,,,,,,1,,,,
B8HQ93,B8HQ93_CYAP4,1.0,,,,,,1,,,,
B8HPT1,B8HPT1_CYAP4,1.0,,,,,,1,,,,
B8HPE8,B8HPE8_CYAP4,1.0,,,,,,1,,,,
B8HPB0,B8HPB0_CYAP4,1.0,,,,,,1,,,,
B8HP58,B8HP58_CYAP4,1.0,,,,,,1,,,,
B8HNU8,B8HNU8_CYAP4,1.0,,,,,,1,,,,
B8HNH4,B8HNH4_CYAP4,1.0,,,,,,1,,,,
B8HML5,B8HML5_CYAP4,1.0,,,,,,1,,,,
B8HLZ8,B8HLZ8_CYAP4,1.0,,,,,,1,,,,
B8HLY7,B8HLY7_CYAP4,1.0,,,,,,1,,,,
B8HLX0,B8HLX0_CYAP4,1.0,,,,,,1,,,,
B8HLV9,B8HLV9_CYAP4,1.0,,,,,,1,,,,
B8HLA2,B8HLA2_CYAP4,1.0,,,,,,1,,,,
B8HRW1,B8HRW1_CYAP4,1.0,,,,,,1,,,,
B8HS45,B8HS45_CYAP4,1.0,,,,,,1,,,,
B8HSG0,B8HSG0_CYAP4,1.0,,,,,,1,,,,
B8HV67,B8HV67_CYAP4,1.0,,,,,,1,,,,
B8HXR6,B8HXR6_CYAP4,1.0,,,,,,1,,,,
B8HX46,B8HX46_CYAP4,1.0,,,,,,1,,,,
B8HX14,B8HX14_CYAP4,1.0,,,,,,1,,,,
B8HW78,B8HW78_CYAP4,1.0,,,,,,1,,,,
B8HVX7,B8HVX7_CYAP4,1.0,,,,,,1,,,,
B8HV71,B8HV71_CYAP4,1.0,,,,,,1,,,,
B8HV45,B8HV45_CYAP4,1.0,,,,,,1,,,,
B8HSN4,B8HSN4_CYAP4,1.0,,,,,,1,,,,
B8HV33,B8HV33_CYAP4,1.0,,,,,,1,,,,
B8HUJ0,B8HUJ0_CYAP4,1.0,,,,,,1,,,,
B8HU85,B8HU85_CYAP4,1.0,,,,,,1,,,,
B8HTS5,B8HTS5_CYAP4,1.0,,,,,,1,,,,
B8HTD8,B8HTD8_CYAP4,1.0,,,,,,1,,,,
B8HT32,B8HT32_CYAP4,1.0,,,,,,1,,,,
B8HL93,B8HL93_CYAP4,1.0,,,,,,1,,,,
B8HL71,B8HL71_CYAP4,1.0,,,,,,1,,,,
B8HJK2,B8HJK2_CYAP4,1.0,,,,,,1,,,,
B8GTU1,B8GTU1_THISH,1.0,,,,,,1,,,,
B8GZY5,B8GZY5_CAUCN,1.0,,,,,,1,,,,
B8GXY3,B8GXY3_CAUCN,1.0,,,,,,1,,,,
B8GXF6,B8GXF6_CAUCN,1.0,,,,,,1,,,,
B8GWS5,B8GWS5_CAUCN,1.0,,,,,,1,,,,
B8GWJ5,B8GWJ5_CAUCN,1.0,,,,,,1,,,,
B8GU19,B8GU19_THISH,1.0,,,,,,1,,,,
B8GTH5,B8GTH5_THISH,1.0,,,,,,1,,,,
B8H200,B8H200_CAUCN,1.0,,,,,,1,,,,
B8GS88,B8GS88_THISH,1.0,,,,,,1,,,,
B8GRE9,B8GRE9_THISH,1.0,,,,,,1,,,,
B8GQX8,B8GQX8_THISH,1.0,,,,,,1,,,,
B8GQ90,RSMJ_THISH,1.0,,,,,,1,,,,
B8GQ72,B8GQ72_THISH,1.0,,,,,,1,,,,
B8GQ71,B8GQ71_THISH,1.0,,,,,,1,,,,
B8GZY9,B8GZY9_CAUCN,1.0,,,,,,1,,,,
B8H2W7,B8H2W7_CAUCN,1.0,,,,,,1,,,,
B8HHG5,B8HHG5_ARTCA,1.0,,,,,,1,,,,
B8H8N1,B8H8N1_ARTCA,1.0,,,,,,1,,,,
B8HCE7,B8HCE7_ARTCA,1.0,,,,,,1,,,,
B8HBA0,B8HBA0_ARTCA,1.0,,,,,,1,,,,
B8HB70,B8HB70_ARTCA,1.0,,,,,,1,,,,
B8HB41,B8HB41_ARTCA,1.0,,,,,,1,,,,
B8HAR0,B8HAR0_ARTCA,1.0,,,,,,1,,,,
B8H978,B8H978_ARTCA,1.0,,,,,,1,,,,
B8H7J0,B8H7J0_ARTCA,1.0,,,,,,1,,,,
B8H2Y0,B8H2Y0_CAUCN,1.0,,,,,,1,,,,
B8H6R0,B8H6R0_ARTCA,1.0,,,,,,1,,,,
B8H5N0,B8H5N0_CAUCN,1.0,,,,,,1,,,,
B8H5L5,B8H5L5_CAUCN,1.0,,,,,,1,,,,
B8H501,B8H501_CAUCN,1.0,,,,,,1,,,,
B8H4U0,B8H4U0_CAUCN,1.0,,,,,,1,,,,
B8H3L1,B8H3L1_CAUCN,1.0,,,,,,1,,,,
B8HXW0,B8HXW0_CYAP4,1.0,,,,,,1,,,,
B8I006,B8I006_CLOCE,1.0,,,,,,1,,,,
B8GP08,B8GP08_THISH,1.0,,,,,,1,,,,
B8I2U9,B8I2U9_CLOCE,1.0,,,,,,1,,,,
B8JGP1,B8JGP1_ANAD2,1.0,,,,,,1,,,,
B8JGJ4,B8JGJ4_ANAD2,1.0,,,,,,1,,,,
B8JGA9,B8JGA9_ANAD2,1.0,,,,,,1,,,,
B8JG08,B8JG08_ANAD2,1.0,,,,,,1,,,,
B8JEF2,B8JEF2_ANAD2,1.0,,,,,,1,,,,
B8JB27,B8JB27_ANAD2,1.0,,,,,,1,,,,
B8J9Q7,B8J9Q7_ANAD2,1.0,,,,,,1,,,,
B8J8V8,B8J8V8_ANAD2,1.0,,,,,,1,,,,
B8J8A8,B8J8A8_ANAD2,1.0,,,,,,1,,,,
B8J781,B8J781_ANAD2,1.0,,,,,,1,,,,
B8J6E8,B8J6E8_ANAD2,1.0,,,,,,1,,,,
B8J5S9,B8J5S9_ANAD2,1.0,,,,,,1,,,,
B8J5P1,B8J5P1_ANAD2,1.0,,,,,,1,,,,
B8J1Z8,B8J1Z8_DESDA,1.0,,,,,,1,,,,
B8J0Y5,B8J0Y5_DESDA,1.0,,,,,,1,,,,
B8JH78,B8JH78_ANAD2,1.0,,,,,,1,,,,
B8LC49,B8LC49_THAPS,1.0,,,,,,1,,,,
B8LCK7,B8LCK7_THAPS,1.0,,,,,,1,,,,
B8ZS39,B8ZS39_MYCLB,1.0,,,,,,1,,,,
B8ZUE1,B8ZUE1_MYCLB,1.0,,,,,,1,,,,
B8ZU98,B8ZU98_MYCLB,1.0,,,,,,1,,,,
B8ZTY3,B8ZTY3_MYCLB,1.0,,,,,,1,,,,
B8ZTF7,Y2584_MYCLB,1.0,,,,,,1,,,,
B8ZT30,B8ZT30_MYCLB,1.0,,,,,,1,,,,
B8ZS65,B8ZS65_MYCLB,1.0,,,,,,1,,,,
B8ZS33,B8ZS33_MYCLB,1.0,,,,,,1,,,,
B8LEA8,B8LEA8_THAPS,1.0,,,,,,1,,,,
B8ZPM5,B8ZPM5_STRPJ,1.0,,,,,,1,,,,
B8ZPD5,B8ZPD5_STRPJ,1.0,,,,,,1,,,,
B8ZMR8,B8ZMR8_STRPJ,1.0,,,,,,1,,,,
B8ZMN6,B8ZMN6_STRPJ,1.0,,,,,,1,,,,
B8ZLU0,B8ZLU0_STRPJ,1.0,,,,,,1,,,,
B8LEA9,B8LEA9_THAPS,1.0,,,,,,1,,,,
B8IZH2,B8IZH2_DESDA,1.0,,,,,,1,,,,
B8IXN1,B8IXN1_METNO,1.0,,,,,,1,,,,
B8IXA9,B8IXA9_METNO,1.0,,,,,,1,,,,
B8I9F2,B8I9F2_CLOCE,1.0,,,,,,1,,,,
B8IFW1,B8IFW1_METNO,1.0,,,,,,1,,,,
B8IF47,B8IF47_METNO,1.0,,,,,,1,,,,
B8ICA1,B8ICA1_METNO,1.0,,,,,,1,,,,
B8IAB7,B8IAB7_METNO,1.0,,,,,,1,,,,
B8IA38,B8IA38_METNO,1.0,,,,,,1,,,,
B8I9P0,B8I9P0_METNO,1.0,,,,,,1,,,,
B8I962,B8I962_CLOCE,1.0,,,,,,1,,,,
B8IGP4,B8IGP4_METNO,1.0,,,,,,1,,,,
B8I896,B8I896_CLOCE,1.0,,,,,,1,,,,
B8I7N3,B8I7N3_CLOCE,1.0,,,,,,1,,,,
B8I7M5,B8I7M5_CLOCE,1.0,,,,,,1,,,,
B8I6V1,B8I6V1_CLOCE,1.0,,,,,,1,,,,
B8I525,B8I525_CLOCE,1.0,,,,,,1,,,,
B8I479,B8I479_CLOCE,1.0,,,,,,1,,,,
B8IGI8,B8IGI8_METNO,1.0,,,,,,1,,,,
B8IH43,B8IH43_METNO,1.0,,,,,,1,,,,
B8IX14,B8IX14_METNO,1.0,,,,,,1,,,,
B8IPT0,B8IPT0_METNO,1.0,,,,,,1,,,,
B8IU33,B8IU33_METNO,1.0,,,,,,1,,,,
B8IRT5,B8IRT5_METNO,1.0,,,,,,1,,,,
B8IQZ8,B8IQZ8_METNO,1.0,,,,,,1,,,,
B8IQS7,B8IQS7_METNO,1.0,,,,,,1,,,,
B8IQN6,B8IQN6_METNO,1.0,,,,,,1,,,,
B8IQL0,B8IQL0_METNO,1.0,,,,,,1,,,,
B8IJ80,B8IJ80_METNO,1.0,,,,,,1,,,,
B8IH85,B8IH85_METNO,1.0,,,,,,1,,,,
B8IIU2,B8IIU2_METNO,1.0,,,,,,1,,,,
B8IIG7,B8IIG7_METNO,1.0,,,,,,1,,,,
B8II43,B8II43_METNO,1.0,,,,,,1,,,,
B8IHF6,B8IHF6_METNO,1.0,,,,,,1,,,,
B8IHE7,B8IHE7_METNO,1.0,,,,,,1,,,,
B8IHE6,B8IHE6_METNO,1.0,,,,,,1,,,,
B8GPT6,B8GPT6_THISH,1.0,,,,,,1,,,,
B8GNV3,B8GNV3_THISH,1.0,,,,,,1,,,,
B8C3R2,B8C3R2_THAPS,1.0,,,,,,1,,,,
B8EPY6,B8EPY6_METSB,1.0,,,,,,1,,,,
B8E617,B8E617_SHEB2,1.0,,,,,,1,,,,
B8E5R2,B8E5R2_SHEB2,1.0,,,,,,1,,,,
B8E5C2,B8E5C2_SHEB2,1.0,,,,,,1,,,,
B8E5A1,B8E5A1_SHEB2,1.0,,,,,,1,,,,
B8E2B5,B8E2B5_DICTD,1.0,,,,,,1,,,,
B8DZA1,B8DZA1_DICTD,1.0,,,,,,1,,,,
B8DYX4,B8DYX4_DICTD,1.0,,,,,,1,,,,
B8DV88,B8DV88_BIFA0,1.0,,,,,,1,,,,
B8DV24,B8DV24_BIFA0,1.0,,,,,,1,,,,
B8DR40,B8DR40_DESVM,1.0,,,,,,1,,,,
B8DQR9,B8DQR9_DESVM,1.0,,,,,,1,,,,
B8DQD8,B8DQD8_DESVM,1.0,,,,,,1,,,,
B8DN35,B8DN35_DESVM,1.0,,,,,,1,,,,
B8DK00,B8DK00_DESVM,1.0,,,,,,1,,,,
B8DG19,B8DG19_LISMH,1.0,,,,,,1,,,,
B8E8H4,B8E8H4_SHEB2,1.0,,,,,,1,,,,
B8EA68,CMOB_SHEB2,1.0,,,,,,1,,,,
B8EA69,CMOA_SHEB2,1.0,,,,,,1,,,,
B8EII0,B8EII0_METSB,1.0,,,,,,1,,,,
B8ENU7,B8ENU7_METSB,1.0,,,,,,1,,,,
B8ENQ8,B8ENQ8_METSB,1.0,,,,,,1,,,,
B8EMS6,B8EMS6_METSB,1.0,,,,,,1,,,,
B8ELJ9,B8ELJ9_METSB,1.0,,,,,,1,,,,
B8EIY9,B8EIY9_METSB,1.0,,,,,,1,,,,
B8EIR2,B8EIR2_METSB,1.0,,,,,,1,,,,
B8EFW4,B8EFW4_SHEB2,1.0,,,,,,1,,,,
B8EAJ0,B8EAJ0_SHEB2,1.0,,,,,,1,,,,
B8EF32,B8EF32_SHEB2,1.0,,,,,,1,,,,
B8EEJ8,B8EEJ8_SHEB2,1.0,,,,,,1,,,,
B8ECV6,RSMJ_SHEB2,1.0,,,,,,1,,,,
B8ECE4,B8ECE4_SHEB2,1.0,,,,,,1,,,,
B8ECC0,TPMT_SHEB2,1.0,,,,,,1,,,,
B8EBV0,B8EBV0_SHEB2,1.0,,,,,,1,,,,
B8DFQ9,B8DFQ9_LISMH,1.0,,,,,,1,,,,
B8DFK6,B8DFK6_LISMH,1.0,,,,,,1,,,,
B8DE26,B8DE26_LISMH,1.0,,,,,,1,,,,
B8C8Q5,B8C8Q5_THAPS,1.0,,,,,,1,,,,
B8CJF6,B8CJF6_SHEPW,1.0,,,,,,1,,,,
B8CDI8,B8CDI8_THAPS,1.0,,,,,,1,,,,
B8CCH1,B8CCH1_THAPS,1.0,,,,,,1,,,,
B8CCA1,B8CCA1_THAPS,1.0,,,,,,1,,,,
B8C9A4,B8C9A4_THAPS,1.0,,,,,,1,,,,
B8C906,B8C906_THAPS,1.0,,,,,,1,,,,
B8C7V7,B8C7V7_THAPS,1.0,,,,,,1,,,,
B8CNS6,B8CNS6_SHEPW,1.0,,,,,,1,,,,
B8C7L7,B8C7L7_THAPS,1.0,,,,,,1,,,,
B8C702,B8C702_THAPS,1.0,,,,,,1,,,,
B8C5X1,B8C5X1_THAPS,1.0,,,,,,1,,,,
B8C514,B8C514_THAPS,1.0,,,,,,1,,,,
B8C4W7,B8C4W7_THAPS,1.0,,,,,,1,,,,
B8C3W8,B8C3W8_THAPS,1.0,,,,,,1,,,,
B8CLR5,B8CLR5_SHEPW,1.0,,,,,,1,,,,
B8CNX4,CMOB_SHEPW,1.0,,,,,,1,,,,
B8DDN0,B8DDN0_LISMH,1.0,,,,,,1,,,,
B8CY69,B8CY69_HALOH,1.0,,,,,,1,,,,
B8DA93,B8DA93_LISMH,1.0,,,,,,1,,,,
B8D9Z2,B8D9Z2_LISMH,1.0,,,,,,1,,,,
B8D8E9,RSMJ_BUCA5,1.0,,,,,,1,,,,
B8D8A6,RSMJ_BUCAT,1.0,,,,,,1,,,,
B8D6A1,B8D6A1_DESK1,1.0,,,,,,1,,,,
B8D4A4,B8D4A4_DESK1,1.0,,,,,,1,,,,
B8CXD1,B8CXD1_HALOH,1.0,,,,,,1,,,,
B8CNX5,CMOA_SHEPW,1.0,,,,,,1,,,,
B8CV40,RSMJ_SHEPW,1.0,,,,,,1,,,,
B8CUG6,TPMT_SHEPW,1.0,,,,,,1,,,,
B8CT74,B8CT74_SHEPW,1.0,,,,,,1,,,,
B8CR80,B8CR80_SHEPW,1.0,,,,,,1,,,,
B8CQY0,B8CQY0_SHEPW,1.0,,,,,,1,,,,
B8CQL8,B8CQL8_SHEPW,1.0,,,,,,1,,,,
B8ENZ9,B8ENZ9_METSB,1.0,,,,,,1,,,,
B8ERV8,B8ERV8_METSB,1.0,,,,,,1,,,,
B8GMF7,B8GMF7_THISH,1.0,,,,,,1,,,,
B8ET15,B8ET15_METSB,1.0,,,,,,1,,,,
B8GCE5,B8GCE5_CHLAD,1.0,,,,,,1,,,,
B8GBH1,B8GBH1_CHLAD,1.0,,,,,,1,,,,
B8GBB0,B8GBB0_CHLAD,1.0,,,,,,1,,,,
B8GA49,B8GA49_CHLAD,1.0,,,,,,1,,,,
B8GA29,B8GA29_CHLAD,1.0,,,,,,1,,,,
B8G8J8,B8G8J8_CHLAD,1.0,,,,,,1,,,,
B8G876,B8G876_CHLAD,1.0,,,,,,1,,,,
B8G7U1,B8G7U1_CHLAD,1.0,,,,,,1,,,,
B8G7F3,B8G7F3_CHLAD,1.0,,,,,,1,,,,
B8G537,B8G537_CHLAD,1.0,,,,,,1,,,,
B8G4V9,B8G4V9_CHLAD,1.0,,,,,,1,,,,
B8G3Q4,B8G3Q4_CHLAD,1.0,,,,,,1,,,,
B8G1N6,B8G1N6_DESHD,1.0,,,,,,1,,,,
B8G0Y2,B8G0Y2_DESHD,1.0,,,,,,1,,,,
B8G0S8,B8G0S8_DESHD,1.0,,,,,,1,,,,
B8GCR5,B8GCR5_CHLAD,1.0,,,,,,1,,,,
B8GDB6,B8GDB6_CHLAD,1.0,,,,,,1,,,,
B8GDI6,B8GDI6_METPE,1.0,,,,,,1,,,,
B8GIU5,B8GIU5_METPE,1.0,,,,,,1,,,,
B8GM94,B8GM94_THISH,1.0,,,,,,1,,,,
B8GM63,B8GM63_THISH,1.0,,,,,,1,,,,
B8GKN9,B8GKN9_METPE,1.0,,,,,,1,,,,
B8GKH6,B8GKH6_METPE,1.0,,,,,,1,,,,
B8GK15,B8GK15_METPE,1.0,,,,,,1,,,,
B8GJS9,B8GJS9_METPE,1.0,,,,,,1,,,,
B8GIT9,B8GIT9_METPE,1.0,,,,,,1,,,,
B8GEM7,B8GEM7_METPE,1.0,,,,,,1,,,,
B8GI62,B8GI62_METPE,1.0,,,,,,1,,,,
B8GI49,B8GI49_METPE,1.0,,,,,,1,,,,
B8GI44,B8GI44_METPE,1.0,,,,,,1,,,,
B8GHT1,B8GHT1_METPE,1.0,,,,,,1,,,,
B8GG09,B8GG09_METPE,1.0,,,,,,1,,,,
B8GES7,B8GES7_METPE,1.0,,,,,,1,,,,
B8G0A4,B8G0A4_DESHD,1.0,,,,,,1,,,,
B8FYF4,B8FYF4_DESHD,1.0,,,,,,1,,,,
B8FYE0,B8FYE0_DESHD,1.0,,,,,,1,,,,
B8F8H5,B8F8H5_HAEPS,1.0,,,,,,1,,,,
B8FDB9,B8FDB9_DESAA,1.0,,,,,,1,,,,
B8FCW7,B8FCW7_DESAA,1.0,,,,,,1,,,,
B8FB59,B8FB59_DESAA,1.0,,,,,,1,,,,
B8FAR4,B8FAR4_DESAA,1.0,,,,,,1,,,,
B8FAA0,B8FAA0_DESAA,1.0,,,,,,1,,,,
B8FA50,B8FA50_DESAA,1.0,,,,,,1,,,,
B8F7A8,B8F7A8_HAEPS,1.0,,,,,,1,,,,
B8FEP8,B8FEP8_DESAA,1.0,,,,,,1,,,,
B8F715,B8F715_HAEPS,1.0,,,,,,1,,,,
B8F6M3,RSMJ_HAEPS,1.0,,,,,,1,,,,
B8F643,B8F643_HAEPS,1.0,,,,,,1,,,,
B8F571,CMOB_HAEPS,1.0,,,,,,1,,,,
B8F4R3,B8F4R3_HAEPS,1.0,,,,,,1,,,,
B8F3G3,CMOA_HAEPS,1.0,,,,,,1,,,,
B8FDZ3,B8FDZ3_DESAA,1.0,,,,,,1,,,,
B8FEW5,B8FEW5_DESAA,1.0,,,,,,1,,,,
B8FX67,B8FX67_DESHD,1.0,,,,,,1,,,,
B8FQ42,B8FQ42_DESHD,1.0,,,,,,1,,,,
B8FWG3,B8FWG3_DESHD,1.0,,,,,,1,,,,
B8FWE5,B8FWE5_DESHD,1.0,,,,,,1,,,,
B8FTI1,B8FTI1_DESHD,1.0,,,,,,1,,,,
B8FSI9,B8FSI9_DESHD,1.0,,,,,,1,,,,
B8FRY0,B8FRY0_DESHD,1.0,,,,,,1,,,,
B8FQD9,B8FQD9_DESHD,1.0,,,,,,1,,,,
B8FQ25,B8FQ25_DESHD,1.0,,,,,,1,,,,
B8FF92,B8FF92_DESAA,1.0,,,,,,1,,,,
B8FPB3,B8FPB3_DESHD,1.0,,,,,,1,,,,
B8FKJ3,B8FKJ3_DESAA,1.0,,,,,,1,,,,
B8FI04,B8FI04_DESAA,1.0,,,,,,1,,,,
B8FHU8,B8FHU8_DESAA,1.0,,,,,,1,,,,
B8FHT5,B8FHT5_DESAA,1.0,,,,,,1,,,,
B8FHN7,B8FHN7_DESAA,1.0,,,,,,1,,,,
B7I797,B7I797_ACIB5,1.0,,,,,,1,,,,
B7I6D7,RSMJ_ACIB5,1.0,,,,,,1,,,,
B7I5V1,B7I5V1_ACIB5,1.0,,,,,,1,,,,
B4T155,B4T155_SALNS,1.0,,,,,,1,,,,
B4SHE1,B4SHE1_PELPB,1.0,,,,,,1,,,,
B4SGZ4,B4SGZ4_PELPB,1.0,,,,,,1,,,,
B4SGH4,B4SGH4_PELPB,1.0,,,,,,1,,,,
B4SGG8,B4SGG8_PELPB,1.0,,,,,,1,,,,
B4SEK7,B4SEK7_PELPB,1.0,,,,,,1,,,,
B4SD64,B4SD64_PELPB,1.0,,,,,,1,,,,
B4S9S2,B4S9S2_PELPB,1.0,,,,,,1,,,,
B4S8P5,B4S8P5_PROA2,1.0,,,,,,1,,,,
B4S7N8,B4S7N8_PROA2,1.0,,,,,,1,,,,
B4S7E4,B4S7E4_PROA2,1.0,,,,,,1,,,,
B4S6F2,B4S6F2_PROA2,1.0,,,,,,1,,,,
B4S687,BIOC_PROA2,1.0,,,,,,1,,,,
B4S682,B4S682_PROA2,1.0,,,,,,1,,,,
B4S4W9,B4S4W9_PROA2,1.0,,,,,,1,,,,
B4S3T9,B4S3T9_PROA2,1.0,,,,,,1,,,,
B4SI68,B4SI68_STRM5,1.0,,,,,,1,,,,
B4SIF9,B4SIF9_STRM5,1.0,,,,,,1,,,,
B4SK09,B4SK09_STRM5,1.0,,,,,,1,,,,
B4STK5,B4STK5_STRM5,1.0,,,,,,1,,,,
B4SWD9,RSMJ_SALNS,1.0,,,,,,1,,,,
B4SVF6,CMOB_SALNS,1.0,,,,,,1,,,,
B4SVF5,CMOA_SALNS,1.0,,,,,,1,,,,
B4SV76,B4SV76_SALNS,1.0,,,,,,1,,,,
B4SV38,B4SV38_SALNS,1.0,,,,,,1,,,,
B4SV35,B4SV35_SALNS,1.0,,,,,,1,,,,
B4ST80,B4ST80_STRM5,1.0,,,,,,1,,,,
B4SK66,B4SK66_STRM5,1.0,,,,,,1,,,,
B4SQ04,B4SQ04_STRM5,1.0,,,,,,1,,,,
B4SMQ9,B4SMQ9_STRM5,1.0,,,,,,1,,,,
B4SME0,B4SME0_STRM5,1.0,,,,,,1,,,,
B4SM85,B4SM85_STRM5,1.0,,,,,,1,,,,
B4SLW2,B4SLW2_STRM5,1.0,,,,,,1,,,,
B4SL89,B4SL89_STRM5,1.0,,,,,,1,,,,
B4S3R1,B4S3R1_PROA2,1.0,,,,,,1,,,,
B4S2X7,RSMJ_ALTMD,1.0,,,,,,1,,,,
B4S0J9,CMOB_ALTMD,1.0,,,,,,1,,,,
B4QW04,B4QW04_DROSI,1.0,,,,,1,,,,,
B4RCC5,B4RCC5_PHEZH,1.0,,,,,,1,,,,
B4RAN3,B4RAN3_PHEZH,1.0,,,,,,1,,,,
B4R9V0,B4R9V0_PHEZH,1.0,,,,,,1,,,,
B4R994,B4R994_PHEZH,1.0,,,,,,1,,,,
B4R851,B4R851_PHEZH,1.0,,,,,,1,,,,
B4R7V6,B4R7V6_PHEZH,1.0,,,,,,1,,,,
B4PVH6,CARM1_DROYA,1.0,,,,,,1,,,,
B4REA7,B4REA7_PHEZH,1.0,,,,,,1,,,,
B4PS75,B4PS75_DROYA,1.0,,,,,,1,,,,
B4PQX4,B4PQX4_DROYA,1.0,,,,,,1,,,,
B4PQK6,B4PQK6_DROYA,1.0,,,,,,1,,,,
B4PQK5,B4PQK5_DROYA,1.0,,,,,,1,,,,
B4PQC8,B4PQC8_DROYA,1.0,,,,,,1,,,,
B4PPD2,B4PPD2_DROYA,1.0,,,,,,1,,,,
B4RE69,B4RE69_PHEZH,1.0,,,,,,1,,,,
B4REB0,B4REB0_PHEZH,1.0,,,,,,1,,,,
B4S0J8,CMOA_ALTMD,1.0,,,,,,1,,,,
B4RK17,B4RK17_NEIG2,1.0,,,,,,1,,,,
B4RPF4,B4RPF4_NEIG2,1.0,,,,,,1,,,,
B4RP91,B4RP91_NEIG2,1.0,,,,,,1,,,,
B4RNJ5,B4RNJ5_NEIG2,1.0,,,,,,1,,,,
B4RMN1,B4RMN1_NEIG2,1.0,,,,,,1,,,,
B4RME7,B4RME7_NEIG2,1.0,,,,,,1,,,,
B4RL55,B4RL55_NEIG2,1.0,,,,,,1,,,,
B4RK16,B4RK16_NEIG2,1.0,,,,,,1,,,,
B4REG8,B4REG8_PHEZH,1.0,,,,,,1,,,,
B4RIY4,RSMJ_NEIG2,1.0,,,,,,1,,,,
B4RIP1,B4RIP1_PHEZH,1.0,,,,,,1,,,,
B4RHZ8,B4RHZ8_PHEZH,1.0,,,,,,1,,,,
B4RHM0,B4RHM0_PHEZH,1.0,,,,,,1,,,,
B4RG57,B4RG57_PHEZH,1.0,,,,,,1,,,,
B4RF50,B4RF50_PHEZH,1.0,,,,,,1,,,,
B4SZJ9,B4SZJ9_SALNS,1.0,,,,,,1,,,,
B4T4A2,B4T4A2_SALNS,1.0,,,,,,1,,,,
B4PL94,B4PL94_DROYA,1.0,,,,,,1,,,,
B4T5Z6,B4T5Z6_SALNS,1.0,,,,,,1,,,,
B5E2P6,B5E2P6_STRP4,1.0,,,,,,1,,,,
B5E220,B5E220_STRP4,1.0,,,,,,1,,,,
B5DVF6,B5DVF6_DROPS,1.0,,,,,1,,,,,
B5BJA0,B5BJA0_SALPK,1.0,,,,,,1,,,,
B5BHN9,RSMJ_SALPK,1.0,,,,,,1,,,,
B5BHC1,B5BHC1_SALPK,1.0,,,,,,1,,,,
B5BH50,CMOA_SALPK,1.0,,,,,,1,,,,
B5BH49,CMOB_SALPK,1.0,,,,,,1,,,,
B5BDW9,B5BDW9_SALPK,1.0,,,,,,1,,,,
B5BDW6,B5BDW6_SALPK,1.0,,,,,,1,,,,
B5BC29,B5BC29_SALPK,1.0,,,,,,1,,,,
B5BBN7,B5BBN7_SALPK,1.0,,,,,,1,,,,
B4ULT7,B4ULT7_ANASK,1.0,,,,,,1,,,,
B4ULI2,B4ULI2_ANASK,1.0,,,,,,1,,,,
B4UL32,B4UL32_ANASK,1.0,,,,,,1,,,,
B5E3B0,B5E3B0_STRP4,1.0,,,,,,1,,,,
B5E495,B5E495_STRP4,1.0,,,,,,1,,,,
B5E6M1,B5E6M1_STRP4,1.0,,,,,,1,,,,
B5EEW0,B5EEW0_GEOBB,1.0,,,,,,1,,,,
B5EH89,B5EH89_GEOBB,1.0,,,,,,1,,,,
B5EH29,B5EH29_GEOBB,1.0,,,,,,1,,,,
B5EGU4,B5EGU4_GEOBB,1.0,,,,,,1,,,,
B5EFL0,B5EFL0_GEOBB,1.0,,,,,,1,,,,
B5EFB6,B5EFB6_GEOBB,1.0,,,,,,1,,,,
B5EF80,B5EF80_GEOBB,1.0,,,,,,1,,,,
B5EER5,B5EER5_GEOBB,1.0,,,,,,1,,,,
B5E7G4,B5E7G4_STRP4,1.0,,,,,,1,,,,
B5EE45,B5EE45_GEOBB,1.0,,,,,,1,,,,
B5EDU9,B5EDU9_GEOBB,1.0,,,,,,1,,,,
B5ECP9,B5ECP9_GEOBB,1.0,,,,,,1,,,,
B5EAL4,B5EAL4_GEOBB,1.0,,,,,,1,,,,
B5E9G6,B5E9G6_GEOBB,1.0,,,,,,1,,,,
B5E7T8,B5E7T8_GEOBB,1.0,,,,,,1,,,,
B4UL10,B4UL10_ANASK,1.0,,,,,,1,,,,
B4UKY0,B4UKY0_ANASK,1.0,,,,,,1,,,,
B4UK56,B4UK56_ANASK,1.0,,,,,,1,,,,
B4TIQ9,B4TIQ9_SALHS,1.0,,,,,,1,,,,
B4TW56,B4TW56_SALSV,1.0,,,,,,1,,,,
B4TRV3,B4TRV3_SALSV,1.0,,,,,,1,,,,
B4TQU1,B4TQU1_SALSV,1.0,,,,,,1,,,,
B4TKG6,B4TKG6_SALHS,1.0,,,,,,1,,,,
B4TK84,B4TK84_SALHS,1.0,,,,,,1,,,,
B4TK81,B4TK81_SALHS,1.0,,,,,,1,,,,
B4TIM8,B4TIM8_SALHS,1.0,,,,,,1,,,,
B4TY05,B4TY05_SALSV,1.0,,,,,,1,,,,
B4TDQ8,B4TDQ8_SALHS,1.0,,,,,,1,,,,
B4TC50,B4TC50_SALHS,1.0,,,,,,1,,,,
B4T8C7,RSMJ_SALHS,1.0,,,,,,1,,,,
B4T804,CMOB_SALHS,1.0,,,,,,1,,,,
B4T803,CMOA_SALHS,1.0,,,,,,1,,,,
B4T6M8,B4T6M8_SALNS,1.0,,,,,,1,,,,
B4TW88,B4TW88_SALSV,1.0,,,,,,1,,,,
B4TYG6,B4TYG6_SALSV,1.0,,,,,,1,,,,
B4UIG5,B4UIG5_ANASK,1.0,,,,,,1,,,,
B4U906,B4U906_HYDS0,1.0,,,,,,1,,,,
B4UHL7,B4UHL7_ANASK,1.0,,,,,,1,,,,
B4UGL8,B4UGL8_ANASK,1.0,,,,,,1,,,,
B4UF49,B4UF49_ANASK,1.0,,,,,,1,,,,
B4UBE7,B4UBE7_ANASK,1.0,,,,,,1,,,,
B4UB78,B4UB78_ANASK,1.0,,,,,,1,,,,
B4U9M0,B4U9M0_HYDS0,1.0,,,,,,1,,,,
B4U6F3,B4U6F3_HYDS0,1.0,,,,,,1,,,,
B4TYG9,B4TYG9_SALSV,1.0,,,,,,1,,,,
B4U4U6,B4U4U6_STREM,1.0,,,,,,1,,,,
B4U4P1,B4U4P1_STREM,1.0,,,,,,1,,,,
B4U2V2,B4U2V2_STREM,1.0,,,,,,1,,,,
B4TYZ1,RSMJ_SALSV,1.0,,,,,,1,,,,
B4TYS9,CMOB_SALSV,1.0,,,,,,1,,,,
B4TYS8,CMOA_SALSV,1.0,,,,,,1,,,,
B4PLD3,B4PLD3_DROYA,1.0,,,,,,1,,,,
B4PI28,B4PI28_DROYA,1.0,,,,,,1,,,,
B7I4X3,B7I4X3_ACIB5,1.0,,,,,,1,,,,
B4EMZ8,B4EMZ8_BURCJ,1.0,,,,,,1,,,,
B3W9V5,B3W9V5_LACCB,1.0,,,,,,1,,,,
B3W8L9,B3W8L9_LACCB,1.0,,,,,,1,,,,
B3W7V5,B3W7V5_LACCB,1.0,,,,,,1,,,,
B3SF42,B3SF42_TRIAD,1.0,,,,,1,,,,,
B3SAR8,B3SAR8_TRIAD,1.0,,,,,,1,,,,
B3SAR5,B3SAR5_TRIAD,1.0,,,,,,1,,,,
B3SA59,B3SA59_TRIAD,1.0,,,,,,1,,,,
B3S9J8,B3S9J8_TRIAD,1.0,,,,,,1,,,,
B3S9J7,B3S9J7_TRIAD,1.0,,,,,,1,,,,
B3S8Z9,B3S8Z9_TRIAD,1.0,,,,,,1,,,,
B3S8Z8,B3S8Z8_TRIAD,1.0,,,,,,1,,,,
B3S8Z6,B3S8Z6_TRIAD,1.0,,,,,,1,,,,
B3S8A4,B3S8A4_TRIAD,1.0,,,,,,1,,,,
B3S7G6,B3S7G6_TRIAD,1.0,,,,,,1,,,,
B3S4M6,B3S4M6_TRIAD,1.0,,,,,,1,,,,
B3WAW7,B3WAW7_LACCB,1.0,,,,,,1,,,,
B3WBG2,B3WBG2_LACCB,1.0,,,,,,1,,,,
B3WCL1,B3WCL1_LACCB,1.0,,,,,,1,,,,
B4EBC8,B4EBC8_BURCJ,1.0,,,,,,1,,,,
B4EIT8,B4EIT8_BURCJ,1.0,,,,,,1,,,,
B4EI43,B4EI43_BURCJ,1.0,,,,,,1,,,,
B4EHS4,B4EHS4_BURCJ,1.0,,,,,,1,,,,
B4EFY2,B4EFY2_BURCJ,1.0,,,,,,1,,,,
B4EEJ3,B4EEJ3_BURCJ,1.0,,,,,,1,,,,
B4ED90,B4ED90_BURCJ,1.0,,,,,,1,,,,
B4EA72,B4EA72_BURCJ,1.0,,,,,,1,,,,
B3WF31,B3WF31_LACCB,1.0,,,,,,1,,,,
B4E8C6,B4E8C6_BURCJ,1.0,,,,,,1,,,,
B4E7Y4,B4E7Y4_BURCJ,1.0,,,,,,1,,,,
B4E7Q4,B4E7Q4_BURCJ,1.0,,,,,,1,,,,
B4E6T4,B4E6T4_BURCJ,1.0,,,,,,1,,,,
B4E6A6,B4E6A6_BURCJ,1.0,,,,,,1,,,,
B4DQH3,B4DQH3_HUMAN,1.0,,,,,,,,1,,
B3S3J5,B3S3J5_TRIAD,1.0,,,,,,1,,,,
B3S3J4,B3S3J4_TRIAD,1.0,,,,,,1,,,,
B3S3J3,B3S3J3_TRIAD,1.0,,,,,,1,,,,
B3QY97,B3QY97_CHLT3,1.0,,,,,,1,,,,
B3R2E4,B3R2E4_CUPTR,1.0,,,,,,1,,,,
B3R1Y1,B3R1Y1_CUPTR,1.0,,,,,,1,,,,
B3R1A5,B3R1A5_CUPTR,1.0,,,,,,1,,,,
B3R0W6,B3R0W6_CUPTR,1.0,,,,,,1,,,,
B3QYU0,B3QYU0_CHLT3,1.0,,,,,,1,,,,
B3QYF8,B3QYF8_CHLT3,1.0,,,,,,1,,,,
B3QXQ1,B3QXQ1_CHLT3,1.0,,,,,,1,,,,
B3R436,B3R436_CUPTR,1.0,,,,,,1,,,,
B3QXP9,B3QXP9_CHLT3,1.0,,,,,,1,,,,
B3QXI6,B3QXI6_CHLT3,1.0,,,,,,1,,,,
B3QXI5,B3QXI5_CHLT3,1.0,,,,,,1,,,,
B3QXE7,B3QXE7_CHLT3,1.0,,,,,,1,,,,
B3QX57,B3QX57_CHLT3,1.0,,,,,,1,,,,
B3QWW0,B3QWW0_CHLT3,1.0,,,,,,1,,,,
B3R3U6,B3R3U6_CUPTR,1.0,,,,,,1,,,,
B3R4F9,B3R4F9_CUPTR,1.0,,,,,,1,,,,
B3S2Q2,B3S2Q2_TRIAD,1.0,,,,,,1,,,,
B3RP82,B3RP82_TRIAD,1.0,,,,,,1,,,,
B3S2L1,B3S2L1_TRIAD,1.0,,,,,,1,,,,
B3S127,B3S127_TRIAD,1.0,,,,,,1,,,,
B3S042,B3S042_TRIAD,1.0,,,,,,1,,,,
B3RTE1,B3RTE1_TRIAD,1.0,,,,,,1,,,,
B3RQB0,B3RQB0_TRIAD,1.0,,,,,,1,,,,
B3RPI1,B3RPI1_TRIAD,1.0,,,,,,1,,,,
B3RLW0,B3RLW0_TRIAD,1.0,,,,,,1,,,,
A9L4R1,A9L4R1_SHEB9,1.0,,,,,,1,,,,
B3RKW3,B3RKW3_TRIAD,1.0,,,,,,1,,,,
B3RHX2,B3RHX2_TRIAD,1.0,,,,,,1,,,,
B3RCU0,B3RCU0_CUPTR,1.0,,,,,,1,,,,
B3RCE3,B3RCE3_CUPTR,1.0,,,,,,1,,,,
B3RC80,B3RC80_CUPTR,1.0,,,,,,1,,,,
B3RB74,B3RB74_CUPTR,1.0,,,,,,1,,,,
B4EM39,B4EM39_BURCJ,1.0,,,,,,1,,,,
B4EPX2,B4EPX2_BURCJ,1.0,,,,,,1,,,,
B4PBP5,B4PBP5_DROYA,1.0,,,,,,1,,,,
B4ESU5,B4ESU5_PROMH,1.0,,,,,,1,,,,
B4MUA4,B4MUA4_DROWI,1.0,,,,,,1,,,,
B4MKN0,B4MKN0_DROWI,1.0,,,,,,1,,,,
B4MK67,B4MK67_DROWI,1.0,,,,,,1,,,,
B4MCP3,B4MCP3_DROVI,1.0,,,,,,1,,,,
B4MBH5,B4MBH5_DROVI,1.0,,,,,,1,,,,
B4M5I2,B4M5I2_DROVI,1.0,,,,,,1,,,,
B4M571,B4M571_DROVI,1.0,,,,,,1,,,,
B4M0V5,B4M0V5_DROVI,1.0,,,,,,1,,,,
B4M0I9,B4M0I9_DROVI,1.0,,,,,,1,,,,
B4M099,B4M099_DROVI,1.0,,,,,,1,,,,
B4M002,B4M002_DROVI,1.0,,,,,,1,,,,
B4LYR2,B4LYR2_DROVI,1.0,,,,,1,,,,,
B4LVS8,CARM1_DROVI,1.0,,,,,,1,,,,
B4LVB2,B4LVB2_DROVI,1.0,,,,,,1,,,,
B4LSJ9,B4LSJ9_DROVI,1.0,,,,,,1,,,,
B4MZ76,B4MZ76_DROWI,1.0,,,,,,1,,,,
B4MZM9,B4MZM9_DROWI,1.0,,,,,,1,,,,
B4N0N5,B4N0N5_DROWI,1.0,,,,,,1,,,,
B4NKI9,CARM1_DROWI,1.0,,,,,,1,,,,
B4PAD2,B4PAD2_DROYA,1.0,,,,,,1,,,,
B4P439,B4P439_DROYA,1.0,,,,,,1,,,,
B4P156,B4P156_DROYA,1.0,,,,,,1,,,,
B4P0X3,B4P0X3_DROYA,1.0,,,,,,1,,,,
B4NYI6,B4NYI6_DROYA,1.0,,,,,,1,,,,
B4NNF0,B4NNF0_DROWI,1.0,,,,,,1,,,,
B4NK79,B4NK79_DROWI,1.0,,,,,,1,,,,
B4N421,B4N421_DROWI,1.0,,,,,,1,,,,
B4NJY2,B4NJY2_DROWI,1.0,,,,,,1,,,,
B4NJ38,B4NJ38_DROWI,1.0,,,,,,1,,,,
B4NG87,B4NG87_DROWI,1.0,,,,,,1,,,,
B4NFP9,B4NFP9_DROWI,1.0,,,,,,1,,,,
B4NFP8,B4NFP8_DROWI,1.0,,,,,,1,,,,
B4N9G9,B4N9G9_DROWI,1.0,,,,,,1,,,,
B4LRY5,B4LRY5_DROVI,1.0,,,,,,1,,,,
B4LJD6,B4LJD6_DROVI,1.0,,,,,,1,,,,
B4LHI6,B4LHI6_DROVI,1.0,,,,,,1,,,,
B4EYJ4,B4EYJ4_PROMH,1.0,,,,,,1,,,,
B4GEH7,B4GEH7_DROPE,1.0,,,,,1,,,,,
B4F7P0,B4F7P0_ARATH,1.0,,,,,,1,,,,
B4F2Z4,B4F2Z4_PROMH,1.0,,,,,,1,,,,
B4F1C6,B4F1C6_PROMH,1.0,,,,,,1,,,,
B4F016,RSMJ_PROMH,1.0,,,,,,1,,,,
B4EZQ0,B4EZQ0_PROMH,1.0,,,,,,1,,,,
B4EYC3,B4EYC3_PROMH,1.0,,,,,,1,,,,
B4ICG8,B4ICG8_DROSE,1.0,,,,,1,,,,,
B4EVL0,B4EVL0_PROMH,1.0,,,,,,1,,,,
B4EUG2,B4EUG2_PROMH,1.0,,,,,,1,,,,
B4ETP1,CMOA_PROMH,1.0,,,,,,1,,,,
B4ETP0,CMOB_PROMH,1.0,,,,,,1,,,,
B4ET78,B4ET78_PROMH,1.0,,,,,,1,,,,
B4ET36,B4ET36_PROMH,1.0,,,,,,1,,,,
B4GEH8,B4GEH8_DROPE,1.0,,,,,1,,,,,
B4J0A2,B4J0A2_DROGR,1.0,,,,,,1,,,,
B4LC83,B4LC83_DROVI,1.0,,,,,,1,,,,
B4JUS1,B4JUS1_DROGR,1.0,,,,,,1,,,,
B4K6B8,B4K6B8_DROMO,1.0,,,,,1,,,,,
B4JXV2,CARM1_DROGR,1.0,,,,,,1,,,,
B4JWL5,ANM7_DROGR,1.0,,,,,,1,,,,
B4JW03,B4JW03_DROGR,1.0,,,,,,1,,,,
B4JVC3,B4JVC3_DROGR,1.0,,,,,,1,,,,
B4JV48,B4JV48_DROGR,1.0,,,,,,1,,,,
B4JS33,B4JS33_DROGR,1.0,,,,,,1,,,,
B4J2M2,B4J2M2_DROGR,1.0,,,,,,1,,,,
B4JRS5,B4JRS5_DROGR,1.0,,,,,,1,,,,
B4JQ09,B4JQ09_DROGR,1.0,,,,,,1,,,,
B4JI43,B4JI43_DROGR,1.0,,,,,,1,,,,
B4JHM5,B4JHM5_DROGR,1.0,,,,,,1,,,,
B4JGB6,B4JGB6_DROGR,1.0,,,,,,1,,,,
B4JAW7,B4JAW7_DROGR,1.0,,,,,,1,,,,
B5EIQ6,CMOB_GEOBB,1.0,,,,,,1,,,,
B5EIQ7,CMOA_GEOBB,1.0,,,,,,1,,,,
B5EJN6,B5EJN6_ACIF5,1.0,,,,,,1,,,,
B6YVT7,B6YVT7_THEON,1.0,,,,,,1,,,,
B6J6Q9,B6J6Q9_COXB1,1.0,,,,,,1,,,,
B6J5V0,B6J5V0_COXB1,1.0,,,,,,1,,,,
B6J489,RSMJ_COXB1,1.0,,,,,,1,,,,
B6J3G6,RSMJ_COXB2,1.0,,,,,,1,,,,
B6J1Y8,B6J1Y8_COXB2,1.0,,,,,,1,,,,
B6J1L2,B6J1L2_COXB2,1.0,,,,,,1,,,,
B6J104,B6J104_COXB2,1.0,,,,,,1,,,,
B6J0M3,B6J0M3_COXB2,1.0,,,,,,1,,,,
B6J0A4,B6J0A4_COXB2,1.0,,,,,,1,,,,
B6J077,B6J077_COXB2,1.0,,,,,,1,,,,
B6IYP7,B6IYP7_RHOCS,1.0,,,,,,1,,,,
B6IYH9,B6IYH9_RHOCS,1.0,,,,,,1,,,,
B6IYG4,B6IYG4_RHOCS,1.0,,,,,,1,,,,
B6IYF1,B6IYF1_RHOCS,1.0,,,,,,1,,,,
B6IYC0,B6IYC0_RHOCS,1.0,,,,,,1,,,,
B6J728,B6J728_COXB1,1.0,,,,,,1,,,,
B6J753,B6J753_COXB1,1.0,,,,,,1,,,,
B6J8G9,B6J8G9_COXB1,1.0,,,,,,1,,,,
B6JMM9,CMOB_HELP2,1.0,,,,,,1,,,,
B6YV46,B6YV46_THEON,1.0,,,,,,1,,,,
B6YTQ8,B6YTQ8_THEON,1.0,,,,,,1,,,,
B6VBL5,B6VBL5_CAEBE,1.0,,,,,,1,,,,
B6T2N7,B6T2N7_MAIZE,1.0,1,,,,,,,,,
B6JN94,B6JN94_HELP2,1.0,,,,,,1,,,,
B6JMQ6,CMOA_HELP2,1.0,,,,,,1,,,,
B6JDX4,B6JDX4_OLICO,1.0,,,,,,1,,,,
B6J913,B6J913_COXB1,1.0,,,,,,1,,,,
B6JDK5,B6JDK5_OLICO,1.0,,,,,,1,,,,
B6JCX8,B6JCX8_OLICO,1.0,,,,,,1,,,,
B6JCC2,B6JCC2_OLICO,1.0,,,,,,1,,,,
B6JBD5,B6JBD5_OLICO,1.0,,,,,,1,,,,
B6JAC8,B6JAC8_OLICO,1.0,,,,,,1,,,,
B6JA09,B6JA09_OLICO,1.0,,,,,,1,,,,
B6IXU7,B6IXU7_RHOCS,1.0,,,,,,1,,,,
B6IWG7,B6IWG7_RHOCS,1.0,,,,,,1,,,,
B6IV93,B6IV93_RHOCS,1.0,,,,,,1,,,,
B6H6H9,B6H6H9_PENCW,1.0,,,,,,1,,,,
B6HZS6,B6HZS6_ECOSE,1.0,,,,,,1,,,,
B6HZS3,B6HZS3_ECOSE,1.0,,,,,,1,,,,
B6HIH7,B6HIH7_PENCW,1.0,,,,,,1,,,,
B6HHW4,B6HHW4_PENCW,1.0,,,,,,1,,,,
B6HFD0,B6HFD0_PENCW,1.0,,,,,,1,,,,
B6HBV1,B6HBV1_PENCW,1.0,,,,,,1,,,,
B6H5U6,B6H5U6_PENCW,1.0,,,,,,1,,,,
B6I1E9,CMOB_ECOSE,1.0,,,,,,1,,,,
B6H4P8,B6H4P8_PENCW,1.0,,,,,,1,,,,
B6H401,B6H401_PENCW,1.0,,,,,,1,,,,
B6H3Q8,B6H3Q8_PENCW,1.0,,,,,,1,,,,
B6H1D9,B6H1D9_PENCW,1.0,,,,,,1,,,,
B6H112,B6H112_PENCW,1.0,,,,,,1,,,,
B6GZM9,B6GZM9_PENCW,1.0,,,,,,1,,,,
B6I1E8,CMOA_ECOSE,1.0,,,,,,1,,,,
B6I1G1,B6I1G1_ECOSE,1.0,,,,,,1,,,,
B6IUV5,B6IUV5_RHOCS,1.0,,,,,,1,,,,
B6IP42,B6IP42_RHOCS,1.0,,,,,,1,,,,
B6ITU5,B6ITU5_RHOCS,1.0,,,,,,1,,,,
B6ISG0,B6ISG0_RHOCS,1.0,,,,,,1,,,,
B6ISB7,B6ISB7_RHOCS,1.0,,,,,,1,,,,
B6IS23,B6IS23_RHOCS,1.0,,,,,,1,,,,
B6IRW7,B6IRW7_RHOCS,1.0,,,,,,1,,,,
B6IP45,B6IP45_RHOCS,1.0,,,,,,1,,,,
B6IP22,B6IP22_RHOCS,1.0,,,,,,1,,,,
B6I359,RSMJ_ECOSE,1.0,,,,,,1,,,,
B6IN21,B6IN21_RHOCS,1.0,,,,,,1,,,,
B6IBP9,B6IBP9_ECOSE,1.0,,,,,,1,,,,
B6IAH4,B6IAH4_ECOSE,1.0,,,,,,1,,,,
B6IAF6,B6IAF6_ECOSE,1.0,,,,,,1,,,,
B6I8Z3,B6I8Z3_ECOSE,1.0,,,,,,1,,,,
B6I7T1,B6I7T1_ECOSE,1.0,,,,,,1,,,,
B6YV87,B6YV87_THEON,1.0,,,,,,1,,,,
B6YVU2,B6YVU2_THEON,1.0,,,,,,1,,,,
B5EK88,B5EK88_ACIF5,1.0,,,,,,1,,,,
B6YW03,B6YW03_THEON,1.0,,,,,,1,,,,
B7HPM8,B7HPM8_BACC7,1.0,,,,,,1,,,,
B7HP28,B7HP28_BACC7,1.0,,,,,,1,,,,
B7HP07,B7HP07_BACC7,1.0,,,,,,1,,,,
B7HNN2,B7HNN2_BACC7,1.0,,,,,,1,,,,
B7HKJ3,B7HKJ3_BACC7,1.0,,,,,,1,,,,
B7HKG7,B7HKG7_BACC7,1.0,,,,,,1,,,,
B7HK40,B7HK40_BACC4,1.0,,,,,,1,,,,
B7HJX6,B7HJX6_BACC4,1.0,,,,,,1,,,,
B7HHJ8,B7HHJ8_BACC4,1.0,,,,,,1,,,,
B7HH30,B7HH30_BACC4,1.0,,,,,,1,,,,
B7HE09,B7HE09_BACC4,1.0,,,,,,1,,,,
B7HCV6,B7HCV6_BACC4,1.0,,,,,,1,,,,
B7HCD2,B7HCD2_BACC4,1.0,,,,,,1,,,,
B7HBQ5,B7HBQ5_BACC4,1.0,,,,,,1,,,,
B7HAY8,B7HAY8_BACC4,1.0,,,,,,1,,,,
B7HQ01,B7HQ01_BACC7,1.0,,,,,,1,,,,
B7HQD3,B7HQD3_BACC7,1.0,,,,,,1,,,,
B7HR72,B7HR72_BACC7,1.0,,,,,,1,,,,
B7HY23,B7HY23_BACC7,1.0,,,,,,1,,,,
B7I3E8,B7I3E8_ACIB5,1.0,,,,,,1,,,,
B7I0I1,B7I0I1_BACC7,1.0,,,,,,1,,,,
B7I0G7,B7I0G7_BACC7,1.0,,,,,,1,,,,
B7I0B9,B7I0B9_BACC7,1.0,,,,,,1,,,,
B7I029,B7I029_BACC7,1.0,,,,,,1,,,,
B7HYV5,B7HYV5_BACC7,1.0,,,,,,1,,,,
B7HVT4,B7HVT4_BACC7,1.0,,,,,,1,,,,
B7HS42,B7HS42_BACC7,1.0,,,,,,1,,,,
B7HVC4,B7HVC4_BACC7,1.0,,,,,,1,,,,
B7HUK1,B7HUK1_BACC7,1.0,,,,,,1,,,,
B7HUG6,B7HUG6_BACC7,1.0,,,,,,1,,,,
B7HTN1,B7HTN1_BACC7,1.0,,,,,,1,,,,
B7HST8,B7HST8_BACC7,1.0,,,,,,1,,,,
B7HS96,B7HS96_BACC7,1.0,,,,,,1,,,,
B7HAV7,B7HAV7_BACC4,1.0,,,,,,1,,,,
B7HA81,B7HA81_BACC4,1.0,,,,,,1,,,,
B7HA18,B7HA18_BACC4,1.0,,,,,,1,,,,
B7FA34,B7FA34_ORYSJ,1.0,,,,,,1,,,,
B7GKB1,B7GKB1_ANOFW,1.0,,,,,,1,,,,
B7GK48,B7GK48_ANOFW,1.0,,,,,,1,,,,
B7GIU6,Y758_ANOFW,1.0,,,,,,1,,,,
B7GI51,B7GI51_ANOFW,1.0,,,,,,1,,,,
B7GI46,B7GI46_ANOFW,1.0,,,,,,1,,,,
B7GHW9,BIOC_ANOFW,1.0,,,,,,1,,,,
B7E650,B7E650_ORYSJ,1.0,,,,,,1,,,,
B7GSS7,B7GSS7_BIFLS,1.0,,,,,,1,,,,
B7E4R0,B7E4R0_ORYSJ,1.0,,,,,,1,,,,
B6YXS3,B6YXS3_THEON,1.0,,,,,,1,,,,
B6YX65,B6YX65_THEON,1.0,,,,,,1,,,,
B6YX31,B6YX31_THEON,1.0,,,,,,1,,,,
B6YWG7,B6YWG7_THEON,1.0,,,,,,1,,,,
B6YW50,B6YW50_THEON,1.0,,,,,,1,,,,
B7GLH2,B7GLH2_ANOFW,1.0,,,,,,1,,,,
B7GVN7,B7GVN7_ACIB3,1.0,,,,,,1,,,,
B7H9B2,B7H9B2_BACC4,1.0,,,,,,1,,,,
B7H5L1,B7H5L1_BACC4,1.0,,,,,,1,,,,
B7H8G5,B7H8G5_BACC4,1.0,,,,,,1,,,,
B7H7P1,B7H7P1_BACC4,1.0,,,,,,1,,,,
B7H7N9,B7H7N9_BACC4,1.0,,,,,,1,,,,
B7H6A5,B7H6A5_BACC4,1.0,,,,,,1,,,,
B7H692,B7H692_BACC4,1.0,,,,,,1,,,,
B7H5Y6,B7H5Y6_BACC4,1.0,,,,,,1,,,,
B7H469,B7H469_ACIB3,1.0,,,,,,1,,,,
B7GVU3,B7GVU3_ACIB3,1.0,,,,,,1,,,,
B7H3C2,B7H3C2_ACIB3,1.0,,,,,,1,,,,
B7H0C1,B7H0C1_ACIB3,1.0,,,,,,1,,,,
B7H099,B7H099_ACIB3,1.0,,,,,,1,,,,
B7GZH1,B7GZH1_ACIB3,1.0,,,,,,1,,,,
B7GZ62,B7GZ62_ACIB3,1.0,,,,,,1,,,,
B7GWR6,B7GWR6_ACIB3,1.0,,,,,,1,,,,
B6GZ89,B6GZ89_PENCW,1.0,,,,,,1,,,,
B6GZ56,B6GZ56_PENCW,1.0,,,,,,1,,,,
B6GWX3,B6GWX3_PENCW,1.0,,,,,,1,,,,
B6GWG6,B6GWG6_PENCW,1.0,,,,,,1,,,,
B5R448,B5R448_SALEP,1.0,,,,,,1,,,,
B5R445,B5R445_SALEP,1.0,,,,,,1,,,,
B5R3Z4,RSMJ_SALEP,1.0,,,,,,1,,,,
B5R2T6,B5R2T6_SALEP,1.0,,,,,,1,,,,
B5R146,CMOA_SALEP,1.0,,,,,,1,,,,
B5R145,CMOB_SALEP,1.0,,,,,,1,,,,
B5QZC5,B5QZC5_SALEP,1.0,,,,,,1,,,,
B5QX67,B5QX67_SALEP,1.0,,,,,,1,,,,
B5M6Z4,B5M6Z4_SCHJA,1.0,,,,,,1,,,,
B5FUT8,B5FUT8_SALDC,1.0,,,,,,1,,,,
B5FUQ9,B5FUQ9_SALDC,1.0,,,,,,1,,,,
B5FTJ8,B5FTJ8_SALDC,1.0,,,,,,1,,,,
B5FT51,B5FT51_SALDC,1.0,,,,,,1,,,,
B5FSM6,CMOA_SALDC,1.0,,,,,,1,,,,
B5FSM5,CMOB_SALDC,1.0,,,,,,1,,,,
B5R519,B5R519_SALEP,1.0,,,,,,1,,,,
B5R553,B5R553_SALEP,1.0,,,,,,1,,,,
B5R5L2,B5R5L2_SALG2,1.0,,,,,,1,,,,
B5XME9,B5XME9_STRPZ,1.0,,,,,,1,,,,
B5XWS6,B5XWS6_KLEP3,1.0,,,,,,1,,,,
B5XQ51,B5XQ51_KLEP3,1.0,,,,,,1,,,,
B5XPZ6,CMOA_KLEP3,1.0,,,,,,1,,,,
B5XPZ5,CMOB_KLEP3,1.0,,,,,,1,,,,
B5XP73,B5XP73_KLEP3,1.0,,,,,,1,,,,
B5XN47,RSMJ_KLEP3,1.0,,,,,,1,,,,
B5XJY6,B5XJY6_STRPZ,1.0,,,,,,1,,,,
B5R763,B5R763_SALG2,1.0,,,,,,1,,,,
B5XJU0,B5XJU0_STRPZ,1.0,,,,,,1,,,,
B5X3P4,B5X3P4_SALSA,1.0,,,,,,,,1,,
B5RGT3,RSMJ_SALG2,1.0,,,,,,1,,,,
B5RA75,B5RA75_SALG2,1.0,,,,,,1,,,,
B5RA41,B5RA41_SALG2,1.0,,,,,,1,,,,
B5R8D2,CMOA_SALG2,1.0,,,,,,1,,,,
B5FQ64,B5FQ64_SALDC,1.0,,,,,,1,,,,
B5FP63,B5FP63_SALDC,1.0,,,,,,1,,,,
B5FKL3,RSMJ_SALDC,1.0,,,,,,1,,,,
B5ENR8,B5ENR8_ACIF5,1.0,,,,,,1,,,,
B5F1S3,B5F1S3_SALA4,1.0,,,,,,1,,,,
B5F074,B5F074_SALA4,1.0,,,,,,1,,,,
B5EUP8,B5EUP8_VIBFM,1.0,,,,,,1,,,,
B5ETK9,B5ETK9_VIBFM,1.0,,,,,,1,,,,
B5EPZ3,B5EPZ3_ACIF5,1.0,,,,,,1,,,,
B5EPX6,B5EPX6_ACIF5,1.0,,,,,,1,,,,
B5ENJ0,B5ENJ0_ACIF5,1.0,,,,,,1,,,,
B5F3I5,CMOA_SALA4,1.0,,,,,,1,,,,
B5EMD7,B5EMD7_ACIF5,1.0,,,,,,1,,,,
B5EM31,B5EM31_ACIF5,1.0,,,,,,1,,,,
B5ELV0,B5ELV0_ACIF5,1.0,,,,,,1,,,,
B5ELF9,B5ELF9_ACIF5,1.0,,,,,,1,,,,
B5EL04,B5EL04_ACIF5,1.0,,,,,,1,,,,
B5EK92,B5EK92_ACIF5,1.0,,,,,,1,,,,
B5F3I4,CMOB_SALA4,1.0,,,,,,1,,,,
B5F3Q7,B5F3Q7_SALA4,1.0,,,,,,1,,,,
B5FJ57,B5FJ57_SALDC,1.0,,,,,,1,,,,
B5FCP8,CMOA_VIBFM,1.0,,,,,,1,,,,
B5FJ54,B5FJ54_SALDC,1.0,,,,,,1,,,,
B5FG99,B5FG99_VIBFM,1.0,,,,,,1,,,,
B5FFB3,RSMJ_VIBFM,1.0,,,,,,1,,,,
B5FEQ9,TPMT_VIBFM,1.0,,,,,,1,,,,
B5FDM1,B5FDM1_VIBFM,1.0,,,,,,1,,,,
B5FDH8,B5FDH8_VIBFM,1.0,,,,,,1,,,,
B5FCP7,CMOB_VIBFM,1.0,,,,,,1,,,,
B5F5D7,B5F5D7_SALA4,1.0,,,,,,1,,,,
B5FC45,B5FC45_VIBFM,1.0,,,,,,1,,,,
B5F9V2,B5F9V2_VIBFM,1.0,,,,,,1,,,,
B5F9F6,RSMJ_SALA4,1.0,,,,,,1,,,,
B5F8X1,B5F8X1_SALA4,1.0,,,,,,1,,,,
B5F8W8,B5F8W8_SALA4,1.0,,,,,,1,,,,
B5F5S2,B5F5S2_SALA4,1.0,,,,,,1,,,,
B5XY76,B5XY76_KLEP3,1.0,,,,,,1,,,,
B5XZ73,B5XZ73_KLEP3,1.0,,,,,,1,,,,
B5Y1G3,B5Y1G3_KLEP3,1.0,,,,,,1,,,,
B5ZWL4,B5ZWL4_RHILW,1.0,,,,,,1,,,,
B5ZZ93,B5ZZ93_RHILW,1.0,,,,,,1,,,,
B5ZZ03,B5ZZ03_RHILW,1.0,,,,,,1,,,,
B5ZXM8,B5ZXM8_RHILW,1.0,,,,,,1,,,,
B5ZXM5,B5ZXM5_RHILW,1.0,,,,,,1,,,,
B5ZXM0,B5ZXM0_RHILW,1.0,,,,,,1,,,,
B5ZXC0,B5ZXC0_RHILW,1.0,,,,,,1,,,,
B5ZVQ4,B5ZVQ4_RHILW,1.0,,,,,,1,,,,
B6A1Y0,B6A1Y0_RHILW,1.0,,,,,,1,,,,
B5ZUM8,B5ZUM8_RHILW,1.0,,,,,,1,,,,
B5ZTP0,B5ZTP0_RHILW,1.0,,,,,,1,,,,
B5ZRX1,B5ZRX1_RHILW,1.0,,,,,,1,,,,
B5ZRS3,B5ZRS3_RHILW,1.0,,,,,,1,,,,
B5ZRM9,B5ZRM9_RHILW,1.0,,,,,,1,,,,
B5ZMK1,B5ZMK1_RHILW,1.0,,,,,,1,,,,
B5ZZH0,B5ZZH0_RHILW,1.0,,,,,,1,,,,
B6A3U8,B6A3U8_RHILW,1.0,,,,,,1,,,,
B5ZLI8,B5ZLI8_GLUDA,1.0,,,,,,1,,,,
B6EK37,B6EK37_ALISL,1.0,,,,,,1,,,,
B6ESV8,B6ESV8_ALISL,1.0,,,,,,1,,,,
B6ESC5,B6ESC5_ALISL,1.0,,,,,,1,,,,
B6ES00,B6ES00_ALISL,1.0,,,,,,1,,,,
B6EPX4,B6EPX4_ALISL,1.0,,,,,,1,,,,
B6ENK8,TPMT_ALISL,1.0,,,,,,1,,,,
B6ELA2,B6ELA2_ALISL,1.0,,,,,,1,,,,
B6EJV3,B6EJV3_ALISL,1.0,,,,,,1,,,,
B6A4F4,B6A4F4_RHILW,1.0,,,,,,1,,,,
B6EIJ6,B6EIJ6_ALISL,1.0,,,,,,1,,,,
B6EI54,B6EI54_ALISL,1.0,,,,,,1,,,,
B6EGR4,RSMJ_ALISL,1.0,,,,,,1,,,,
B6EGJ0,CMOA_ALISL,1.0,,,,,,1,,,,
B6EGI9,CMOB_ALISL,1.0,,,,,,1,,,,
B6A4K6,B6A4K6_RHILW,1.0,,,,,,1,,,,
B5ZM29,B5ZM29_GLUDA,1.0,,,,,,1,,,,
B5ZJY6,B5ZJY6_GLUDA,1.0,,,,,,1,,,,
B5Y1G6,B5Y1G6_KLEP3,1.0,,,,,,1,,,,
B5YBL0,B5YBL0_DICT6,1.0,,,,,,1,,,,
B5YJ42,B5YJ42_THEYD,1.0,,,,,,1,,,,
B5YIW0,B5YIW0_THEYD,1.0,,,,,,1,,,,
B5YHR2,B5YHR2_THEYD,1.0,,,,,,1,,,,
B5YHB2,B5YHB2_THEYD,1.0,,,,,,1,,,,
B5YGB6,B5YGB6_THEYD,1.0,,,,,,1,,,,
B5YE77,B5YE77_DICT6,1.0,,,,,,1,,,,
B5YBG9,B5YBG9_DICT6,1.0,,,,,,1,,,,
B5YKY4,B5YKY4_THEYD,1.0,,,,,,1,,,,
B5YAS0,B5YAS0_DICT6,1.0,,,,,,1,,,,
B5YA44,B5YA44_COPPD,1.0,,,,,,1,,,,
B5Y7L2,B5Y7L2_COPPD,1.0,,,,,,1,,,,
B5Y6H8,B5Y6H8_COPPD,1.0,,,,,,1,,,,
B5Y662,B5Y662_COPPD,1.0,,,,,,1,,,,
B5Y2Q5,B5Y2Q5_KLEP3,1.0,,,,,,1,,,,
B5YJB5,B5YJB5_THEYD,1.0,,,,,,1,,,,
B5YM23,B5YM23_THAPS,1.0,,,,,,1,,,,
B5ZJ03,B5ZJ03_GLUDA,1.0,,,,,,1,,,,
B5Z0I7,B5Z0I7_ECO5E,1.0,,,,,,1,,,,
B5ZEU6,B5ZEU6_GLUDA,1.0,,,,,,1,,,,
B5Z8P9,B5Z8P9_HELPG,1.0,,,,,,1,,,,
B5Z863,CMOA_HELPG,1.0,,,,,,1,,,,
B5Z809,CMOB_HELPG,1.0,,,,,,1,,,,
B5Z0U8,B5Z0U8_ECO5E,1.0,,,,,,1,,,,
B5Z0S9,B5Z0S9_ECO5E,1.0,,,,,,1,,,,
B5Z0I4,B5Z0I4_ECO5E,1.0,,,,,,1,,,,
B5YQW4,B5YQW4_ECO5E,1.0,,,,,,1,,,,
B5YUS8,RSMJ_ECO5E,1.0,,,,,,1,,,,
B5YUN5,B5YUN5_ECO5E,1.0,,,,,,1,,,,
B5YT55,B5YT55_ECO5E,1.0,,,,,,1,,,,
B5YRL6,B5YRL6_ECO5E,1.0,,,,,,1,,,,
B5YR16,CMOB_ECO5E,1.0,,,,,,1,,,,
B5YR15,CMOA_ECO5E,1.0,,,,,,1,,,,
A9L5I8,A9L5I8_SHEB9,1.0,,,,,,1,,,,
A9KSK6,A9KSK6_CLOPH,1.0,,,,,,1,,,,
A9L3Z9,A9L3Z9_SHEB9,1.0,,,,,,1,,,,
A3NZU0,A3NZU0_BURP0,1.0,,,,,,1,,,,
A3PTK0,A3PTK0_MYCSJ,1.0,,,,,,1,,,,
A3PT13,A3PT13_MYCSJ,1.0,,,,,,1,,,,
A3PSZ4,Y208_MYCSJ,1.0,,,,,,1,,,,
A3PNP3,A3PNP3_RHOS1,1.0,,,,,,1,,,,
A3PMQ2,A3PMQ2_RHOS1,1.0,,,,,,1,,,,
A3PMB2,A3PMB2_RHOS1,1.0,,,,,,1,,,,
A3PKZ6,A3PKZ6_RHOS1,1.0,,,,,,1,,,,
A3PIB5,A3PIB5_RHOS1,1.0,,,,,,1,,,,
A3PEZ4,A3PEZ4_PROM0,1.0,,,,,,1,,,,
A3PEV8,A3PEV8_PROM0,1.0,,,,,,1,,,,
A3P813,A3P813_BURP0,1.0,,,,,,1,,,,
A3P5D0,A3P5D0_BURP0,1.0,,,,,,1,,,,
A3P5A4,A3P5A4_BURP0,1.0,,,,,,1,,,,
A3P500,A3P500_BURP0,1.0,,,,,,1,,,,
A3P271,A3P271_BURP0,1.0,,,,,,1,,,,
A3PVU1,A3PVU1_MYCSJ,1.0,,,,,,1,,,,
A3PVV8,A3PVV8_MYCSJ,1.0,,,,,,1,,,,
A3PWS4,A3PWS4_MYCSJ,1.0,,,,,,1,,,,
A3Q1V1,A3Q1V1_MYCSJ,1.0,,,,,,1,,,,
A3Q4Y2,A3Q4Y2_MYCSJ,1.0,,,,,,1,,,,
A3Q4V1,A3Q4V1_MYCSJ,1.0,,,,,,1,,,,
A3Q4M4,A3Q4M4_MYCSJ,1.0,,,,,,1,,,,
A3Q4I6,A3Q4I6_MYCSJ,1.0,,,,,,1,,,,
A3Q3E4,A3Q3E4_MYCSJ,1.0,,,,,,1,,,,
A3Q1Z0,A3Q1Z0_MYCSJ,1.0,,,,,,1,,,,
A3Q0Q8,A3Q0Q8_MYCSJ,1.0,,,,,,1,,,,
A3PXE7,A3PXE7_MYCSJ,1.0,,,,,,1,,,,
A3PYI2,A3PYI2_MYCSJ,1.0,,,,,,1,,,,
A3PY79,A3PY79_MYCSJ,1.0,,,,,,1,,,,
A3PXV5,A3PXV5_MYCSJ,1.0,,,,,,1,,,,
A3PXL0,A3PXL0_MYCSJ,1.0,,,,,,1,,,,
A3PXK2,A3PXK2_MYCSJ,1.0,,,,,,1,,,,
A3PXK1,A3PXK1_MYCSJ,1.0,,,,,,1,,,,
A3P1L5,A3P1L5_BURP0,1.0,,,,,,1,,,,
A3NYA5,A3NYA5_BURP0,1.0,,,,,,1,,,,
A3MXJ0,A3MXJ0_PYRCJ,1.0,,,,,,1,,,,
A3NX02,A3NX02_BURP0,1.0,,,,,,1,,,,
A3N9J2,A3N9J2_BURP6,1.0,,,,,,1,,,,
A3N839,A3N839_BURP6,1.0,,,,,,1,,,,
A3N6Z7,A3N6Z7_BURP6,1.0,,,,,,1,,,,
A3N6Y0,A3N6Y0_BURP6,1.0,,,,,,1,,,,
A3N5V3,A3N5V3_BURP6,1.0,,,,,,1,,,,
A3N5F1,A3N5F1_BURP6,1.0,,,,,,1,,,,
A3N5B9,A3N5B9_BURP6,1.0,,,,,,1,,,,
A3N4G3,A3N4G3_BURP6,1.0,,,,,,1,,,,
A3N420,A3N420_BURP6,1.0,,,,,,1,,,,
A3N3G7,RSMJ_ACTP2,1.0,,,,,,1,,,,
A3N1Z8,A3N1Z8_ACTP2,1.0,,,,,,1,,,,
A3N1G8,A3N1G8_ACTP2,1.0,,,,,,1,,,,
A3N0U9,A3N0U9_ACTP2,1.0,,,,,,1,,,,
A3N0H4,CMOB_ACTP2,1.0,,,,,,1,,,,
A3N0C4,A3N0C4_ACTP2,1.0,,,,,,1,,,,
A3NB71,A3NB71_BURP6,1.0,,,,,,1,,,,
A3NCH5,A3NCH5_BURP6,1.0,,,,,,1,,,,
A3NE39,A3NE39_BURP6,1.0,,,,,,1,,,,
A3NR17,A3NR17_BURP0,1.0,,,,,,1,,,,
A3NV91,A3NV91_BURP0,1.0,,,,,,1,,,,
A3NTU9,A3NTU9_BURP0,1.0,,,,,,1,,,,
A3NSN3,A3NSN3_BURP0,1.0,,,,,,1,,,,
A3NSL5,A3NSL5_BURP0,1.0,,,,,,1,,,,
A3NRJ9,A3NRJ9_BURP0,1.0,,,,,,1,,,,
A3NR49,A3NR49_BURP0,1.0,,,,,,1,,,,
A3NQ53,A3NQ53_BURP0,1.0,,,,,,1,,,,
A3NG08,A3NG08_BURP6,1.0,,,,,,1,,,,
A3NPQ0,A3NPQ0_BURP0,1.0,,,,,,1,,,,
A3NMK0,A3NMK0_BURP6,1.0,,,,,,1,,,,
A3NJR4,A3NJR4_BURP6,1.0,,,,,,1,,,,
A3NJP3,A3NJP3_BURP6,1.0,,,,,,1,,,,
A3NJD8,A3NJD8_BURP6,1.0,,,,,,1,,,,
A3NGM1,A3NGM1_BURP6,1.0,,,,,,1,,,,
A3Q524,A3Q524_MYCSJ,1.0,,,,,,1,,,,
A3Q781,A3Q781_MYCSJ,1.0,,,,,,1,,,,
A3Q7W6,A3Q7W6_MYCSJ,1.0,,,,,,1,,,,
A3Q9H4,A3Q9H4_SHELP,1.0,,,,,,1,,,,
A4FN71,A4FN71_SACEN,1.0,,,,,,1,,,,
A4FMV4,A4FMV4_SACEN,1.0,,,,,,1,,,,
A4FMV3,A4FMV3_SACEN,1.0,,,,,,1,,,,
A4FL56,A4FL56_SACEN,1.0,,,,,,1,,,,
A4FKU2,A4FKU2_SACEN,1.0,,,,,,1,,,,
A4FKJ9,A4FKJ9_SACEN,1.0,,,,,,1,,,,
A4FK32,A4FK32_SACEN,1.0,,,,,,1,,,,
A4FIY5,A4FIY5_SACEN,1.0,,,,,,1,,,,
A4FIV9,A4FIV9_SACEN,1.0,,,,,,1,,,,
A4FIV7,A4FIV7_SACEN,1.0,,,,,,1,,,,
A4FIP4,A4FIP4_SACEN,1.0,,,,,,1,,,,
A4FIF4,A4FIF4_SACEN,1.0,,,,,,1,,,,
A4FHU7,A4FHU7_SACEN,1.0,,,,,,1,,,,
A4FHF9,A4FHF9_SACEN,1.0,,,,,,1,,,,
A4FGX7,A4FGX7_SACEN,1.0,,,,,,1,,,,
A4FQF1,A4FQF1_SACEN,1.0,,,,,,1,,,,
A4FQG1,A4FQG1_SACEN,1.0,,,,,,1,,,,
A4FR20,A4FR20_SACEN,1.0,,,,,,1,,,,
A4G0K2,A4G0K2_METM5,1.0,,,,,,1,,,,
A4G7N3,A4G7N3_HERAR,1.0,,,,,,1,,,,
A4G7G4,A4G7G4_HERAR,1.0,,,,,,1,,,,
A4G725,A4G725_HERAR,1.0,,,,,,1,,,,
A4G5P1,BIOC_HERAR,1.0,,,,,,1,,,,
A4G467,A4G467_HERAR,1.0,,,,,,1,,,,
A4G1K1,A4G1K1_HERAR,1.0,,,,,,1,,,,
A4FXQ9,A4FXQ9_METM5,1.0,,,,,,1,,,,
A4FR21,A4FR21_SACEN,1.0,,,,,,1,,,,
A4FWZ8,A4FWZ8_METM5,1.0,,,,,,1,,,,
A4FWJ5,A4FWJ5_METM5,1.0,,,,,,1,,,,
A4FVZ5,A4FVZ5_METM5,1.0,,,,,,1,,,,
A4FVU5,A4FVU5_METM5,1.0,,,,,,1,,,,
A4FV98,MT21B_BOVIN,1.0,,,,,,1,,,,
A4FV42,MT21A_BOVIN,1.0,,,,,,1,,,,
A4FGJ7,A4FGJ7_SACEN,1.0,,,,,,1,,,,
A4FG57,A4FG57_SACEN,1.0,,,,,,1,,,,
A4FFU7,A4FFU7_SACEN,1.0,,,,,,1,,,,
A3QEP9,CMOA_SHELP,1.0,,,,,,1,,,,
A4CJE5,A4CJE5_ROBBH,1.0,,,,,,1,,,,
A3QJ65,RSMJ_SHELP,1.0,,,,,,1,,,,
A3QI29,TPMT_SHELP,1.0,,,,,,1,,,,
A3QFK2,A3QFK2_SHELP,1.0,,,,,,1,,,,
A3QET1,A3QET1_SHELP,1.0,,,,,,1,,,,
A3QEQ0,CMOB_SHELP,1.0,,,,,,1,,,,
A3QDP0,A3QDP0_SHELP,1.0,,,,,,1,,,,
A4CN72,A4CN72_ROBBH,1.0,,,,,,1,,,,
A3QDD2,A3QDD2_SHELP,1.0,,,,,,1,,,,
A3QBM8,A3QBM8_SHELP,1.0,,,,,,1,,,,
A3QBF6,A3QBF6_SHELP,1.0,,,,,,1,,,,
A3QB09,A3QB09_SHELP,1.0,,,,,,1,,,,
A3QAH6,A3QAH6_SHELP,1.0,,,,,,1,,,,
A3QA14,A3QA14_SHELP,1.0,,,,,,1,,,,
A4CLZ6,A4CLZ6_ROBBH,1.0,,,,,,1,,,,
A4CNG2,A4CNG2_ROBBH,1.0,,,,,,1,,,,
A4FFC0,A4FFC0_SACEN,1.0,,,,,,1,,,,
A4FBA4,A4FBA4_SACEN,1.0,,,,,,1,,,,
A4FEM2,A4FEM2_SACEN,1.0,,,,,,1,,,,
A4FED0,A4FED0_SACEN,1.0,,,,,,1,,,,
A4FDP7,A4FDP7_SACEN,1.0,,,,,,1,,,,
A4FDN1,A4FDN1_SACEN,1.0,,,,,,1,,,,
A4FCW8,A4FCW8_SACEN,1.0,,,,,,1,,,,
A4FC10,A4FC10_SACEN,1.0,,,,,,1,,,,
A4FB79,A4FB79_SACEN,1.0,,,,,,1,,,,
A4F6I2,A4F6I2_SACEN,1.0,,,,,,1,,,,
A4FAC0,A4FAC0_SACEN,1.0,,,,,,1,,,,
A4FAA5,A4FAA5_SACEN,1.0,,,,,,1,,,,
A4F9P9,A4F9P9_SACEN,1.0,,,,,,1,,,,
A4F7P5,ERYG_SACEN,1.0,,,,,,1,,,,
A4F7N5,A4F7N5_SACEN,1.0,,,,,,1,,,,
A4F6I5,A4F6I5_SACEN,1.0,,,,,,1,,,,
A3N0B6,CMOA_ACTP2,1.0,,,,,,1,,,,
A3MVW8,A3MVW8_PYRCJ,1.0,,,,,,1,,,,
A2RK11,A2RK11_LACLM,1.0,,,,,,1,,,,
A2STF6,A2STF6_METLZ,1.0,,,,,,1,,,,
A2Z0C0,ANM1_ORYSI,1.0,,,,,,1,,,,
A2YVV0,A2YVV0_ORYSI,1.0,,,,,,1,,,,
A2YRU7,A2YRU7_ORYSI,1.0,,,,,,1,,,,
A2YPT7,CARM1_ORYSI,1.0,,,,,,1,,,,
A2YP56,ANM3_ORYSI,1.0,,,,,,1,,,,
A2YJB1,A2YJB1_ORYSI,1.0,,,,,,1,,,,
A2Y953,ANM10_ORYSI,1.0,,,,,,1,,,,
A2XYY8,ANM61_ORYSI,1.0,,,,,,1,,,,
A2XIM8,A2XIM8_ORYSI,1.0,,,,,,1,,,,
A2XHM9,A2XHM9_ORYSI,1.0,,,,,,1,,,,
A2XC88,A2XC88_ORYSI,1.0,,,,,,1,,,,
A2X8N2,A2X8N2_ORYSI,1.0,,,,,,1,,,,
A2X6P7,A2X6P7_ORYSI,1.0,,,,,,1,,,,
A2X4F7,A2X4F7_ORYSI,1.0,,,,,,1,,,,
A2WU25,A2WU25_ORYSI,1.0,,,,,,1,,,,
A2Z8S0,ANM62_ORYSI,1.0,,,,,,1,,,,
A2ZMQ9,A2ZMQ9_ORYSI,1.0,,,,,,1,,,,
A3AAG5,A3AAG5_ORYSJ,1.0,,,,,,1,,,,
A3CMK4,A3CMK4_STRSV,1.0,,,,,,1,,,,
A3CQI1,A3CQI1_STRSV,1.0,,,,,,1,,,,
A3CPP7,A3CPP7_STRSV,1.0,,,,,,1,,,,
A3CPP3,A3CPP3_STRSV,1.0,,,,,,1,,,,
A3CPE5,A3CPE5_STRSV,1.0,,,,,,1,,,,
A3CP79,A3CP79_STRSV,1.0,,,,,,1,,,,
A3CNR7,A3CNR7_STRSV,1.0,,,,,,1,,,,
A3CLT0,A3CLT0_STRSV,1.0,,,,,,1,,,,
A3BMN9,ANM3_ORYSJ,1.0,,,,,,1,,,,
A3CLH0,A3CLH0_STRSV,1.0,,,,,,1,,,,
A3CKS3,A3CKS3_STRSV,1.0,,,,,,1,,,,
A3CKC9,A3CKC9_STRSV,1.0,,,,,,1,,,,
A3BTS2,A3BTS2_ORYSJ,1.0,,,,,,1,,,,
A3BRL7,A3BRL7_ORYSJ,1.0,,,,,,1,,,,
A3BQ16,A3BQ16_ORYSJ,1.0,,,,,,1,,,,
A2SU77,A2SU77_METLZ,1.0,,,,,,1,,,,
A2STB7,A2STB7_METLZ,1.0,,,,,,1,,,,
A3MVS1,A3MVS1_PYRCJ,1.0,,,,,,1,,,,
A2SSZ0,A2SSZ0_METLZ,1.0,,,,,,1,,,,
A2SAF6,A2SAF6_BURM9,1.0,,,,,,1,,,,
A2S9B8,A2S9B8_BURM9,1.0,,,,,,1,,,,
A2S8L6,A2S8L6_BURM9,1.0,,,,,,1,,,,
A2S878,A2S878_BURM9,1.0,,,,,,1,,,,
A2S7B5,A2S7B5_BURM9,1.0,,,,,,1,,,,
A2S6Z4,A2S6Z4_BURM9,1.0,,,,,,1,,,,
A2S678,A2S678_BURM9,1.0,,,,,,1,,,,
A2S634,A2S634_BURM9,1.0,,,,,,1,,,,
A2S3S1,A2S3S1_BURM9,1.0,,,,,,1,,,,
A2S1U2,A2S1U2_BURM9,1.0,,,,,,1,,,,
A2RX62,A2RX62_BURM9,1.0,,,,,,1,,,,
A2RP78,A2RP78_LACLM,1.0,,,,,,1,,,,
A2RNC3,A2RNC3_LACLM,1.0,,,,,,1,,,,
A2RLN3,A2RLN3_LACLM,1.0,,,,,,1,,,,
A2RKT8,A2RKT8_LACLM,1.0,,,,,,1,,,,
A2SAH2,A2SAH2_BURM9,1.0,,,,,,1,,,,
A2SAV8,A2SAV8_BURM9,1.0,,,,,,1,,,,
A2SCK1,A2SCK1_METPP,1.0,,,,,,1,,,,
A2SLU7,A2SLU7_METPP,1.0,,,,,,1,,,,
A2SSA8,A2SSA8_METLZ,1.0,,,,,,1,,,,
A2SS71,A2SS71_METLZ,1.0,,,,,,1,,,,
A2SRD7,A2SRD7_METLZ,1.0,,,,,,1,,,,
A2SRD6,A2SRD6_METLZ,1.0,,,,,,1,,,,
A2SQ96,A2SQ96_METLZ,1.0,,,,,,1,,,,
A2SPT6,A2SPT6_METLZ,1.0,,,,,,1,,,,
A2SLC4,A2SLC4_METPP,1.0,,,,,,1,,,,
A2SDE0,A2SDE0_METPP,1.0,,,,,,1,,,,
A2SKW0,A2SKW0_METPP,1.0,,,,,,1,,,,
A2SKP7,A2SKP7_METPP,1.0,,,,,,1,,,,
A2SIX6,A2SIX6_METPP,1.0,,,,,,1,,,,
A2SIU4,A2SIU4_METPP,1.0,,,,,,1,,,,
A2SF11,A2SF11_METPP,1.0,,,,,,1,,,,
A2SEA5,A2SEA5_METPP,1.0,,,,,,1,,,,
A3CRG5,A3CRG5_METMJ,1.0,,,,,,1,,,,
A3CRG7,A3CRG7_METMJ,1.0,,,,,,1,,,,
A3CRY5,A3CRY5_METMJ,1.0,,,,,,1,,,,
A3CSB3,A3CSB3_METMJ,1.0,,,,,,1,,,,
A3MCL5,A3MCL5_BURM7,1.0,,,,,,1,,,,
A3M9J7,A3M9J7_ACIBT,1.0,,,,,,1,,,,
A3M9E0,A3M9E0_ACIBT,1.0,,,,,,1,,,,
A3M8M0,A3M8M0_ACIBT,1.0,,,,,,1,,,,
A3M6W0,A3M6W0_ACIBT,1.0,,,,,,1,,,,
A3M5B4,A3M5B4_ACIBT,1.0,,,,,,1,,,,
A3M4G3,A3M4G3_ACIBT,1.0,,,,,,1,,,,
A3M2V2,A3M2V2_ACIBT,1.0,,,,,,1,,,,
A3M2K0,RSMJ_ACIBT,1.0,,,,,,1,,,,
A3M1Y1,A3M1Y1_ACIBT,1.0,,,,,,1,,,,
A3KPF2,ANM14_ARATH,1.0,,,,,,1,,,,
A3KP37,NDUF5_DANRE,1.0,,,,,,1,,,,
A3KNZ5,A3KNZ5_DANRE,1.0,,,,,,1,,,,
A3KNP4,A3KNP4_DANRE,1.0,,,,,,1,,,,
A3KNM1,A3KNM1_DANRE,1.0,,,,,,1,,,,
A3MDG6,A3MDG6_BURM7,1.0,,,,,,1,,,,
A3MIP0,A3MIP0_BURM7,1.0,,,,,,1,,,,
A3ML65,A3ML65_BURM7,1.0,,,,,,1,,,,
A3MRS2,A3MRS2_BURM7,1.0,,,,,,1,,,,
A3MVD0,A3MVD0_PYRCJ,1.0,,,,,,1,,,,
A3MV86,A3MV86_PYRCJ,1.0,,,,,,1,,,,
A3MV60,A3MV60_PYRCJ,1.0,,,,,,1,,,,
A3MU93,A3MU93_PYRCJ,1.0,,,,,,1,,,,
A3MTZ8,A3MTZ8_PYRCJ,1.0,,,,,,1,,,,
A3MSA9,A3MSA9_PYRCJ,1.0,,,,,,1,,,,
A3MQZ9,A3MQZ9_BURM7,1.0,,,,,,1,,,,
A3MLL0,A3MLL0_BURM7,1.0,,,,,,1,,,,
A3MQ77,A3MQ77_BURM7,1.0,,,,,,1,,,,
A3MQ32,A3MQ32_BURM7,1.0,,,,,,1,,,,
A3MPN2,A3MPN2_BURM7,1.0,,,,,,1,,,,
A3MNU3,A3MNU3_BURM7,1.0,,,,,,1,,,,
A3MMT0,A3MMT0_BURM7,1.0,,,,,,1,,,,
A3MLM6,A3MLM6_BURM7,1.0,,,,,,1,,,,
A3GEV2,MCES_PICST,1.0,,,,,,1,,,,
A3DPP7,A3DPP7_STAMF,1.0,,,,,,1,,,,
A3DP59,A3DP59_STAMF,1.0,,,,,,1,,,,
A3CXT2,A3CXT2_METMJ,1.0,,,,,,1,,,,
A3D1Q9,A3D1Q9_SHEB5,1.0,,,,,,1,,,,
A3D0X3,A3D0X3_SHEB5,1.0,,,,,,1,,,,
A3D007,TPMT_SHEB5,1.0,,,,,,1,,,,
A3CZY3,A3CZY3_SHEB5,1.0,,,,,,1,,,,
A3CZQ9,A3CZQ9_SHEB5,1.0,,,,,,1,,,,
A3CXU8,A3CXU8_METMJ,1.0,,,,,,1,,,,
A3CUW3,A3CUW3_METMJ,1.0,,,,,,1,,,,
A3D3F4,A3D3F4_SHEB5,1.0,,,,,,1,,,,
A3CUK3,A3CUK3_METMJ,1.0,,,,,,1,,,,
A3CUA9,A3CUA9_METMJ,1.0,,,,,,1,,,,
A3CTX2,A3CTX2_METMJ,1.0,,,,,,1,,,,
A3CTW6,A3CTW6_METMJ,1.0,,,,,,1,,,,
A3CT88,A3CT88_METMJ,1.0,,,,,,1,,,,
A3CSQ7,A3CSQ7_METMJ,1.0,,,,,,1,,,,
A3D3A3,A3D3A3_SHEB5,1.0,,,,,,1,,,,
A3D438,A3D438_SHEB5,1.0,,,,,,1,,,,
A3DMW6,A3DMW6_STAMF,1.0,,,,,,1,,,,
A3DDA2,A3DDA2_CLOTH,1.0,,,,,,1,,,,
A3DMG9,A3DMG9_STAMF,1.0,,,,,,1,,,,
A3DK78,A3DK78_CLOTH,1.0,,,,,,1,,,,
A3DGU8,A3DGU8_CLOTH,1.0,,,,,,1,,,,
A3DGJ7,A3DGJ7_CLOTH,1.0,,,,,,1,,,,
A3DG23,A3DG23_CLOTH,1.0,,,,,,1,,,,
A3DFP7,A3DFP7_CLOTH,1.0,,,,,,1,,,,
A3DCZ8,A3DCZ8_CLOTH,1.0,,,,,,1,,,,
A3D474,CMOB_SHEB5,1.0,,,,,,1,,,,
A3DC89,A3DC89_CLOTH,1.0,,,,,,1,,,,
A3DBD7,BIOC_CLOTH,1.0,,,,,,1,,,,
A3D954,A3D954_SHEB5,1.0,,,,,,1,,,,
A3D6T1,A3D6T1_SHEB5,1.0,,,,,,1,,,,
A3D5S5,A3D5S5_SHEB5,1.0,,,,,,1,,,,
A3D475,CMOA_SHEB5,1.0,,,,,,1,,,,
A4G802,A4G802_HERAR,1.0,,,,,,1,,,,
A4G946,A4G946_HERAR,1.0,,,,,,1,,,,
A4HSX9,A4HSX9_LEIIN,1.0,,,,,,1,,,,
A4WKM9,A4WKM9_PYRAR,1.0,,,,,,1,,,,
A4X6Z6,A4X6Z6_SALTO,1.0,,,,,,1,,,,
A4X441,A4X441_SALTO,1.0,,,,,,1,,,,
A4X3I1,A4X3I1_SALTO,1.0,,,,,,1,,,,
A4X341,A4X341_SALTO,1.0,,,,,,1,,,,
A4X2M1,A4X2M1_SALTO,1.0,,,,,,1,,,,
A4X2I4,A4X2I4_SALTO,1.0,,,,,,1,,,,
A4X1W3,A4X1W3_SALTO,1.0,,,,,,1,,,,
A4X1J0,A4X1J0_SALTO,1.0,,,,,,1,,,,
A4X1E6,A4X1E6_SALTO,1.0,,,,,,1,,,,
A4X1D9,A4X1D9_SALTO,1.0,,,,,,1,,,,
A4WYM1,A4WYM1_RHOS5,1.0,,,,,,1,,,,
A4WVV7,A4WVV7_RHOS5,1.0,,,,,,1,,,,
A4WVB4,A4WVB4_RHOS5,1.0,,,,,,1,,,,
A4WUN1,A4WUN1_RHOS5,1.0,,,,,,1,,,,
A4WU65,A4WU65_RHOS5,1.0,,,,,,1,,,,
A4X777,A4X777_SALTO,1.0,,,,,,1,,,,
A4X7A0,A4X7A0_SALTO,1.0,,,,,,1,,,,
A4X7A1,A4X7A1_SALTO,1.0,,,,,,1,,,,
A4XDK7,A4XDK7_SALTO,1.0,,,,,,1,,,,
A4XPF9,A4XPF9_PSEMY,1.0,,,,,,1,,,,
A4XN68,A4XN68_PSEMY,1.0,,,,,,1,,,,
A4XK37,A4XK37_CALS8,1.0,,,,,,1,,,,
A4XHY1,A4XHY1_CALS8,1.0,,,,,,1,,,,
A4XGL8,A4XGL8_CALS8,1.0,,,,,,1,,,,
A4XFJ3,A4XFJ3_CALS8,1.0,,,,,,1,,,,
A4XA41,A4XA41_SALTO,1.0,,,,,,1,,,,
A4X840,A4X840_SALTO,1.0,,,,,,1,,,,
A4X9K1,A4X9K1_SALTO,1.0,,,,,,1,,,,
A4X9C5,A4X9C5_SALTO,1.0,,,,,,1,,,,
A4X973,A4X973_SALTO,1.0,,,,,,1,,,,
A4X8S7,A4X8S7_SALTO,1.0,,,,,,1,,,,
A4X8Q6,A4X8Q6_SALTO,1.0,,,,,,1,,,,
A4X8P9,A4X8P9_SALTO,1.0,,,,,,1,,,,
A4WMA1,A4WMA1_PYRAR,1.0,,,,,,1,,,,
A4WKJ2,A4WKJ2_PYRAR,1.0,,,,,,1,,,,
A4HUW9,A4HUW9_LEIIN,1.0,,,,,,1,,,,
A4WJ89,A4WJ89_PYRAR,1.0,,,,,,1,,,,
A4W2Q5,A4W2Q5_STRS2,1.0,,,,,,1,,,,
A4W2P8,A4W2P8_STRS2,1.0,,,,,,1,,,,
A4W2H1,A4W2H1_STRS2,1.0,,,,,,1,,,,
A4W182,A4W182_STRS2,1.0,,,,,,1,,,,
A4W0R3,A4W0R3_STRS2,1.0,,,,,,1,,,,
A4VZI5,A4VZI5_STRS2,1.0,,,,,,1,,,,
A4VWZ7,A4VWZ7_STRSY,1.0,,,,,,1,,,,
A4VWF0,A4VWF0_STRSY,1.0,,,,,,1,,,,
A4VWE3,A4VWE3_STRSY,1.0,,,,,,1,,,,
A4VW65,A4VW65_STRSY,1.0,,,,,,1,,,,
A4VUY3,A4VUY3_STRSY,1.0,,,,,,1,,,,
A4VUH0,A4VUH0_STRSY,1.0,,,,,,1,,,,
A4VTA3,A4VTA3_STRSY,1.0,,,,,,1,,,,
A4VRJ3,A4VRJ3_PSEU5,1.0,,,,,,1,,,,
A4VRD6,A4VRD6_PSEU5,1.0,,,,,,1,,,,
A4W3A0,A4W3A0_STRS2,1.0,,,,,,1,,,,
A4W6V0,A4W6V0_ENT38,1.0,,,,,,1,,,,
A4W6V3,A4W6V3_ENT38,1.0,,,,,,1,,,,
A4WDM3,A4WDM3_ENT38,1.0,,,,,,1,,,,
A4WHQ1,A4WHQ1_PYRAR,1.0,,,,,,1,,,,
A4WHK8,A4WHK8_PYRAR,1.0,,,,,,1,,,,
A4WHG4,A4WHG4_PYRAR,1.0,,,,,,1,,,,
A4WH74,A4WH74_PYRAR,1.0,,,,,,1,,,,
A4WFT5,RSMJ_ENT38,1.0,,,,,,1,,,,
A4WFQ8,A4WFQ8_ENT38,1.0,,,,,,1,,,,
A4WBV9,A4WBV9_ENT38,1.0,,,,,,1,,,,
A4W729,A4W729_ENT38,1.0,,,,,,1,,,,
A4WBM8,CMOB_ENT38,1.0,,,,,,1,,,,
A4WBM7,CMOA_ENT38,1.0,,,,,,1,,,,
A4WBI0,A4WBI0_ENT38,1.0,,,,,,1,,,,
A4WAC1,A4WAC1_ENT38,1.0,,,,,,1,,,,
A4W8U0,A4W8U0_ENT38,1.0,,,,,,1,,,,
A4W8B9,A4W8B9_ENT38,1.0,,,,,,1,,,,
A4XQ92,A4XQ92_PSEMY,1.0,,,,,,1,,,,
A4XRQ3,A4XRQ3_PSEMY,1.0,,,,,,1,,,,
A4XSD0,CMOB_PSEMY,1.0,,,,,,1,,,,
A4XSD1,CMOA_PSEMY,1.0,,,,,,1,,,,
A4Z081,A4Z081_BRASO,1.0,,,,,,1,,,,
A4YZN9,A4YZN9_BRASO,1.0,,,,,,1,,,,
A4YZA8,A4YZA8_BRASO,1.0,,,,,,1,,,,
A4YY95,A4YY95_BRASO,1.0,,,,,,1,,,,
A4YY92,A4YY92_BRASO,1.0,,,,,,1,,,,
A4YXD1,A4YXD1_BRASO,1.0,,,,,,1,,,,
A4YVT0,A4YVT0_BRASO,1.0,,,,,,1,,,,
A4YVL6,A4YVL6_BRASO,1.0,,,,,,1,,,,
A4YUW5,A4YUW5_BRASO,1.0,,,,,,1,,,,
A4YT23,A4YT23_BRASO,1.0,,,,,,1,,,,
A4YPV3,A4YPV3_BRASO,1.0,,,,,,1,,,,
A4YPA3,A4YPA3_BRASO,1.0,,,,,,1,,,,
A4YMT1,A4YMT1_BRASO,1.0,,,,,,1,,,,
A4YKU4,A4YKU4_BRASO,1.0,,,,,,1,,,,
A4YKS9,A4YKS9_BRASO,1.0,,,,,,1,,,,
A4Z1P7,A4Z1P7_BRASO,1.0,,,,,,1,,,,
A4Z3A6,A4Z3A6_BRASO,1.0,,,,,,1,,,,
A5AE07,A5AE07_VITVI,1.0,,,,,,1,,,,
A5ARY2,A5ARY2_VITVI,1.0,,,,,,1,,,,
A5BH10,A5BH10_VITVI,1.0,,,,,,1,,,,
A5BBB4,A5BBB4_VITVI,1.0,,,,,,1,,,,
A5BA19,A5BA19_VITVI,1.0,,,,,,1,,,,
A5B9H5,A5B9H5_VITVI,1.0,,,,,,1,,,,
A5B620,A5B620_VITVI,1.0,,,,,,1,,,,
A5B0P6,A5B0P6_VITVI,1.0,,,,,,1,,,,
A5ARV4,A5ARV4_VITVI,1.0,,,,,,1,,,,
A5AE08,A5AE08_VITVI,1.0,,,,,,1,,,,
A5ARV3,A5ARV3_VITVI,1.0,,,,,,1,,,,
A5ANL8,A5ANL8_VITVI,1.0,,,,,,1,,,,
A5AMH5,A5AMH5_VITVI,1.0,,,,,,1,,,,
A5ALP8,A5ALP8_VITVI,1.0,,,,,,1,,,,
A5AK93,A5AK93_VITVI,1.0,,,,,,1,,,,
A5AFT5,A5AFT5_VITVI,1.0,,,,,,1,,,,
A4YKK2,A4YKK2_BRASO,1.0,,,,,,1,,,,
A4YJX5,A4YJX5_BRASO,1.0,,,,,,1,,,,
A4YIA8,A4YIA8_METS5,1.0,,,,,,1,,,,
A4XYZ6,A4XYZ6_PSEMY,1.0,,,,,,1,,,,
A4Y3V3,A4Y3V3_SHEPC,1.0,,,,,,1,,,,
A4Y301,A4Y301_SHEPC,1.0,,,,,,1,,,,
A4Y1K3,RSMJ_SHEPC,1.0,,,,,,1,,,,
A4Y0G9,A4Y0G9_PSEMY,1.0,,,,,,1,,,,
A4XZY7,A4XZY7_PSEMY,1.0,,,,,,1,,,,
A4XZR6,A4XZR6_PSEMY,1.0,,,,,,1,,,,
A4XY75,A4XY75_PSEMY,1.0,,,,,,1,,,,
A4Y5R3,A4Y5R3_SHEPC,1.0,,,,,,1,,,,
A4XXN9,RSMJ_PSEMY,1.0,,,,,,1,,,,
A4XX48,A4XX48_PSEMY,1.0,,,,,,1,,,,
A4XWV5,A4XWV5_PSEMY,1.0,,,,,,1,,,,
A4XVB5,TPMT_PSEMY,1.0,,,,,,1,,,,
A4XU10,A4XU10_PSEMY,1.0,,,,,,1,,,,
A4XSV2,A4XSV2_PSEMY,1.0,,,,,,1,,,,
A4Y4F8,A4Y4F8_SHEPC,1.0,,,,,,1,,,,
A4Y6B9,A4Y6B9_SHEPC,1.0,,,,,,1,,,,
A4YHZ7,A4YHZ7_METS5,1.0,,,,,,1,,,,
A4YEP2,A4YEP2_METS5,1.0,,,,,,1,,,,
A4YHT7,A4YHT7_METS5,1.0,,,,,,1,,,,
A4YGP7,A4YGP7_METS5,1.0,,,,,,1,,,,
A4YFJ3,A4YFJ3_METS5,1.0,,,,,,1,,,,
A4YFG9,A4YFG9_METS5,1.0,,,,,,1,,,,
A4YF80,A4YF80_METS5,1.0,,,,,,1,,,,
A4YET7,A4YET7_METS5,1.0,,,,,,1,,,,
A4YAV5,A4YAV5_SHEPC,1.0,,,,,,1,,,,
A4Y6S2,CMOB_SHEPC,1.0,,,,,,1,,,,
A4YAP5,A4YAP5_SHEPC,1.0,,,,,,1,,,,
A4YAM5,TPMT_SHEPC,1.0,,,,,,1,,,,
A4Y809,A4Y809_SHEPC,1.0,,,,,,1,,,,
A4Y7Y1,A4Y7Y1_SHEPC,1.0,,,,,,1,,,,
A4Y7V8,A4Y7V8_SHEPC,1.0,,,,,,1,,,,
A4Y6S3,CMOA_SHEPC,1.0,,,,,,1,,,,
A4VR85,A4VR85_PSEU5,1.0,,,,,,1,,,,
A4VPJ4,A4VPJ4_PSEU5,1.0,,,,,,1,,,,
A4VNW2,A4VNW2_PSEU5,1.0,,,,,,1,,,,
A4S1H5,A4S1H5_OSTLU,1.0,,,,,,1,,,,
A4QHQ3,A4QHQ3_CORGB,1.0,,,,,,1,,,,
A4QH01,A4QH01_CORGB,1.0,,,,,,1,,,,
A4QFH3,A4QFH3_CORGB,1.0,,,,,,1,,,,
A4QE41,A4QE41_CORGB,1.0,,,,,,1,,,,
A4QE24,A4QE24_CORGB,1.0,,,,,,1,,,,
A4QDQ4,A4QDQ4_CORGB,1.0,,,,,,1,,,,
A4QDJ0,A4QDJ0_CORGB,1.0,,,,,,1,,,,
A4QD80,A4QD80_CORGB,1.0,,,,,,1,,,,
A4JV34,A4JV34_BURVG,1.0,,,,,,1,,,,
A4JRJ3,A4JRJ3_BURVG,1.0,,,,,,1,,,,
A4JNI0,A4JNI0_BURVG,1.0,,,,,,1,,,,
A4JN18,A4JN18_BURVG,1.0,,,,,,1,,,,
A4JLQ1,A4JLQ1_BURVG,1.0,,,,,,1,,,,
A4JLD2,A4JLD2_BURVG,1.0,,,,,,1,,,,
A4JJM3,A4JJM3_BURVG,1.0,,,,,,1,,,,
A4QIF2,A4QIF2_CORGB,1.0,,,,,,1,,,,
A4R8D7,MCES_MAGO7,1.0,,,,,,1,,,,
A4RSN1,A4RSN1_OSTLU,1.0,,,,,,1,,,,
A4RWY5,A4RWY5_OSTLU,1.0,,,,,,1,,,,
A4S138,A4S138_OSTLU,1.0,,,,,,1,,,,
A4S0U2,A4S0U2_OSTLU,1.0,,,,,,1,,,,
A4RZQ9,A4RZQ9_OSTLU,1.0,,,,,,1,,,,
A4RZJ3,A4RZJ3_OSTLU,1.0,,,,,,1,,,,
A4RY70,A4RY70_OSTLU,1.0,,,,,,1,,,,
A4RXI3,A4RXI3_OSTLU,1.0,,,,,,1,,,,
A4RWQ2,A4RWQ2_OSTLU,1.0,,,,,,1,,,,
A4RTJ9,A4RTJ9_OSTLU,1.0,,,,,,1,,,,
A4RWB1,A4RWB1_OSTLU,1.0,,,,,,1,,,,
A4RW17,A4RW17_OSTLU,1.0,,,,,,1,,,,
A4RVH6,A4RVH6_OSTLU,1.0,,,,,,1,,,,
A4RUR2,A4RUR2_OSTLU,1.0,,,,,,1,,,,
A4RU54,A4RU54_OSTLU,1.0,,,,,,1,,,,
A4RU06,A4RU06_OSTLU,1.0,,,,,,1,,,,
A4JIS2,A4JIS2_BURVG,1.0,,,,,,1,,,,
A4JI37,A4JI37_BURVG,1.0,,,,,,1,,,,
A4JHS2,A4JHS2_BURVG,1.0,,,,,,1,,,,
A4ICH1,A4ICH1_LEIIN,1.0,,,,,,1,,,,
A4INN2,A4INN2_GEOTN,1.0,,,,,,1,,,,
A4IN95,A4IN95_GEOTN,1.0,,,,,,1,,,,
A4IHG2,A4IHG2_XENTR,1.0,,,,,,1,,,,
A4IDL3,A4IDL3_LEIIN,1.0,,,,,,1,,,,
A4IDL2,A4IDL2_LEIIN,1.0,,,,,,1,,,,
A4ICX5,A4ICX5_LEIIN,1.0,,,,,,1,,,,
A4IB58,A4IB58_LEIIN,1.0,,,,,,1,,,,
A4INQ2,A4INQ2_GEOTN,1.0,,,,,,1,,,,
A4IB48,A4IB48_LEIIN,1.0,,,,,,1,,,,
A4IA51,A4IA51_LEIIN,1.0,,,,,,1,,,,
A4HYM5,A4HYM5_LEIIN,1.0,,,,,,1,,,,
A4HY93,A4HY93_LEIIN,1.0,,,,,,1,,,,
A4HWZ1,A4HWZ1_LEIIN,1.0,,,,,,1,,,,
A4HWQ2,A4HWQ2_LEIIN,1.0,,,,,,1,,,,
A4INN7,A4INN7_GEOTN,1.0,,,,,,1,,,,
A4IR46,A4IR46_GEOTN,1.0,,,,,,1,,,,
A4JGV6,A4JGV6_BURVG,1.0,,,,,,1,,,,
A4J3Y5,A4J3Y5_DESRM,1.0,,,,,,1,,,,
A4JFX4,A4JFX4_BURVG,1.0,,,,,,1,,,,
A4JDK2,A4JDK2_BURVG,1.0,,,,,,1,,,,
A4JD96,A4JD96_BURVG,1.0,,,,,,1,,,,
A4JB38,A4JB38_BURVG,1.0,,,,,,1,,,,
A4J5Q2,A4J5Q2_DESRM,1.0,,,,,,1,,,,
A4J4G0,A4J4G0_DESRM,1.0,,,,,,1,,,,
A4J3G4,A4J3G4_DESRM,1.0,,,,,,1,,,,
A4IR67,Y2476_GEOTN,1.0,,,,,,1,,,,
A4J2D5,A4J2D5_DESRM,1.0,,,,,,1,,,,
A4J096,A4J096_FRATW,1.0,,,,,,1,,,,
A4IY66,A4IY66_FRATW,1.0,,,,,,1,,,,
A4IXK7,RSMJ_FRATW,1.0,,,,,,1,,,,
A4IXH4,A4IXH4_FRATW,1.0,,,,,,1,,,,
A4IRY8,A4IRY8_GEOTN,1.0,,,,,,1,,,,
A4S194,A4S194_OSTLU,1.0,,,,,,1,,,,
A4S1U4,A4S1U4_OSTLU,1.0,,,,,,1,,,,
A4VN38,RSMJ_PSEU5,1.0,,,,,,1,,,,
A4S380,A4S380_OSTLU,1.0,,,,,,1,,,,
A4TJK8,CMOA_YERPP,1.0,,,,,,1,,,,
A4TET0,A4TET0_MYCGI,1.0,,,,,,1,,,,
A4TER8,A4TER8_MYCGI,1.0,,,,,,1,,,,
A4TDZ0,A4TDZ0_MYCGI,1.0,,,,,,1,,,,
A4TDX8,A4TDX8_MYCGI,1.0,,,,,,1,,,,
A4TDX7,A4TDX7_MYCGI,1.0,,,,,,1,,,,
A4TDV0,A4TDV0_MYCGI,1.0,,,,,,1,,,,
A4TDC1,A4TDC1_MYCGI,1.0,,,,,,1,,,,
A4TCQ3,A4TCQ3_MYCGI,1.0,,,,,,1,,,,
A4TCK4,A4TCK4_MYCGI,1.0,,,,,,1,,,,
A4TCG3,A4TCG3_MYCGI,1.0,,,,,,1,,,,
A4TCE0,A4TCE0_MYCGI,1.0,,,,,,1,,,,
A4TBP2,A4TBP2_MYCGI,1.0,,,,,,1,,,,
A4TB48,A4TB48_MYCGI,1.0,,,,,,1,,,,
A4TA25,A4TA25_MYCGI,1.0,,,,,,1,,,,
A4TJK9,CMOB_YERPP,1.0,,,,,,1,,,,
A4TJR7,A4TJR7_YERPP,1.0,,,,,,1,,,,
A4TJV9,A4TJV9_YERPP,1.0,,,,,,1,,,,
A4VI82,A4VI82_PSEU5,1.0,,,,,,1,,,,
A4VMZ9,A4VMZ9_PSEU5,1.0,,,,,,1,,,,
A4VMZ0,A4VMZ0_PSEU5,1.0,,,,,,1,,,,
A4VMJ0,A4VMJ0_PSEU5,1.0,,,,,,1,,,,
A4VLR1,A4VLR1_PSEU5,1.0,,,,,,1,,,,
A4VIY2,CMOA_PSEU5,1.0,,,,,,1,,,,
A4VIY1,CMOB_PSEU5,1.0,,,,,,1,,,,
A4TQY1,RSMJ_YERPP,1.0,,,,,,1,,,,
A4TKF2,A4TKF2_YERPP,1.0,,,,,,1,,,,
A4TPJ6,A4TPJ6_YERPP,1.0,,,,,,1,,,,
A4TP55,A4TP55_YERPP,1.0,,,,,,1,,,,
A4TNQ4,A4TNQ4_YERPP,1.0,,,,,,1,,,,
A4TN66,A4TN66_YERPP,1.0,,,,,,1,,,,
A4TN06,A4TN06_YERPP,1.0,,,,,,1,,,,
A4TL55,A4TL55_YERPP,1.0,,,,,,1,,,,
A4T934,A4T934_MYCGI,1.0,,,,,,1,,,,
A4T5Y7,A4T5Y7_MYCGI,1.0,,,,,,1,,,,
A4T3V1,Y427_MYCGI,1.0,,,,,,1,,,,
A4S875,A4S875_OSTLU,1.0,,,,,,1,,,,
A4SGV9,BIOC_PROVI,1.0,,,,,,1,,,,
A4SGV6,A4SGV6_PROVI,1.0,,,,,,1,,,,
A4SEK7,A4SEK7_PROVI,1.0,,,,,,1,,,,
A4SB72,A4SB72_OSTLU,1.0,,,,,,1,,,,
A4S9Y8,A4S9Y8_OSTLU,1.0,,,,,,1,,,,
A4S900,A4S900_OSTLU,1.0,,,,,,1,,,,
A4S821,A4S821_OSTLU,1.0,,,,,,1,,,,
A4SJG8,A4SJG8_AERS4,1.0,,,,,,1,,,,
A4S7Z2,A4S7Z2_OSTLU,1.0,,,,,,1,,,,
A4S7U9,A4S7U9_OSTLU,1.0,,,,,,1,,,,
A4S6Q4,A4S6Q4_OSTLU,1.0,,,,,,1,,,,
A4S657,A4S657_OSTLU,1.0,,,,,,1,,,,
A4S629,A4S629_OSTLU,1.0,,,,,,1,,,,
A4S4F4,A4S4F4_OSTLU,1.0,1,,,,,,,,,
A4SGZ6,A4SGZ6_PROVI,1.0,,,,,,1,,,,
A4SM27,A4SM27_AERS4,1.0,,,,,,1,,,,
A4T260,A4T260_MYCGI,1.0,,,,,,1,,,,
A4SVP1,A4SVP1_POLSQ,1.0,,,,,,1,,,,
A4T0F7,A4T0F7_POLSQ,1.0,,,,,,1,,,,
A4T089,A4T089_POLSQ,1.0,,,,,,1,,,,
A4SXV0,A4SXV0_POLSQ,1.0,,,,,,1,,,,
A4SXM5,A4SXM5_POLSQ,1.0,,,,,,1,,,,
A4SX50,A4SX50_POLSQ,1.0,,,,,,1,,,,
A4SWC8,A4SWC8_POLSQ,1.0,,,,,,1,,,,
A4STK0,RSMJ_AERS4,1.0,,,,,,1,,,,
A4SN18,A4SN18_AERS4,1.0,,,,,,1,,,,
A4SQX9,A4SQX9_AERS4,1.0,,,,,,1,,,,
A4SQS4,A4SQS4_AERS4,1.0,,,,,,1,,,,
A4SPR5,A4SPR5_AERS4,1.0,,,,,,1,,,,
A4SPN8,CMOB_AERS4,1.0,,,,,,1,,,,
A4SPN7,CMOA_AERS4,1.0,,,,,,1,,,,
A4SPI5,A4SPI5_AERS4,1.0,,,,,,1,,,,
A2RKA8,A2RKA8_LACLM,1.0,,,,,,1,,,,
A2RHV9,A2RHV9_LACLM,1.0,,,,,,1,,,,
A9L3X6,TPMT_SHEB9,1.0,,,,,,1,,,,
A0R0C5,A0R0C5_MYCS2,1.0,,,,,,1,,,,
A0RF06,A0RF06_BACAH,1.0,,,,,,1,,,,
A0RE78,A0RE78_BACAH,1.0,,,,,,1,,,,
A0RE19,A0RE19_BACAH,1.0,,,,,,1,,,,
A0RDZ7,A0RDZ7_BACAH,1.0,,,,,,1,,,,
A0RDF8,A0RDF8_BACAH,1.0,,,,,,1,,,,
A0RD96,A0RD96_BACAH,1.0,,,,,,1,,,,
A0RD77,A0RD77_BACAH,1.0,,,,,,1,,,,
A0RBQ2,A0RBQ2_BACAH,1.0,,,,,,1,,,,
A0RBA0,A0RBA0_BACAH,1.0,,,,,,1,,,,
A0R9Q3,A0R9Q3_BACAH,1.0,,,,,,1,,,,
A0R5L6,A0R5L6_MYCS2,1.0,,,,,,1,,,,
A0R4W8,A0R4W8_MYCS2,1.0,,,,,,1,,,,
A0R360,A0R360_MYCS2,1.0,,,,,,1,,,,
A0R359,A0R359_MYCS2,1.0,,,,,,1,,,,
A0R318,A0R318_MYCS2,1.0,,,,,,1,,,,
A0RF57,A0RF57_BACAH,1.0,,,,,,1,,,,
A0RF87,A0RF87_BACAH,1.0,,,,,,1,,,,
A0RFN7,A0RFN7_BACAH,1.0,,,,,,1,,,,
A0RM61,A0RM61_CAMFF,1.0,,,,,,1,,,,
A0RRC4,A0RRC4_CAMFF,1.0,,,,,,1,,,,
A0RR98,A0RR98_CAMFF,1.0,,,,,,1,,,,
A0RPY4,CMOA_CAMFF,1.0,,,,,,1,,,,
A0RPV3,CMOB_CAMFF,1.0,,,,,,1,,,,
A0RPJ5,A0RPJ5_CAMFF,1.0,,,,,,1,,,,
A0RMQ0,A0RMQ0_CAMFF,1.0,,,,,,1,,,,
A0RKM4,A0RKM4_BACAH,1.0,,,,,,1,,,,
A0RGF1,A0RGF1_BACAH,1.0,,,,,,1,,,,
A0RJY2,A0RJY2_BACAH,1.0,,,,,,1,,,,
A0RIY8,Y3960_BACAH,1.0,,,,,,1,,,,
A0RIU6,A0RIU6_BACAH,1.0,,,,,,1,,,,
A0RIB7,A0RIB7_BACAH,1.0,,,,,,1,,,,
A0RGX7,A0RGX7_BACAH,1.0,,,,,,1,,,,
A0RGS6,A0RGS6_BACAH,1.0,,,,,,1,,,,
A0R2N4,A0R2N4_MYCS2,1.0,,,,,,1,,,,
A0QXU6,A0QXU6_MYCS2,1.0,,,,,,1,,,,
A0Q9L3,A0Q9L3_MYCA1,1.0,,,,,,1,,,,
A0QXF9,A0QXF9_MYCS2,1.0,,,,,,1,,,,
A0QJH6,A0QJH6_MYCA1,1.0,,,,,,1,,,,
A0QJF1,A0QJF1_MYCA1,1.0,,,,,,1,,,,
A0QIL0,A0QIL0_MYCA1,1.0,,,,,,1,,,,
A0QIE5,A0QIE5_MYCA1,1.0,,,,,,1,,,,
A0QI17,A0QI17_MYCA1,1.0,,,,,,1,,,,
A0QHM3,A0QHM3_MYCA1,1.0,,,,,,1,,,,
A0QGY6,A0QGY6_MYCA1,1.0,,,,,,1,,,,
A0QGA7,A0QGA7_MYCA1,1.0,,,,,,1,,,,
A0QG79,A0QG79_MYCA1,1.0,,,,,,1,,,,
A0QET4,A0QET4_MYCA1,1.0,,,,,,1,,,,
A0QEQ3,A0QEQ3_MYCA1,1.0,,,,,,1,,,,
A0QEI4,A0QEI4_MYCA1,1.0,,,,,,1,,,,
A0QC95,A0QC95_MYCA1,1.0,,,,,,1,,,,
A0QBY9,A0QBY9_MYCA1,1.0,,,,,,1,,,,
A0QB35,A0QB35_MYCA1,1.0,,,,,,1,,,,
A0QJH7,A0QJH7_MYCA1,1.0,,,,,,1,,,,
A0QKL6,A0QKL6_MYCA1,1.0,,,,,,1,,,,
A0QKN0,A0QKN0_MYCA1,1.0,,,,,,1,,,,
A0QSY9,A0QSY9_MYCS2,1.0,,,,,,1,,,,
A0QWR9,A0QWR9_MYCS2,1.0,,,,,,1,,,,
A0QVN1,A0QVN1_MYCS2,1.0,,,,,,1,,,,
A0QVD8,A0QVD8_MYCS2,1.0,,,,,,1,,,,
A0QUV5,Y2350_MYCS2,1.0,,,,,,1,,,,
A0QU40,A0QU40_MYCS2,1.0,,,,,,1,,,,
A0QTM1,A0QTM1_MYCS2,1.0,,,,,,1,,,,
A0QRA9,A0QRA9_MYCS2,1.0,,,,,,1,,,,
A0QKX4,A0QKX4_MYCA1,1.0,,,,,,1,,,,
A0QRA8,A0QRA8_MYCS2,1.0,,,,,,1,,,,
A0QR68,A0QR68_MYCS2,1.0,,,,,,1,,,,
A0QPE2,A0QPE2_MYCS2,1.0,,,,,,1,,,,
A0QNM6,A0QNM6_MYCS2,1.0,,,,,,1,,,,
A0QMC8,Y4945_MYCA1,1.0,,,,,,1,,,,
A0QL82,A0QL82_MYCA1,1.0,,,,,,1,,,,
A0RRD2,A0RRD2_CAMFF,1.0,,,,,,1,,,,
A0T4G1,A0T4G1_ANOGA,1.0,,,,,,1,,,,
A1A2X4,A1A2X4_BIFAA,1.0,,,,,,1,,,,
A1A7Q1,A1A7Q1_ECOK1,1.0,,,,,,1,,,,
A1JM68,A1JM68_YERE8,1.0,,,,,,1,,,,
A1JLL3,A1JLL3_YERE8,1.0,,,,,,1,,,,
A1JKB0,A1JKB0_YERE8,1.0,,,,,,1,,,,
A1JK86,A1JK86_YERE8,1.0,,,,,,1,,,,
A1DMG9,MCES_NEOFI,1.0,,,,,,1,,,,
A1CT57,MCES_ASPCL,1.0,,,,,,1,,,,
A1BJX1,A1BJX1_CHLPD,1.0,,,,,,1,,,,
A1BIZ3,A1BIZ3_CHLPD,1.0,,,,,,1,,,,
A1BIA7,A1BIA7_CHLPD,1.0,,,,,,1,,,,
A1BG42,A1BG42_CHLPD,1.0,,,,,,1,,,,
A1BFU4,A1BFU4_CHLPD,1.0,,,,,,1,,,,
A1BCQ8,A1BCQ8_CHLPD,1.0,,,,,,1,,,,
A1BB57,A1BB57_PARDP,1.0,,,,,,1,,,,
A1BAP6,A1BAP6_PARDP,1.0,,,,,,1,,,,
A1B8Y5,A1B8Y5_PARDP,1.0,,,,,,1,,,,
A1JML6,A1JML6_YERE8,1.0,,,,,,1,,,,
A1JN12,A1JN12_YERE8,1.0,,,,,,1,,,,
A1JNV8,A1JNV8_YERE8,1.0,,,,,,1,,,,
A1K531,A1K531_AZOSB,1.0,,,,,,1,,,,
A1K9U7,A1K9U7_AZOSB,1.0,,,,,,1,,,,
A1K9C9,A1K9C9_AZOSB,1.0,,,,,,1,,,,
A1K8T1,A1K8T1_AZOSB,1.0,,,,,,1,,,,
A1K768,A1K768_AZOSB,1.0,,,,,,1,,,,
A1K6Q3,A1K6Q3_AZOSB,1.0,,,,,,1,,,,
A1K625,A1K625_AZOSB,1.0,,,,,,1,,,,
A1K3C2,A1K3C2_AZOSB,1.0,,,,,,1,,,,
A1JQH4,A1JQH4_YERE8,1.0,,,,,,1,,,,
A1K376,A1K376_AZOSB,1.0,,,,,,1,,,,
A1JSQ2,RSMJ_YERE8,1.0,,,,,,1,,,,
A1JSC6,A1JSC6_YERE8,1.0,,,,,,1,,,,
A1JSB8,A1JSB8_YERE8,1.0,,,,,,1,,,,
A1JRM4,CMOB_YERE8,1.0,,,,,,1,,,,
A1JRM2,CMOA_YERE8,1.0,,,,,,1,,,,
A1B8N6,A1B8N6_PARDP,1.0,,,,,,1,,,,
A1B7D0,A1B7D0_PARDP,1.0,,,,,,1,,,,
A1B6Q8,A1B6Q8_PARDP,1.0,,,,,,1,,,,
A1AB36,A1AB36_ECOK1,1.0,,,,,,1,,,,
A1AK10,A1AK10_PELPD,1.0,,,,,,1,,,,
A1AK09,A1AK09_PELPD,1.0,,,,,,1,,,,
A1AH34,RSMJ_ECOK1,1.0,,,,,,1,,,,
A1AC32,CMOB_ECOK1,1.0,,,,,,1,,,,
A1AC31,CMOA_ECOK1,1.0,,,,,,1,,,,
A1ABZ0,A1ABZ0_ECOK1,1.0,,,,,,1,,,,
A1AB21,A1AB21_ECOK1,1.0,,,,,,1,,,,
A1AM59,A1AM59_PELPD,1.0,,,,,,1,,,,
A1AAM6,A1AAM6_ECOK1,1.0,,,,,,1,,,,
A1AAC1,A1AAC1_ECOK1,1.0,,,,,,1,,,,
A1A9J8,A1A9J8_ECOK1,1.0,,,,,,1,,,,
A1A919,A1A919_ECOK1,1.0,,,,,,1,,,,
A1A8J7,A1A8J7_ECOK1,1.0,,,,,,1,,,,
A1A7Q4,A1A7Q4_ECOK1,1.0,,,,,,1,,,,
A1ALH5,A1ALH5_PELPD,1.0,,,,,,1,,,,
A1AMC3,A1AMC3_PELPD,1.0,,,,,,1,,,,
A1B6C3,A1B6C3_PARDP,1.0,,,,,,1,,,,
A1AVT2,A1AVT2_RUTMC,1.0,,,,,,1,,,,
A1B661,A1B661_PARDP,1.0,,,,,,1,,,,
A1B577,A1B577_PARDP,1.0,,,,,,1,,,,
A1B1R5,A1B1R5_PARDP,1.0,,,,,,1,,,,
A1B0Y4,A1B0Y4_PARDP,1.0,,,,,,1,,,,
A1AXI6,CMOA_RUTMC,1.0,,,,,,1,,,,
A1AVT4,CMOB_RUTMC,1.0,,,,,,1,,,,
A1ARH0,A1ARH0_PELPD,1.0,,,,,,1,,,,
A1AMX0,A1AMX0_PELPD,1.0,,,,,,1,,,,
A1AQS9,A1AQS9_PELPD,1.0,,,,,,1,,,,
A1AQD3,A1AQD3_PELPD,1.0,,,,,,1,,,,
A1AQC5,A1AQC5_PELPD,1.0,,,,,,1,,,,
A1AP93,A1AP93_PELPD,1.0,,,,,,1,,,,
A1AP19,A1AP19_PELPD,1.0,,,,,,1,,,,
A1ANT4,A1ANT4_PELPD,1.0,,,,,,1,,,,
A0Q9V1,A0Q9V1_MYCA1,1.0,,,,,,1,,,,
A0Q927,A0Q927_MYCA1,1.0,,,,,,1,,,,
A2RGD0,A2RGD0_STRPG,1.0,,,,,,1,,,,
A0JWB9,A0JWB9_ARTS2,1.0,,,,,,1,,,,
A0KGX6,A0KGX6_AERHH,1.0,,,,,,1,,,,
A0KEG6,RSMJ_AERHH,1.0,,,,,,1,,,,
A0KC37,A0KC37_BURCH,1.0,,,,,,1,,,,
A0KBH1,A0KBH1_BURCH,1.0,,,,,,1,,,,
A0KAS2,A0KAS2_BURCH,1.0,,,,,,1,,,,
A0KAF1,A0KAF1_BURCH,1.0,,,,,,1,,,,
A0K9K0,A0K9K0_BURCH,1.0,,,,,,1,,,,
A0K8M0,A0K8M0_BURCH,1.0,,,,,,1,,,,
A0K6K0,A0K6K0_BURCH,1.0,,,,,,1,,,,
A0K6B1,A0K6B1_BURCH,1.0,,,,,,1,,,,
A0K424,A0K424_BURCH,1.0,,,,,,1,,,,
A0K1M0,A0K1M0_ARTS2,1.0,,,,,,1,,,,
A0JYZ7,A0JYZ7_ARTS2,1.0,,,,,,1,,,,
A0JYB6,A0JYB6_ARTS2,1.0,,,,,,1,,,,
A0JX01,A0JX01_ARTS2,1.0,,,,,,1,,,,
A0KH36,A0KH36_AERHH,1.0,,,,,,1,,,,
A0KIC8,A0KIC8_AERHH,1.0,,,,,,1,,,,
A0KIF5,CMOB_AERHH,1.0,,,,,,1,,,,
A0KSM7,A0KSM7_SHESA,1.0,,,,,,1,,,,
A0KXS8,A0KXS8_SHESA,1.0,,,,,,1,,,,
A0KXF9,A0KXF9_SHESA,1.0,,,,,,1,,,,
A0KWL3,CMOA_SHESA,1.0,,,,,,1,,,,
A0KWL2,CMOB_SHESA,1.0,,,,,,1,,,,
A0KVH5,A0KVH5_SHESA,1.0,,,,,,1,,,,
A0KSQ0,TPMT_SHESA,1.0,,,,,,1,,,,
A0KQN5,A0KQN5_AERHH,1.0,,,,,,1,,,,
A0KIF6,CMOA_AERHH,1.0,,,,,,1,,,,
A0KNN8,A0KNN8_AERHH,1.0,,,,,,1,,,,
A0KMB6,A0KMB6_AERHH,1.0,,,,,,1,,,,
A0KKV2,A0KKV2_AERHH,1.0,,,,,,1,,,,
A0KJS6,A0KJS6_AERHH,1.0,,,,,,1,,,,
A0KJ13,A0KJ13_AERHH,1.0,,,,,,1,,,,
A0KIK3,A0KIK3_AERHH,1.0,,,,,,1,,,,
A0JWK4,A0JWK4_ARTS2,1.0,,,,,,1,,,,
A0JTT3,A0JTT3_ARTS2,1.0,,,,,,1,,,,
A0Q814,RSMJ_FRATN,1.0,,,,,,1,,,,
A0JTQ0,A0JTQ0_ARTS2,1.0,,,,,,1,,,,
A0AIT4,A0AIT4_LISW6,1.0,,,,,,1,,,,
A0AIA9,A0AIA9_LISW6,1.0,,,,,,1,,,,
A0AG90,A0AG90_LISW6,1.0,,,,,,1,,,,
A0AFX8,A0AFX8_LISW6,1.0,,,,,,1,,,,
A0A0A0LMT8,A0A0A0LMT8_CUCSA,1.0,1,,,,,,,,,
A0A0A0L3H6,A0A0A0L3H6_CUCSA,1.0,1,,,,,,,,,
A0A096PXT9,A0A096PXT9_MAIZE,1.0,1,,,,,,,,,
A0A096N913,A0A096N913_PAPAN,1.0,,1,,,,,,,,
A0A096MTA3,A0A096MTA3_PAPAN,1.0,,1,,,,,,,,
A0A088A8Y1,A0A088A8Y1_APIME,1.0,1,,,,,,,,,
A0A087X712,A0A087X712_POEFO,1.0,,1,,,,,,,,
A0A087X6S3,A0A087X6S3_POEFO,1.0,,1,,,,,,,,
A0A067GZU8,A0A067GZU8_CITSI,1.0,1,,,,,,,,,
A0A067GQA0,A0A067GQA0_CITSI,1.0,1,,,,,,,,,
A0A061G735,A0A061G735_THECC,1.0,1,,,,,,,,,
A0AJB7,A0AJB7_LISW6,1.0,,,,,,1,,,,
A0AJX8,A0AJX8_LISW6,1.0,,,,,,1,,,,
A0ANP8,A0ANP8_DROME,1.0,,,,,,1,,,,
A0B6T5,A0B6T5_METTP,1.0,,,,,,1,,,,
A0JRR7,A0JRR7_ARTS2,1.0,,,,,,1,,,,
A0JRC7,A0JRC7_ARTS2,1.0,,,,,,1,,,,
A0JR49,A0JR49_ARTS2,1.0,,,,,,1,,,,
A0D9E2,A0D9E2_PARTE,1.0,1,,,,,,,,,
A0B9B4,A0B9B4_METTP,1.0,,,,,,1,,,,
A0B834,A0B834_METTP,1.0,,,,,,1,,,,
A0B6F4,A0B6F4_METTP,1.0,,,,,,1,,,,
A0AXE9,A0AXE9_BURCH,1.0,,,,,,1,,,,
A0B697,A0B697_METTP,1.0,,,,,,1,,,,
A0B2T6,A0B2T6_BURCH,1.0,,,,,,1,,,,
A0B0A1,A0B0A1_BURCH,1.0,,,,,,1,,,,
A0AZR4,A0AZR4_BURCH,1.0,,,,,,1,,,,
A0AYV9,A0AYV9_BURCH,1.0,,,,,,1,,,,
A0AYG5,A0AYG5_BURCH,1.0,,,,,,1,,,,
A0KY23,A0KY23_SHESA,1.0,,,,,,1,,,,
A0KY77,A0KY77_SHESA,1.0,,,,,,1,,,,
A0KYC8,A0KYC8_SHESA,1.0,,,,,,1,,,,
A0KZT3,A0KZT3_SHESA,1.0,,,,,,1,,,,
A0PPU2,A0PPU2_MYCUA,1.0,,,,,,1,,,,
A0PPU1,A0PPU1_MYCUA,1.0,,,,,,1,,,,
A0PPK8,A0PPK8_MYCUA,1.0,,,,,,1,,,,
A0PPK5,A0PPK5_MYCUA,1.0,,,,,,1,,,,
A0PNY2,A0PNY2_MYCUA,1.0,,,,,,1,,,,
A0PNQ0,A0PNQ0_MYCUA,1.0,,,,,,1,,,,
A0PND5,A0PND5_MYCUA,1.0,,,,,,1,,,,
A0PMY7,Y1123_MYCUA,1.0,,,,,,1,,,,
A0PMN5,A0PMN5_MYCUA,1.0,,,,,,1,,,,
A0PLX6,A0PLX6_MYCUA,1.0,,,,,,1,,,,
A0PLV7,A0PLV7_MYCUA,1.0,,,,,,1,,,,
A0PL71,A0PL71_MYCUA,1.0,,,,,,1,,,,
A0PKI3,A0PKI3_MYCUA,1.0,,,,,,1,,,,
A0NG38,A0NG38_ANOGA,1.0,,,,,,1,,,,
A0MFN9,A0MFN9_ARATH,1.0,,,,,,1,,,,
A0PPV9,A0PPV9_MYCUA,1.0,,,,,,1,,,,
A0PQ29,PHMT2_MYCUA,1.0,,,,,,1,,,,
A0PQQ0,A0PQQ0_MYCUA,1.0,,,,,,1,,,,
A0PYQ2,A0PYQ2_CLONN,1.0,,,,,,1,,,,
A0Q729,A0Q729_FRATN,1.0,,,,,,1,,,,
A0Q538,A0Q538_FRATN,1.0,,,,,,1,,,,
A0Q3W9,TPMT_FRATN,1.0,,,,,,1,,,,
A0Q2I5,A0Q2I5_CLONN,1.0,,,,,,1,,,,
A0Q0C0,A0Q0C0_CLONN,1.0,,,,,,1,,,,
A0PZM6,A0PZM6_CLONN,1.0,,,,,,1,,,,
A0PWQ0,A0PWQ0_MYCUA,1.0,,,,,,1,,,,
A0PQX0,PHMT1_MYCUA,1.0,,,,,,1,,,,
A0PTB6,A0PTB6_MYCUA,1.0,,,,,,1,,,,
A0PT31,A0PT31_MYCUA,1.0,,,,,,1,,,,
A0PT02,A0PT02_MYCUA,1.0,,,,,,1,,,,
A0PS18,A0PS18_MYCUA,1.0,,,,,,1,,,,
A0PS08,A0PS08_MYCUA,1.0,,,,,,1,,,,
A0PRU9,A0PRU9_MYCUA,1.0,,,,,,1,,,,
A0M7F4,A0M7F4_GRAFK,1.0,,,,,,1,,,,
A0M610,A0M610_GRAFK,1.0,,,,,,1,,,,
A0M419,A0M419_GRAFK,1.0,,,,,,1,,,,
A0L874,A0L874_MAGSM,1.0,,,,,,1,,,,
A0LEW5,A0LEW5_SYNFM,1.0,,,,,,1,,,,
A0LET9,A0LET9_SYNFM,1.0,,,,,,1,,,,
A0LCI8,A0LCI8_MAGSM,1.0,,,,,,1,,,,
A0LAM1,A0LAM1_MAGSM,1.0,,,,,,1,,,,
A0LAD7,A0LAD7_MAGSM,1.0,,,,,,1,,,,
A0L8U7,RSMJ_MAGSM,1.0,,,,,,1,,,,
A0L7G8,A0L7G8_MAGSM,1.0,,,,,,1,,,,
A0LFK8,A0LFK8_SYNFM,1.0,,,,,,1,,,,
A0L6I1,A0L6I1_MAGSM,1.0,,,,,,1,,,,
A0L4Z7,A0L4Z7_MAGSM,1.0,,,,,,1,,,,
A0L4T9,A0L4T9_MAGSM,1.0,,,,,,1,,,,
A0L3L9,BIOC_MAGSM,1.0,,,,,,1,,,,
A0L2I5,RSMJ_SHESA,1.0,,,,,,1,,,,
A0L0H1,A0L0H1_SHESA,1.0,,,,,,1,,,,
A0LF53,A0LF53_SYNFM,1.0,,,,,,1,,,,
A0LGR4,A0LGR4_SYNFM,1.0,,,,,,1,,,,
A0M415,A0M415_GRAFK,1.0,,,,,,1,,,,
A0LPL9,A0LPL9_SYNFM,1.0,,,,,,1,,,,
A0M1F2,A0M1F2_GRAFK,1.0,,,,,,1,,,,
A0LYT2,A0LYT2_GRAFK,1.0,,,,,,1,,,,
A0LVU2,A0LVU2_ACIC1,1.0,,,,,,1,,,,
A0LV63,A0LV63_ACIC1,1.0,,,,,,1,,,,
A0LS52,A0LS52_ACIC1,1.0,,,,,,1,,,,
A0LQD5,A0LQD5_SYNFM,1.0,,,,,,1,,,,
A0LP81,A0LP81_SYNFM,1.0,,,,,,1,,,,
A0LGR6,A0LGR6_SYNFM,1.0,,,,,,1,,,,
A0LP21,A0LP21_SYNFM,1.0,,,,,,1,,,,
A0LNM1,A0LNM1_SYNFM,1.0,,,,,,1,,,,
A0LND4,A0LND4_SYNFM,1.0,,,,,,1,,,,
A0LLK0,A0LLK0_SYNFM,1.0,,,,,,1,,,,
A0LHV2,A0LHV2_SYNFM,1.0,,,,,,1,,,,
A0LGV1,A0LGV1_SYNFM,1.0,,,,,,1,,,,
A1KBK5,A1KBK5_AZOSB,1.0,,,,,,1,,,,
A1KBW6,A1KBW6_AZOSB,1.0,,,,,,1,,,,
A1KCN2,A1KCN2_AZOSB,1.0,,,,,,1,,,,
A1UQZ3,A1UQZ3_BARBK,1.0,,,,,,1,,,,
A1VDS8,A1VDS8_DESVV,1.0,,,,,,1,,,,
A1V8J7,A1V8J7_BURMS,1.0,,,,,,1,,,,
A1V7J7,A1V7J7_BURMS,1.0,,,,,,1,,,,
A1V748,A1V748_BURMS,1.0,,,,,,1,,,,
A1V5W1,A1V5W1_BURMS,1.0,,,,,,1,,,,
A1V5U4,A1V5U4_BURMS,1.0,,,,,,1,,,,
A1V5J0,A1V5J0_BURMS,1.0,,,,,,1,,,,
A1V3U9,A1V3U9_BURMS,1.0,,,,,,1,,,,
A1V306,A1V306_BURMS,1.0,,,,,,1,,,,
A1V1I9,A1V1I9_BURMS,1.0,,,,,,1,,,,
A1UZX0,A1UZX0_BURMS,1.0,,,,,,1,,,,
A1UZS2,A1UZS2_BURMS,1.0,,,,,,1,,,,
A1UZI2,A1UZI2_BURMS,1.0,,,,,,1,,,,
A1UYK8,A1UYK8_BURMS,1.0,,,,,,1,,,,
A1UUZ7,A1UUZ7_BURMS,1.0,,,,,,1,,,,
A1VG37,A1VG37_DESVV,1.0,,,,,,1,,,,
A1VJ67,A1VJ67_POLNA,1.0,,,,,,1,,,,
A1VKL5,A1VKL5_POLNA,1.0,,,,,,1,,,,
A1VXQ4,A1VXQ4_CAMJJ,1.0,,,,,,1,,,,
A1W4S4,A1W4S4_ACISJ,1.0,,,,,,1,,,,
A1W133,A1W133_CAMJJ,1.0,,,,,,1,,,,
A1VZW5,CMOB_CAMJJ,1.0,,,,,,1,,,,
A1VYV0,CMOA_CAMJJ,1.0,,,,,,1,,,,
A1VY23,A1VY23_CAMJJ,1.0,,,,,,1,,,,
A1VXY5,A1VXY5_CAMJJ,1.0,,,,,,1,,,,
A1VXQ3,A1VXQ3_CAMJJ,1.0,,,,,,1,,,,
A1VL15,A1VL15_POLNA,1.0,,,,,,1,,,,
A1VWI2,A1VWI2_POLNA,1.0,,,,,,1,,,,
A1VUR3,A1VUR3_POLNA,1.0,,,,,,1,,,,
A1VT99,A1VT99_POLNA,1.0,,,,,,1,,,,
A1VMW4,A1VMW4_POLNA,1.0,,,,,,1,,,,
A1VLI4,A1VLI4_POLNA,1.0,,,,,,1,,,,
A1VL21,A1VL21_POLNA,1.0,,,,,,1,,,,
A1URT2,A1URT2_BARBK,1.0,,,,,,1,,,,
A1UNH0,A1UNH0_MYCSK,1.0,,,,,,1,,,,
A1KER0,A1KER0_MYCBP,1.0,,,,,,1,,,,
A1UMU7,A1UMU7_MYCSK,1.0,,,,,,1,,,,
A1U9F6,A1U9F6_MYCSK,1.0,,,,,,1,,,,
A1U9D7,Y228_MYCSK,1.0,,,,,,1,,,,
A1U560,TPMT_MARHV,1.0,,,,,,1,,,,
A1U4B9,CMOB_MARHV,1.0,,,,,,1,,,,
A1U4B8,CMOA_MARHV,1.0,,,,,,1,,,,
A1U4B0,A1U4B0_MARHV,1.0,,,,,,1,,,,
A1U2T9,RSMJ_MARHV,1.0,,,,,,1,,,,
A1U2P0,A1U2P0_MARHV,1.0,,,,,,1,,,,
A1U0V0,A1U0V0_MARHV,1.0,,,,,,1,,,,
A1U0M8,A1U0M8_MARHV,1.0,,,,,,1,,,,
A1U0A3,A1U0A3_MARHV,1.0,,,,,,1,,,,
A1TY13,A1TY13_MARHV,1.0,,,,,,1,,,,
A1TWH0,A1TWH0_ACIAC,1.0,,,,,,1,,,,
A1TW19,A1TW19_ACIAC,1.0,,,,,,1,,,,
A1TU13,A1TU13_ACIAC,1.0,,,,,,1,,,,
A1U9Z6,A1U9Z6_MYCSK,1.0,,,,,,1,,,,
A1UBG5,A1UBG5_MYCSK,1.0,,,,,,1,,,,
A1UC59,A1UC59_MYCSK,1.0,,,,,,1,,,,
A1UF20,A1UF20_MYCSK,1.0,,,,,,1,,,,
A1UKW1,A1UKW1_MYCSK,1.0,,,,,,1,,,,
A1UKK9,A1UKK9_MYCSK,1.0,,,,,,1,,,,
A1UKH2,A1UKH2_MYCSK,1.0,,,,,,1,,,,
A1UIH6,A1UIH6_MYCSK,1.0,,,,,,1,,,,
A1UID7,A1UID7_MYCSK,1.0,,,,,,1,,,,
A1UH71,A1UH71_MYCSK,1.0,,,,,,1,,,,
A1UES2,A1UES2_MYCSK,1.0,,,,,,1,,,,
A1UC77,A1UC77_MYCSK,1.0,,,,,,1,,,,
A1UEF1,A1UEF1_MYCSK,1.0,,,,,,1,,,,
A1UE56,A1UE56_MYCSK,1.0,,,,,,1,,,,
A1UE49,A1UE49_MYCSK,1.0,,,,,,1,,,,
A1UE48,A1UE48_MYCSK,1.0,,,,,,1,,,,
A1UDZ4,A1UDZ4_MYCSK,1.0,,,,,,1,,,,
A1UDA6,A1UDA6_MYCSK,1.0,,,,,,1,,,,
A1W6Q7,A1W6Q7_ACISJ,1.0,,,,,,1,,,,
A1W7V2,A1W7V2_ACISJ,1.0,,,,,,1,,,,
A1W8B1,A1W8B1_ACISJ,1.0,,,,,,1,,,,
A1WBM7,A1WBM7_ACISJ,1.0,,,,,,1,,,,
A2CB47,A2CB47_PROM3,1.0,,,,,,1,,,,
A2CAD6,A2CAD6_PROM3,1.0,,,,,,1,,,,
A2CAD5,A2CAD5_PROM3,1.0,,,,,,1,,,,
A2CA64,A2CA64_PROM3,1.0,,,,,,1,,,,
A2C7Q5,A2C7Q5_PROM3,1.0,,,,,,1,,,,
A2C6W7,A2C6W7_PROM3,1.0,,,,,,1,,,,
A2C6D7,A2C6D7_PROM3,1.0,,,,,,1,,,,
A2C6C2,A2C6C2_PROM3,1.0,,,,,,1,,,,
A2C5A4,A2C5A4_PROM1,1.0,,,,,,1,,,,
A2C4W7,A2C4W7_PROM1,1.0,,,,,,1,,,,
A2C4U2,A2C4U2_PROM1,1.0,,,,,,1,,,,
A2C3Y7,A2C3Y7_PROM1,1.0,,,,,,1,,,,
A2C1H0,A2C1H0_PROM1,1.0,,,,,,1,,,,
A2BZE8,A2BZE8_PROM1,1.0,,,,,,1,,,,
A2BYN1,A2BYN1_PROM5,1.0,,,,,,1,,,,
A2CBD3,A2CBD3_PROM3,1.0,,,,,,1,,,,
A2CC91,A2CC91_PROM3,1.0,,,,,,1,,,,
A2CDW5,A2CDW5_PROM3,1.0,,,,,,1,,,,
A2FJH1,A2FJH1_TRIVA,1.0,,,,,,1,,,,
A2RG84,A2RG84_STRPG,1.0,,,,,,1,,,,
A2RDG6,A2RDG6_STRPG,1.0,,,,,,1,,,,
A2QVS9,MCES_ASPNC,1.0,,,,,,1,,,,
A2GIP8,A2GIP8_TRIVA,1.0,,,,,,1,,,,
A2FYD5,A2FYD5_TRIVA,1.0,,,,,,1,,,,
A2FPG1,A2FPG1_TRIVA,1.0,,,,,,1,,,,
A2FH79,A2FH79_TRIVA,1.0,,,,,,1,,,,
A2DHB5,A2DHB5_TRIVA,1.0,,,,,,1,,,,
A2FEZ1,A2FEZ1_TRIVA,1.0,,,,,,1,,,,
A2F0C3,A2F0C3_TRIVA,1.0,,,,,,1,,,,
A2E7Y7,A2E7Y7_TRIVA,1.0,,,,,,1,,,,
A2E549,A2E549_TRIVA,1.0,,,,,,1,,,,
A2DNX4,A2DNX4_TRIVA,1.0,,,,,,1,,,,
A2DME7,A2DME7_TRIVA,1.0,,,,,,1,,,,
A2BVX5,A2BVX5_PROM5,1.0,,,,,,1,,,,
A2BT80,A2BT80_PROMS,1.0,,,,,,1,,,,
A2BT44,A2BT44_PROMS,1.0,,,,,,1,,,,
A1WR63,A1WR63_VEREI,1.0,,,,,,1,,,,
A1WVP8,A1WVP8_HALHL,1.0,,,,,,1,,,,
A1WVM4,BIOC_HALHL,1.0,,,,,,1,,,,
A1WVL4,A1WVL4_HALHL,1.0,,,,,,1,,,,
A1WV90,A1WV90_HALHL,1.0,,,,,,1,,,,
A1WTZ4,A1WTZ4_HALHL,1.0,,,,,,1,,,,
A1WSD3,A1WSD3_VEREI,1.0,,,,,,1,,,,
A1WIG0,A1WIG0_VEREI,1.0,,,,,,1,,,,
A1WVZ3,A1WVZ3_HALHL,1.0,,,,,,1,,,,
A1WH52,A1WH52_VEREI,1.0,,,,,,1,,,,
A1WFL0,A1WFL0_VEREI,1.0,,,,,,1,,,,
A1WFG8,A1WFG8_VEREI,1.0,,,,,,1,,,,
A1WFA9,A1WFA9_VEREI,1.0,,,,,,1,,,,
A1WE81,A1WE81_VEREI,1.0,,,,,,1,,,,
A1WDA0,A1WDA0_ACISJ,1.0,,,,,,1,,,,
A1WVY2,A1WVY2_HALHL,1.0,,,,,,1,,,,
A1WWT8,A1WWT8_HALHL,1.0,,,,,,1,,,,
A2BSG7,A2BSG7_PROMS,1.0,,,,,,1,,,,
A2BIV8,A2BIV8_HYPBU,1.0,,,,,,1,,,,
A2BSC8,A2BSC8_PROMS,1.0,,,,,,1,,,,
A2BMB4,A2BMB4_HYPBU,1.0,,,,,,1,,,,
A2BM95,A2BM95_HYPBU,1.0,,,,,,1,,,,
A2BM10,A2BM10_HYPBU,1.0,,,,,,1,,,,
A2BJQ7,A2BJQ7_HYPBU,1.0,,,,,,1,,,,
A2BJI4,A2BJI4_HYPBU,1.0,,,,,,1,,,,
A2AV36,ANM7_DANRE,1.0,,,,,,1,,,,
A1WX98,A1WX98_HALHL,1.0,,,,,,1,,,,
A2APY7,NDUF5_MOUSE,1.0,,,,,,1,,,,
A1WYS6,RSMJ_HALHL,1.0,,,,,,1,,,,
A1WXN0,A1WXN0_HALHL,1.0,,,,,,1,,,,
A1WXM9,A1WXM9_HALHL,1.0,,,,,,1,,,,
A1WXM2,A1WXM2_HALHL,1.0,,,,,,1,,,,
A1WXG4,A1WXG4_HALHL,1.0,,,,,,1,,,,
A1TSF8,A1TSF8_ACIAC,1.0,,,,,,1,,,,
A1TQI6,A1TQI6_ACIAC,1.0,,,,,,1,,,,
A1TLU1,A1TLU1_ACIAC,1.0,,,,,,1,,,,
A1RX44,A1RX44_THEPD,1.0,,,,,,1,,,,
A1RJQ9,CMOB_SHESW,1.0,,,,,,1,,,,
A1RJQ8,CMOA_SHESW,1.0,,,,,,1,,,,
A1RIN0,A1RIN0_SHESW,1.0,,,,,,1,,,,
A1RIK7,A1RIK7_SHESW,1.0,,,,,,1,,,,
A1RII0,A1RII0_SHESW,1.0,,,,,,1,,,,
A1RFQ1,TPMT_SHESW,1.0,,,,,,1,,,,
A1RFN1,A1RFN1_SHESW,1.0,,,,,,1,,,,
A1RFH2,A1RFH2_SHESW,1.0,,,,,,1,,,,
A1RC60,A1RC60_ARTAT,1.0,,,,,,1,,,,
A1RAR4,A1RAR4_ARTAT,1.0,,,,,,1,,,,
A1RAI2,A1RAI2_ARTAT,1.0,,,,,,1,,,,
A1R9M1,A1R9M1_ARTAT,1.0,,,,,,1,,,,
A1R8M4,A1R8M4_ARTAT,1.0,,,,,,1,,,,
A1R6S2,A1R6S2_ARTAT,1.0,,,,,,1,,,,
A1R5B5,A1R5B5_ARTAT,1.0,,,,,,1,,,,
A1RK77,A1RK77_SHESW,1.0,,,,,,1,,,,
A1RKT0,A1RKT0_SHESW,1.0,,,,,,1,,,,
A1RMH3,A1RMH3_SHESW,1.0,,,,,,1,,,,
A1RTY0,A1RTY0_PYRIL,1.0,,,,,,1,,,,
A1RUM4,A1RUM4_PYRIL,1.0,,,,,,1,,,,
A1RUL5,A1RUL5_PYRIL,1.0,,,,,,1,,,,
A1RUJ3,A1RUJ3_PYRIL,1.0,,,,,,1,,,,
A1RUC1,A1RUC1_PYRIL,1.0,,,,,,1,,,,
A1RU69,A1RU69_PYRIL,1.0,,,,,,1,,,,
A1RU29,A1RU29_PYRIL,1.0,,,,,,1,,,,
A1RTQ2,A1RTQ2_PYRIL,1.0,,,,,,1,,,,
A1RN34,A1RN34_SHESW,1.0,,,,,,1,,,,
A1RSM6,A1RSM6_PYRIL,1.0,,,,,,1,,,,
A1RSM5,A1RSM5_PYRIL,1.0,,,,,,1,,,,
A1RRK2,A1RRK2_PYRIL,1.0,,,,,,1,,,,
A1RRH5,A1RRH5_PYRIL,1.0,,,,,,1,,,,
A1RQ25,RSMJ_SHESW,1.0,,,,,,1,,,,
A1RNY4,A1RNY4_SHESW,1.0,,,,,,1,,,,
A1R1L6,A1R1L6_ARTAT,1.0,,,,,,1,,,,
A1L1Q4,A1L1Q4_DANRE,1.0,,,,,,1,,,,
A1KVF4,A1KVF4_NEIMF,1.0,,,,,,1,,,,
A1KIG6,A1KIG6_MYCBP,1.0,,,,,,1,,,,
A1KK47,A1KK47_MYCBP,1.0,,,,,,1,,,,
A1KJ13,A1KJ13_MYCBP,1.0,,,,,,1,,,,
A1KIV3,A1KIV3_MYCBP,1.0,,,,,,1,,,,
A1KIT9,A1KIT9_MYCBP,1.0,,,,,,1,,,,
A1KIJ4,A1KIJ4_MYCBP,1.0,,,,,,1,,,,
A1KIJ2,A1KIJ2_MYCBP,1.0,,,,,,1,,,,
A1KGX1,A1KGX1_MYCBP,1.0,,,,,,1,,,,
A1KKV2,A1KKV2_MYCBP,1.0,,,,,,1,,,,
A1KG44,A1KG44_MYCBP,1.0,,,,,,1,,,,
A1KG37,Y605_MYCBP,1.0,,,,,,1,,,,
A1KFZ6,A1KFZ6_MYCBP,1.0,,,,,,1,,,,
A1KFF1,A1KFF1_MYCBP,1.0,,,,,,1,,,,
A1KFE8,A1KFE8_MYCBP,1.0,,,,,,1,,,,
A1KF44,Y261_MYCBP,1.0,,,,,,1,,,,
A1KKB3,A1KKB3_MYCBP,1.0,,,,,,1,,,,
A1KLX4,A1KLX4_MYCBP,1.0,,,,,,1,,,,
A1KV29,RSMJ_NEIMF,1.0,,,,,,1,,,,
A1KQ30,A1KQ30_MYCBP,1.0,,,,,,1,,,,
A1KUC5,A1KUC5_NEIMF,1.0,,,,,,1,,,,
A1KUA2,A1KUA2_NEIMF,1.0,,,,,,1,,,,
A1KTK8,A1KTK8_NEIMF,1.0,,,,,,1,,,,
A1KT10,A1KT10_NEIMF,1.0,,,,,,1,,,,
A1KRV0,A1KRV0_NEIMF,1.0,,,,,,1,,,,
A1KQ61,A1KQ61_MYCBP,1.0,,,,,,1,,,,
A1KP33,A1KP33_MYCBP,1.0,,,,,,1,,,,
A1KM13,A1KM13_MYCBP,1.0,,,,,,1,,,,
A1KN35,A1KN35_MYCBP,1.0,,,,,,1,,,,
A1KN34,A1KN34_MYCBP,1.0,,,,,,1,,,,
A1KN26,A1KN26_MYCBP,1.0,,,,,,1,,,,
A1KMV0,A1KMV0_MYCBP,1.0,,,,,,1,,,,
A1KMU9,A1KMU9_MYCBP,1.0,,,,,,1,,,,
A1KMU6,PHMT_MYCBP,1.0,,,,,,1,,,,
A1RUM5,A1RUM5_PYRIL,1.0,,,,,,1,,,,
A1RZ01,A1RZ01_THEPD,1.0,,,,,,1,,,,
A1TKW6,A1TKW6_ACIAC,1.0,,,,,,1,,,,
A1RZG2,A1RZG2_THEPD,1.0,,,,,,1,,,,
A1T6R6,A1T6R6_MYCVP,1.0,,,,,,1,,,,
A1T6E8,A1T6E8_MYCVP,1.0,,,,,,1,,,,
A1T6A9,A1T6A9_MYCVP,1.0,,,,,,1,,,,
A1T5D2,A1T5D2_MYCVP,1.0,,,,,,1,,,,
A1T5B5,A1T5B5_MYCVP,1.0,,,,,,1,,,,
A1T4J7,A1T4J7_MYCVP,1.0,,,,,,1,,,,
A1T1P0,Y241_MYCVP,1.0,,,,,,1,,,,
A1SZT1,A1SZT1_PSYIN,1.0,,,,,,1,,,,
A1SYH7,RSMJ_PSYIN,1.0,,,,,,1,,,,
A1SXY9,A1SXY9_PSYIN,1.0,,,,,,1,,,,
A1SXQ0,A1SXQ0_PSYIN,1.0,,,,,,1,,,,
A1SXN0,A1SXN0_PSYIN,1.0,,,,,,1,,,,
A1SW29,A1SW29_PSYIN,1.0,,,,,,1,,,,
A1SVI0,A1SVI0_PSYIN,1.0,,,,,,1,,,,
A1SVB3,A1SVB3_PSYIN,1.0,,,,,,1,,,,
A1T6V5,A1T6V5_MYCVP,1.0,,,,,,1,,,,
A1T6V6,A1T6V6_MYCVP,1.0,,,,,,1,,,,
A1T6W3,A1T6W3_MYCVP,1.0,,,,,,1,,,,
A1TCF9,A1TCF9_MYCVP,1.0,,,,,,1,,,,
A1TJX1,A1TJX1_ACIAC,1.0,,,,,,1,,,,
A1TJE4,A1TJE4_ACIAC,1.0,,,,,,1,,,,
A1TGI3,A1TGI3_MYCVP,1.0,,,,,,1,,,,
A1TGE1,A1TGE1_MYCVP,1.0,,,,,,1,,,,
A1TFY5,A1TFY5_MYCVP,1.0,,,,,,1,,,,
A1TE65,A1TE65_MYCVP,1.0,,,,,,1,,,,
A1TCA4,A1TCA4_MYCVP,1.0,,,,,,1,,,,
A1T7F1,A1T7F1_MYCVP,1.0,,,,,,1,,,,
A1TBV1,A1TBV1_MYCVP,1.0,,,,,,1,,,,
A1TBJ7,A1TBJ7_MYCVP,1.0,,,,,,1,,,,
A1TA44,A1TA44_MYCVP,1.0,,,,,,1,,,,
A1T9A4,A1T9A4_MYCVP,1.0,,,,,,1,,,,
A1T7X3,A1T7X3_MYCVP,1.0,,,,,,1,,,,
A1T7I3,A1T7I3_MYCVP,1.0,,,,,,1,,,,
A1SUM0,A1SUM0_PSYIN,1.0,,,,,,1,,,,
A1STN4,A1STN4_PSYIN,1.0,,,,,,1,,,,
A1SST5,CMOA_PSYIN,1.0,,,,,,1,,,,
A1S5Q6,A1S5Q6_SHEAM,1.0,,,,,,1,,,,
A1SAE5,A1SAE5_SHEAM,1.0,,,,,,1,,,,
A1S783,A1S783_SHEAM,1.0,,,,,,1,,,,
A1S720,A1S720_SHEAM,1.0,,,,,,1,,,,
A1S6T2,A1S6T2_SHEAM,1.0,,,,,,1,,,,
A1S6P5,CMOB_SHEAM,1.0,,,,,,1,,,,
A1S6P4,CMOA_SHEAM,1.0,,,,,,1,,,,
A1S5J1,A1S5J1_SHEAM,1.0,,,,,,1,,,,
A1SCE0,A1SCE0_NOCSJ,1.0,,,,,,1,,,,
A1S3T3,A1S3T3_SHEAM,1.0,,,,,,1,,,,
A1S361,A1S361_SHEAM,1.0,,,,,,1,,,,
A1S2Z7,TPMT_SHEAM,1.0,,,,,,1,,,,
A1S1V6,A1S1V6_SHEAM,1.0,,,,,,1,,,,
A1S0Y1,A1S0Y1_THEPD,1.0,,,,,,1,,,,
A1S003,A1S003_THEPD,1.0,,,,,,1,,,,
A1SBL0,RSMJ_SHEAM,1.0,,,,,,1,,,,
A1SDL9,A1SDL9_NOCSJ,1.0,,,,,,1,,,,
A1SST4,CMOB_PSYIN,1.0,,,,,,1,,,,
A1SLZ5,A1SLZ5_NOCSJ,1.0,,,,,,1,,,,
A1SS87,A1SS87_PSYIN,1.0,,,,,,1,,,,
A1SQF9,A1SQF9_NOCSJ,1.0,,,,,,1,,,,
A1SQ64,A1SQ64_NOCSJ,1.0,,,,,,1,,,,
A1SPI0,A1SPI0_NOCSJ,1.0,,,,,,1,,,,
A1SMW3,A1SMW3_NOCSJ,1.0,,,,,,1,,,,
A1SM36,A1SM36_NOCSJ,1.0,,,,,,1,,,,
A1SL94,A1SL94_NOCSJ,1.0,,,,,,1,,,,
A1SEL6,A1SEL6_NOCSJ,1.0,,,,,,1,,,,
A1SL16,A1SL16_NOCSJ,1.0,,,,,,1,,,,
A1SL07,A1SL07_NOCSJ,1.0,,,,,,1,,,,
A1SK10,A1SK10_NOCSJ,1.0,,,,,,1,,,,
A1SJ57,A1SJ57_NOCSJ,1.0,,,,,,1,,,,
A1SIR7,A1SIR7_NOCSJ,1.0,,,,,,1,,,,
A1SIB7,A1SIB7_NOCSJ,1.0,,,,,,1,,,,
A5BHV9,A5BHV9_VITVI,1.0,,,,,,1,,,,
A5BL91,A5BL91_VITVI,1.0,,,,,,1,,,,
A5BN61,A5BN61_VITVI,1.0,,,,,,1,,,,
A8AF99,A8AF99_CITK8,1.0,,,,,,1,,,,
A8ERM4,A8ERM4_ARCB4,1.0,,,,,,1,,,,
A8EQT7,A8EQT7_ARCB4,1.0,,,,,,1,,,,
A8DWR3,A8DWR3_NEMVE,1.0,,,,,,1,,,,
A8DWI0,A8DWI0_NEMVE,1.0,,,,,,1,,,,
A8AR83,RSMJ_CITK8,1.0,,,,,,1,,,,
A8AR39,A8AR39_CITK8,1.0,,,,,,1,,,,
A8AKR4,A8AKR4_CITK8,1.0,,,,,,1,,,,
A8AKR1,A8AKR1_CITK8,1.0,,,,,,1,,,,
A8AJ10,A8AJ10_CITK8,1.0,,,,,,1,,,,
A8AIF8,A8AIF8_CITK8,1.0,,,,,,1,,,,
A8AHH4,A8AHH4_CITK8,1.0,,,,,,1,,,,
A8AGI7,A8AGI7_CITK8,1.0,,,,,,1,,,,
A8AFT2,A8AFT2_CITK8,1.0,,,,,,1,,,,
A8AFN3,A8AFN3_CITK8,1.0,,,,,,1,,,,
A8AFH1,CMOA_CITK8,1.0,,,,,,1,,,,
A8ERN2,A8ERN2_ARCB4,1.0,,,,,,1,,,,
A8ESR9,A8ESR9_ARCB4,1.0,,,,,,1,,,,
A8ETR0,A8ETR0_ARCB4,1.0,,,,,,1,,,,
A8EZA7,A8EZA7_RICCK,1.0,,,,,,1,,,,
A8F1Y0,A8F1Y0_RICM5,1.0,,,,,,1,,,,
A8F1S3,A8F1S3_RICM5,1.0,,,,,,1,,,,
A8F0J6,A8F0J6_RICM5,1.0,,,,,,1,,,,
A8F0F8,A8F0F8_RICM5,1.0,,,,,,1,,,,
A8F0D3,A8F0D3_RICM5,1.0,,,,,,1,,,,
A8EZY9,A8EZY9_RICCK,1.0,,,,,,1,,,,
A8EYQ9,A8EYQ9_RICCK,1.0,,,,,,1,,,,
A8EUD5,CMOB_ARCB4,1.0,,,,,,1,,,,
A8EYL1,A8EYL1_RICCK,1.0,,,,,,1,,,,
A8EXF5,A8EXF5_RICCK,1.0,,,,,,1,,,,
A8EX94,A8EX94_RICCK,1.0,,,,,,1,,,,
A8EX62,A8EX62_ARCB4,1.0,,,,,,1,,,,
A8EX10,A8EX10_ARCB4,1.0,,,,,,1,,,,
A8EVV4,CMOA_ARCB4,1.0,,,,,,1,,,,
A8AFH0,CMOB_CITK8,1.0,,,,,,1,,,,
A8AES2,A8AES2_CITK8,1.0,,,,,,1,,,,
A7Z7Y2,A7Z7Y2_BACA2,1.0,,,,,,1,,,,
A8AC52,A8AC52_IGNH4,1.0,,,,,,1,,,,
A7ZLM3,A7ZLM3_ECO24,1.0,,,,,,1,,,,
A7ZLK6,A7ZLK6_ECO24,1.0,,,,,,1,,,,
A7ZKR3,A7ZKR3_ECO24,1.0,,,,,,1,,,,
A7ZK11,A7ZK11_ECO24,1.0,,,,,,1,,,,
A7ZJI6,A7ZJI6_ECO24,1.0,,,,,,1,,,,
A7ZHU9,A7ZHU9_ECO24,1.0,,,,,,1,,,,
A7ZHU6,A7ZHU6_ECO24,1.0,,,,,,1,,,,
A7ZFQ5,A7ZFQ5_CAMC1,1.0,,,,,,1,,,,
A7ZF13,A7ZF13_CAMC1,1.0,,,,,,1,,,,
A7ZED5,CMOA_CAMC1,1.0,,,,,,1,,,,
A7ZEA2,CMOB_CAMC1,1.0,,,,,,1,,,,
A7ZDL6,A7ZDL6_CAMC1,1.0,,,,,,1,,,,
A7ZCF9,A7ZCF9_CAMC1,1.0,,,,,,1,,,,
A7ZB19,A7ZB19_CAMC1,1.0,,,,,,1,,,,
A7ZAB6,A7ZAB6_BACA2,1.0,,,,,,1,,,,
A7ZMU4,A7ZMU4_ECO24,1.0,,,,,,1,,,,
A7ZMZ5,CMOA_ECO24,1.0,,,,,,1,,,,
A7ZMZ6,CMOB_ECO24,1.0,,,,,,1,,,,
A8A171,CMOA_ECOHS,1.0,,,,,,1,,,,
A8ABR8,A8ABR8_IGNH4,1.0,,,,,,1,,,,
A8ABJ0,A8ABJ0_IGNH4,1.0,,,,,,1,,,,
A8AAH9,A8AAH9_IGNH4,1.0,,,,,,1,,,,
A8A9A3,A8A9A3_IGNH4,1.0,,,,,,1,,,,
A8A5V4,RSMJ_ECOHS,1.0,,,,,,1,,,,
A8A172,CMOB_ECOHS,1.0,,,,,,1,,,,
A8A119,A8A119_ECOHS,1.0,,,,,,1,,,,
A7ZT33,RSMJ_ECO24,1.0,,,,,,1,,,,
A7ZZY7,A7ZZY7_ECOHS,1.0,,,,,,1,,,,
A7ZZW9,A7ZZW9_ECOHS,1.0,,,,,,1,,,,
A7ZYM3,A7ZYM3_ECOHS,1.0,,,,,,1,,,,
A7ZY33,A7ZY33_ECOHS,1.0,,,,,,1,,,,
A7ZWF5,A7ZWF5_ECOHS,1.0,,,,,,1,,,,
A7ZWF2,A7ZWF2_ECOHS,1.0,,,,,,1,,,,
A8F2S8,A8F2S8_RICM5,1.0,,,,,,1,,,,
A8F5B2,A8F5B2_THELT,1.0,,,,,,1,,,,
A8F6U2,A8F6U2_THELT,1.0,,,,,,1,,,,
A8F867,A8F867_THELT,1.0,,,,,,1,,,,
A8GQG0,A8GQG0_RICRS,1.0,,,,,,1,,,,
A8GPX8,A8GPX8_RICAH,1.0,,,,,,1,,,,
A8GNX6,A8GNX6_RICAH,1.0,,,,,,1,,,,
A8GNQ6,A8GNQ6_RICAH,1.0,,,,,,1,,,,
A8GM39,A8GM39_RICAH,1.0,,,,,,1,,,,
A8GLZ3,A8GLZ3_RICAH,1.0,,,,,,1,,,,
A8GLV3,A8GLV3_RICAH,1.0,,,,,,1,,,,
A8GL03,RSMJ_SERP5,1.0,,,,,,1,,,,
A8GI60,A8GI60_SERP5,1.0,,,,,,1,,,,
A8GFN1,A8GFN1_SERP5,1.0,,,,,,1,,,,
A8GFJ8,CMOB_SERP5,1.0,,,,,,1,,,,
A8GFJ7,CMOA_SERP5,1.0,,,,,,1,,,,
A8GCI6,A8GCI6_SERP5,1.0,,,,,,1,,,,
A8GBC7,A8GBC7_SERP5,1.0,,,,,,1,,,,
A8GBB3,A8GBB3_SERP5,1.0,,,,,,1,,,,
A8GQQ5,A8GQQ5_RICRS,1.0,,,,,,1,,,,
A8GSC9,A8GSC9_RICRS,1.0,,,,,,1,,,,
A8GSJ8,A8GSJ8_RICRS,1.0,,,,,,1,,,,
A8H029,TPMT_SHEPA,1.0,,,,,,1,,,,
A8H4L8,A8H4L8_SHEPA,1.0,,,,,,1,,,,
A8H3I9,A8H3I9_SHEPA,1.0,,,,,,1,,,,
A8H367,A8H367_SHEPA,1.0,,,,,,1,,,,
A8H269,A8H269_SHEPA,1.0,,,,,,1,,,,
A8H158,A8H158_SHEPA,1.0,,,,,,1,,,,
A8H0I0,A8H0I0_SHEPA,1.0,,,,,,1,,,,
A8GY53,A8GY53_RICB8,1.0,,,,,,1,,,,
A8GTR2,A8GTR2_RICRS,1.0,,,,,,1,,,,
A8GXI5,A8GXI5_RICB8,1.0,,,,,,1,,,,
A8GX22,A8GX22_RICB8,1.0,,,,,,1,,,,
A8GWN8,A8GWN8_RICB8,1.0,,,,,,1,,,,
A8GVZ4,A8GVZ4_RICB8,1.0,,,,,,1,,,,
A8GV90,A8GV90_RICB8,1.0,,,,,,1,,,,
A8GUT1,A8GUT1_RICB8,1.0,,,,,,1,,,,
A8GAH2,A8GAH2_SERP5,1.0,,,,,,1,,,,
A8GAF1,A8GAF1_SERP5,1.0,,,,,,1,,,,
A8GA76,A8GA76_SERP5,1.0,,,,,,1,,,,
A8FGH2,A8FGH2_BACP2,1.0,,,,,,1,,,,
A8FLA3,A8FLA3_CAMJ8,1.0,,,,,,1,,,,
A8FLA2,A8FLA2_CAMJ8,1.0,,,,,,1,,,,
A8FL14,CMOA_CAMJ8,1.0,,,,,,1,,,,
A8FK93,A8FK93_CAMJ8,1.0,,,,,,1,,,,
A8FK50,A8FK50_CAMJ8,1.0,,,,,,1,,,,
A8FJ20,A8FJ20_BACP2,1.0,,,,,,1,,,,
A8FFL2,Y2363_BACP2,1.0,,,,,,1,,,,
A8FPK4,RSMJ_SHESH,1.0,,,,,,1,,,,
A8FFK5,A8FFK5_BACP2,1.0,,,,,,1,,,,
A8FFE7,A8FFE7_BACP2,1.0,,,,,,1,,,,
A8FEC3,A8FEC3_BACP2,1.0,,,,,,1,,,,
A8FE84,A8FE84_BACP2,1.0,,,,,,1,,,,
A8FBY2,A8FBY2_BACP2,1.0,,,,,,1,,,,
A8FA17,A8FA17_BACP2,1.0,,,,,,1,,,,
A8FM27,CMOB_CAMJ8,1.0,,,,,,1,,,,
A8FRG1,A8FRG1_SHESH,1.0,,,,,,1,,,,
A8G7U8,A8G7U8_SERP5,1.0,,,,,,1,,,,
A8FX08,A8FX08_SHESH,1.0,,,,,,1,,,,
A8G705,A8G705_PROM2,1.0,,,,,,1,,,,
A8G6X0,A8G6X0_PROM2,1.0,,,,,,1,,,,
A8G0N1,A8G0N1_SHESH,1.0,,,,,,1,,,,
A8G0J1,TPMT_SHESH,1.0,,,,,,1,,,,
A8FYH5,A8FYH5_SHESH,1.0,,,,,,1,,,,
A8FY08,A8FY08_SHESH,1.0,,,,,,1,,,,
A8FWP8,A8FWP8_SHESH,1.0,,,,,,1,,,,
A8FS69,A8FS69_SHESH,1.0,,,,,,1,,,,
A8FWJ9,A8FWJ9_SHESH,1.0,,,,,,1,,,,
A8FUW4,CMOA_SHESH,1.0,,,,,,1,,,,
A8FUW3,CMOB_SHESH,1.0,,,,,,1,,,,
A8FUS6,A8FUS6_SHESH,1.0,,,,,,1,,,,
A8FU06,A8FU06_SHESH,1.0,,,,,,1,,,,
A8FSR8,A8FSR8_SHESH,1.0,,,,,,1,,,,
A7Z8H7,A7Z8H7_BACA2,1.0,,,,,,1,,,,
A7Z722,Y2438_BACA2,1.0,,,,,,1,,,,
A5BNQ4,A5BNQ4_VITVI,1.0,,,,,,1,,,,
A7K239,A7K239_VIBSE,1.0,,,,,,1,,,,
A7MNM1,A7MNM1_CROS8,1.0,,,,,,1,,,,
A7MLE8,A7MLE8_CROS8,1.0,,,,,,1,,,,
A7MKM8,RSMJ_CROS8,1.0,,,,,,1,,,,
A7MJJ0,A7MJJ0_CROS8,1.0,,,,,,1,,,,
A7MJ01,A7MJ01_CROS8,1.0,,,,,,1,,,,
A7MI36,A7MI36_CROS8,1.0,,,,,,1,,,,
A7MI35,A7MI35_CROS8,1.0,,,,,,1,,,,
A7MG53,A7MG53_CROS8,1.0,,,,,,1,,,,
A7MEU6,A7MEU6_CROS8,1.0,,,,,,1,,,,
A7MEB1,CMOA_CROS8,1.0,,,,,,1,,,,
A7MEB0,CMOB_CROS8,1.0,,,,,,1,,,,
A7K5G7,A7K5G7_VIBSE,1.0,,,,,,1,,,,
A7K4S1,A7K4S1_VIBSE,1.0,,,,,,1,,,,
A7K403,A7K403_VIBSE,1.0,,,,,,1,,,,
A7K246,A7K246_VIBSE,1.0,,,,,,1,,,,
A7MP20,A7MP20_CROS8,1.0,,,,,,1,,,,
A7MT14,A7MT14_VIBCB,1.0,,,,,,1,,,,
A7MU00,RSMJ_VIBCB,1.0,,,,,,1,,,,
A7N1I9,CMOA_VIBCB,1.0,,,,,,1,,,,
A7NAA7,A7NAA7_FRATF,1.0,,,,,,1,,,,
A7N9Y1,RSMJ_FRATF,1.0,,,,,,1,,,,
A7N964,A7N964_FRATF,1.0,,,,,,1,,,,
A7N3U2,A7N3U2_VIBCB,1.0,,,,,,1,,,,
A7N3J7,A7N3J7_VIBCB,1.0,,,,,,1,,,,
A7N1J8,A7N1J8_VIBCB,1.0,,,,,,1,,,,
A7N1I8,CMOB_VIBCB,1.0,,,,,,1,,,,
A7MUG7,A7MUG7_VIBCB,1.0,,,,,,1,,,,
A7N038,A7N038_VIBCB,1.0,,,,,,1,,,,
A7MZ30,A7MZ30_VIBCB,1.0,,,,,,1,,,,
A7MY06,A7MY06_VIBCB,1.0,,,,,,1,,,,
A7MX32,A7MX32_VIBCB,1.0,,,,,,1,,,,
A7MVH9,TPMT_VIBCB,1.0,,,,,,1,,,,
A7MUR0,A7MUR0_VIBCB,1.0,,,,,,1,,,,
A7K240,A7K240_VIBSE,1.0,,,,,,1,,,,
A7K0T9,A7K0T9_VIBSE,1.0,,,,,,1,,,,
A7Z712,A7Z712_BACA2,1.0,,,,,,1,,,,
A7K0R3,A7K0R3_VIBSE,1.0,,,,,,1,,,,
A7I894,A7I894_METB6,1.0,,,,,,1,,,,
A7I702,A7I702_METB6,1.0,,,,,,1,,,,
A7I507,A7I507_METB6,1.0,,,,,,1,,,,
A7I4F9,A7I4F9_METB6,1.0,,,,,,1,,,,
A7I4C1,A7I4C1_METB6,1.0,,,,,,1,,,,
A7I3C6,A7I3C6_CAMHC,1.0,,,,,,1,,,,
A7I232,CMOA_CAMHC,1.0,,,,,,1,,,,
A7I1I7,CMOB_CAMHC,1.0,,,,,,1,,,,
A7I0R1,A7I0R1_CAMHC,1.0,,,,,,1,,,,
A7HZM8,A7HZM8_CAMHC,1.0,,,,,,1,,,,
A7HYH1,A7HYH1_PARL1,1.0,,,,,,1,,,,
A7HX32,A7HX32_PARL1,1.0,,,,,,1,,,,
A7HX31,A7HX31_PARL1,1.0,,,,,,1,,,,
A7HX30,A7HX30_PARL1,1.0,,,,,,1,,,,
A7HW65,A7HW65_PARL1,1.0,,,,,,1,,,,
A7I963,A7I963_METB6,1.0,,,,,,1,,,,
A7IAL1,A7IAL1_METB6,1.0,,,,,,1,,,,
A7IAP4,A7IAP4_METB6,1.0,,,,,,1,,,,
A7IIX3,TPMT_XANP2,1.0,,,,,,1,,,,
A7K0I2,A7K0I2_VIBSE,1.0,,,,,,1,,,,
A7K0F8,A7K0F8_VIBSE,1.0,,,,,,1,,,,
A7JZH8,A7JZH8_VIBSE,1.0,,,,,,1,,,,
A7JYC6,A7JYC6_VIBSE,1.0,,,,,,1,,,,
A7IJZ2,A7IJZ2_XANP2,1.0,,,,,,1,,,,
A7IJ77,A7IJ77_XANP2,1.0,,,,,,1,,,,
A7IGW9,A7IGW9_XANP2,1.0,,,,,,1,,,,
A7IAW3,A7IAW3_METB6,1.0,,,,,,1,,,,
A7IGQ6,A7IGQ6_XANP2,1.0,,,,,,1,,,,
A7IGL2,A7IGL2_XANP2,1.0,,,,,,1,,,,
A7IET8,A7IET8_XANP2,1.0,,,,,,1,,,,
A7ICB8,A7ICB8_XANP2,1.0,,,,,,1,,,,
A7IC51,A7IC51_XANP2,1.0,,,,,,1,,,,
A7IAW4,A7IAW4_METB6,1.0,,,,,,1,,,,
A7NBD3,A7NBD3_FRATF,1.0,,,,,,1,,,,
A7NF25,A7NF25_ROSCS,1.0,,,,,,1,,,,
A7NF58,A7NF58_ROSCS,1.0,,,,,,1,,,,
A7NF98,A7NF98_ROSCS,1.0,,,,,,1,,,,
A7TGZ9,A7TGZ9_VANPO,1.0,,,,,,1,,,,
A7TFW0,A7TFW0_VANPO,1.0,,,,,,1,,,,
A7TDK7,A7TDK7_VANPO,1.0,,,,,,1,,,,
A7TBW2,A7TBW2_NEMVE,1.0,,,,,,1,,,,
A7T7Y8,A7T7Y8_NEMVE,1.0,,,,,,1,,,,
A7T6N1,A7T6N1_NEMVE,1.0,,,,,,1,,,,
A7T6M8,A7T6M8_NEMVE,1.0,,,,,,1,,,,
A7T631,A7T631_NEMVE,1.0,,,,,,1,,,,
A7T0U3,A7T0U3_NEMVE,1.0,,,,,,1,,,,
A7SWG5,A7SWG5_NEMVE,1.0,,,,,,1,,,,
A7SMH0,A7SMH0_NEMVE,1.0,,,,,,1,,,,
A7SMG7,A7SMG7_NEMVE,1.0,,,,,,1,,,,
A7SLP3,A7SLP3_NEMVE,1.0,,,,,,1,,,,
A7SKU0,A7SKU0_NEMVE,1.0,,,,,,1,,,,
A7SJF3,A7SJF3_NEMVE,1.0,,,,,,1,,,,
A7TH09,A7TH09_VANPO,1.0,,,,,,1,,,,
A7TJ80,A7TJ80_VANPO,1.0,,,,,,1,,,,
A7TJK9,A7TJK9_VANPO,1.0,,,,,,1,,,,
A7X3K3,A7X3K3_STAA1,1.0,,,,,,1,,,,
A7Z6X5,A7Z6X5_BACA2,1.0,,,,,,1,,,,
A7Z5T5,A7Z5T5_BACA2,1.0,,,,,,1,,,,
A7Z5M5,A7Z5M5_BACA2,1.0,,,,,,1,,,,
A7Z1X4,A7Z1X4_BACA2,1.0,,,,,,1,,,,
A7Z0S3,A7Z0S3_BACA2,1.0,,,,,,1,,,,
A7X6C7,A7X6C7_STAA1,1.0,,,,,,1,,,,
A7X371,A7X371_STAA1,1.0,,,,,,1,,,,
A7TJZ5,A7TJZ5_VANPO,1.0,,,,,,1,,,,
A7X2Z6,A7X2Z6_STAA1,1.0,,,,,,1,,,,
A7WXT3,A7WXT3_STAA1,1.0,,,,,,1,,,,
A7WWW3,A7WWW3_STAA1,1.0,,,,,,1,,,,
A7USN0,A7USN0_ANOGA,1.0,,,,,,1,,,,
A7TSD7,A7TSD7_VANPO,1.0,,,,,,1,,,,
A7TMN9,A7TMN9_VANPO,1.0,,,,,,1,,,,
A7SHL2,A7SHL2_NEMVE,1.0,,,,,,1,,,,
A7SFW8,A7SFW8_NEMVE,1.0,,,,,,1,,,,
A7SBZ7,A7SBZ7_NEMVE,1.0,,,,,,1,,,,
A7NMU5,A7NMU5_ROSCS,1.0,,,,,,1,,,,
A7NQX8,A7NQX8_ROSCS,1.0,,,,,,1,,,,
A7NQ08,A7NQ08_ROSCS,1.0,,,,,,1,,,,
A7NP78,A7NP78_ROSCS,1.0,,,,,,1,,,,
A7NNU9,A7NNU9_ROSCS,1.0,,,,,,1,,,,
A7NNK5,A7NNK5_ROSCS,1.0,,,,,,1,,,,
A7NMV9,A7NMV9_ROSCS,1.0,,,,,,1,,,,
A7NJF8,A7NJF8_ROSCS,1.0,,,,,,1,,,,
A7RER6,A7RER6_NEMVE,1.0,,,,,,1,,,,
A7NIM0,A7NIM0_ROSCS,1.0,,,,,,1,,,,
A7NI32,A7NI32_ROSCS,1.0,,,,,,1,,,,
A7NHI7,A7NHI7_ROSCS,1.0,,,,,,1,,,,
A7NH94,A7NH94_ROSCS,1.0,,,,,,1,,,,
A7NH02,A7NH02_ROSCS,1.0,,,,,,1,,,,
A7NFJ3,A7NFJ3_ROSCS,1.0,,,,,,1,,,,
A7NSA1,A7NSA1_ROSCS,1.0,,,,,,1,,,,
A7RFM2,A7RFM2_NEMVE,1.0,,,,,1,,,,,
A7SAV4,A7SAV4_NEMVE,1.0,,,,,,1,,,,
A7S108,A7S108_NEMVE,1.0,,,,,,1,,,,
A7SAF9,A7SAF9_NEMVE,1.0,,,,,,1,,,,
A7S6Z4,A7S6Z4_NEMVE,1.0,,,,,,1,,,,
A7S6A2,A7S6A2_NEMVE,1.0,,,,,,1,,,,
A7S3J8,A7S3J8_NEMVE,1.0,,,,,,1,,,,
A7S2R1,A7S2R1_NEMVE,1.0,,,,,,1,,,,
A7S2A7,A7S2A7_NEMVE,1.0,,,,,,1,,,,
A7S0M9,A7S0M9_NEMVE,1.0,,,,,,1,,,,
A7RKE5,A7RKE5_NEMVE,1.0,,,,,,1,,,,
A7RZQ4,A7RZQ4_NEMVE,1.0,,,,,,1,,,,
A7RRZ2,A7RRZ2_NEMVE,1.0,,,,,,1,,,,
A7RPX2,A7RPX2_NEMVE,1.0,,,,,,1,,,,
A7RLU9,A7RLU9_NEMVE,1.0,,,,,,1,,,,
A7RLI7,A7RLI7_NEMVE,1.0,,,,,,1,,,,
A7RKP1,A7RKP1_NEMVE,1.0,,,,,,1,,,,
A8H551,CMOA_SHEPA,1.0,,,,,,1,,,,
A8H552,CMOB_SHEPA,1.0,,,,,,1,,,,
A8H588,A8H588_SHEPA,1.0,,,,,,1,,,,
A9AWC3,A9AWC3_HERA2,1.0,,,,,,1,,,,
A9B5A4,A9B5A4_HERA2,1.0,,,,,,1,,,,
A9B4X2,A9B4X2_HERA2,1.0,,,,,,1,,,,
A9B3Z1,A9B3Z1_HERA2,1.0,,,,,,1,,,,
A9B3X1,A9B3X1_HERA2,1.0,,,,,,1,,,,
A9B353,A9B353_HERA2,1.0,,,,,,1,,,,
A9B2C1,A9B2C1_HERA2,1.0,,,,,,1,,,,
A9B2A8,A9B2A8_HERA2,1.0,,,,,,1,,,,
A9B261,A9B261_HERA2,1.0,,,,,,1,,,,
A9AZZ9,A9AZZ9_HERA2,1.0,,,,,,1,,,,
A9AZL3,A9AZL3_HERA2,1.0,,,,,,1,,,,
A9AZ01,A9AZ01_HERA2,1.0,,,,,,1,,,,
A9AY24,A9AY24_HERA2,1.0,,,,,,1,,,,
A9AY20,A9AY20_HERA2,1.0,,,,,,1,,,,
A9AWT9,A9AWT9_HERA2,1.0,,,,,,1,,,,
A9AWK7,A9AWK7_HERA2,1.0,,,,,,1,,,,
A9B5J7,A9B5J7_HERA2,1.0,,,,,,1,,,,
A9B5M5,A9B5M5_HERA2,1.0,,,,,,1,,,,
A9B618,A9B618_HERA2,1.0,,,,,,1,,,,
A9BN22,A9BN22_DELAS,1.0,,,,,,1,,,,
A9BZ26,A9BZ26_DELAS,1.0,,,,,,1,,,,
A9BY27,A9BY27_DELAS,1.0,,,,,,1,,,,
A9BXC4,A9BXC4_DELAS,1.0,,,,,,1,,,,
A9BSV5,A9BSV5_DELAS,1.0,,,,,,1,,,,
A9BQD5,A9BQD5_DELAS,1.0,,,,,,1,,,,
A9BQ40,A9BQ40_DELAS,1.0,,,,,,1,,,,
A9BMI0,A9BMI0_DELAS,1.0,,,,,,1,,,,
A9B6H4,A9B6H4_HERA2,1.0,,,,,,1,,,,
A9BHW8,A9BHW8_PETMO,1.0,,,,,,1,,,,
A9BEW0,A9BEW0_PETMO,1.0,,,,,,1,,,,
A9BCJ7,A9BCJ7_PROM4,1.0,,,,,,1,,,,
A9BAU8,A9BAU8_PROM4,1.0,,,,,,1,,,,
A9B7J1,A9B7J1_HERA2,1.0,,,,,,1,,,,
A9B772,A9B772_HERA2,1.0,,,,,,1,,,,
A9AWD7,A9AWD7_HERA2,1.0,,,,,,1,,,,
A9AW68,A9AW68_HERA2,1.0,,,,,,1,,,,
A8H5G9,A8H5G9_SHEPA,1.0,,,,,,1,,,,
A9AW61,A9AW61_HERA2,1.0,,,,,,1,,,,
A9A418,A9A418_NITMS,1.0,,,,,,1,,,,
A9A3U1,A9A3U1_NITMS,1.0,,,,,,1,,,,
A9A396,A9A396_NITMS,1.0,,,,,,1,,,,
A9A2U1,A9A2U1_NITMS,1.0,,,,,,1,,,,
A9A073,A9A073_DESOH,1.0,,,,,,1,,,,
A8ZZS9,A8ZZS9_DESOH,1.0,,,,,,1,,,,
A8ZX85,A8ZX85_DESOH,1.0,,,,,,1,,,,
A8ZX36,A8ZX36_DESOH,1.0,,,,,,1,,,,
A8ZWU9,A8ZWU9_DESOH,1.0,,,,,,1,,,,
A8ZWR5,A8ZWR5_DESOH,1.0,,,,,,1,,,,
A8ZWQ1,A8ZWQ1_DESOH,1.0,,,,,,1,,,,
A8ZWC8,A8ZWC8_DESOH,1.0,,,,,,1,,,,
A8ZVH8,A8ZVH8_DESOH,1.0,,,,,,1,,,,
A8ZVA0,A8ZVA0_DESOH,1.0,,,,,,1,,,,
A8ZUL3,A8ZUL3_DESOH,1.0,,,,,,1,,,,
A9A8U6,A9A8U6_METM6,1.0,,,,,,1,,,,
A9A9D1,A9A9D1_METM6,1.0,,,,,,1,,,,
A9A9X4,A9A9X4_METM6,1.0,,,,,,1,,,,
A9AJ80,A9AJ80_BURM1,1.0,,,,,,1,,,,
A9AVL3,A9AVL3_HERA2,1.0,,,,,,1,,,,
A9ARC5,A9ARC5_BURM1,1.0,,,,,,1,,,,
A9APJ5,A9APJ5_BURM1,1.0,,,,,,1,,,,
A9ANQ9,A9ANQ9_BURM1,1.0,,,,,,1,,,,
A9AL37,A9AL37_BURM1,1.0,,,,,,1,,,,
A9AKI2,A9AKI2_BURM1,1.0,,,,,,1,,,,
A9AHL3,A9AHL3_BURM1,1.0,,,,,,1,,,,
A9AAD5,A9AAD5_METM6,1.0,,,,,,1,,,,
A9AHK8,A9AHK8_BURM1,1.0,,,,,,1,,,,
A9AFC4,A9AFC4_BURM1,1.0,,,,,,1,,,,
A9AEK5,A9AEK5_BURM1,1.0,,,,,,1,,,,
A9ACM8,A9ACM8_BURM1,1.0,,,,,,1,,,,
A9AC43,A9AC43_BURM1,1.0,,,,,,1,,,,
A9AB69,A9AB69_METM6,1.0,,,,,,1,,,,
A9C0D5,A9C0D5_DELAS,1.0,,,,,,1,,,,
A9C1K8,A9C1K8_DELAS,1.0,,,,,,1,,,,
A9CF50,A9CF50_AGRT5,1.0,,,,,,1,,,,
A9CFI8,A9CFI8_AGRT5,1.0,,,,,,1,,,,
A9KHP9,A9KHP9_CLOPH,1.0,,,,,,1,,,,
A9KGQ1,A9KGQ1_COXBN,1.0,,,,,,1,,,,
A9KG74,A9KG74_COXBN,1.0,,,,,,1,,,,
A9KFI8,A9KFI8_COXBN,1.0,,,,,,1,,,,
A9KEC9,A9KEC9_COXBN,1.0,,,,,,1,,,,
A9KCF1,A9KCF1_COXBN,1.0,,,,,,1,,,,
A9KC97,A9KC97_COXBN,1.0,,,,,,1,,,,
A9KB94,RSMJ_COXBN,1.0,,,,,,1,,,,
A9JSP3,A9JSP3_XENTR,1.0,,,,,,1,,,,
A9IZG1,A9IZG1_BART1,1.0,,,,,,1,,,,
A9IS49,A9IS49_BORPD,1.0,,,,,,1,,,,
A9IQE7,A9IQE7_BART1,1.0,,,,,,1,,,,
A9IKJ4,A9IKJ4_BORPD,1.0,,,,,,1,,,,
A9IHF0,A9IHF0_BORPD,1.0,,,,,,1,,,,
A9IFK6,A9IFK6_BORPD,1.0,,,,,,1,,,,
A9KK79,A9KK79_CLOPH,1.0,,,,,,1,,,,
A9KPC2,A9KPC2_CLOPH,1.0,,,,,,1,,,,
A9KQB0,A9KQB0_CLOPH,1.0,,,,,,1,,,,
A9KXH9,A9KXH9_SHEB9,1.0,,,,,,1,,,,
A9L3I4,CMOB_SHEB9,1.0,,,,,,1,,,,
A9L3I3,CMOA_SHEB9,1.0,,,,,,1,,,,
A9L1J2,A9L1J2_SHEB9,1.0,,,,,,1,,,,
A9L0F0,A9L0F0_SHEB9,1.0,,,,,,1,,,,
A9KZG2,A9KZG2_SHEB9,1.0,,,,,,1,,,,
A9KY62,A9KY62_SHEB9,1.0,,,,,,1,,,,
A9KV34,RSMJ_SHEB9,1.0,,,,,,1,,,,
A9KR97,A9KR97_CLOPH,1.0,,,,,,1,,,,
A9KV21,A9KV21_SHEB9,1.0,,,,,,1,,,,
A9KTE1,A9KTE1_CLOPH,1.0,,,,,,1,,,,
B9DII6,B9DII6_STACT,1.0,,,,,,1,,,,
A9KRQ7,A9KRQ7_CLOPH,1.0,,,,,,1,,,,
A9KRP0,A9KRP0_CLOPH,1.0,,,,,,1,,,,
A9KRC3,A9KRC3_CLOPH,1.0,,,,,,1,,,,
A9IDT5,A9IDT5_BORPD,1.0,,,,,,1,,,,
A9I3K3,TPMT_BORPD,1.0,,,,,,1,,,,
A9I163,A9I163_BORPD,1.0,,,,,,1,,,,
A9EQN5,A9EQN5_SORC5,1.0,,,,,,1,,,,
A9F3Y6,A9F3Y6_SORC5,1.0,,,,,,1,,,,
A9F1L5,A9F1L5_SORC5,1.0,,,,,,1,,,,
A9F122,A9F122_SORC5,1.0,,,,,,1,,,,
A9EXX1,A9EXX1_SORC5,1.0,,,,,,1,,,,
A9EW76,A9EW76_SORC5,1.0,,,,,,1,,,,
A9ESW9,A9ESW9_SORC5,1.0,,,,,,1,,,,
A9CLM4,A9CLM4_AGRT5,1.0,,,,,,1,,,,
A9FC30,A9FC30_SORC5,1.0,,,,,,1,,,,
A9CJK3,A9CJK3_AGRT5,1.0,,,,,,1,,,,
A9CIA1,A9CIA1_AGRT5,1.0,,,,,,1,,,,
A9CI99,A9CI99_AGRT5,1.0,,,,,,1,,,,
A9CHZ1,A9CHZ1_AGRT5,1.0,,,,,,1,,,,
A9CH55,A9CH55_AGRT5,1.0,,,,,,1,,,,
A9CG78,A9CG78_AGRT5,1.0,,,,,,1,,,,
A9FAG6,A9FAG6_SORC5,1.0,,,,,,1,,,,
A9FFR0,A9FFR0_SORC5,1.0,,,,,,1,,,,
A9I0F0,A9I0F0_BORPD,1.0,,,,,,1,,,,
A9GAI5,A9GAI5_SORC5,1.0,,,,,,1,,,,
A9HNX8,A9HNX8_GLUDA,1.0,,,,,,1,,,,
A9HJ62,A9HJ62_GLUDA,1.0,,,,,,1,,,,
A9H0T4,A9H0T4_GLUDA,1.0,,,,,,1,,,,
A9GTL5,A9GTL5_SORC5,1.0,,,,,,1,,,,
A9GTB2,A9GTB2_SORC5,1.0,,,,,,1,,,,
A9GKK4,A9GKK4_SORC5,1.0,,,,,,1,,,,
A9G9M0,A9G9M0_SORC5,1.0,,,,,,1,,,,
A9FGM0,A9FGM0_SORC5,1.0,,,,,,1,,,,
A9G9E0,A9G9E0_SORC5,1.0,,,,,,1,,,,
A9G8G9,A9G8G9_SORC5,1.0,,,,,,1,,,,
A9G3Q0,A9G3Q0_SORC5,1.0,,,,,,1,,,,
A9G3P6,A9G3P6_SORC5,1.0,,,,,,1,,,,
A9FPJ5,A9FPJ5_SORC5,1.0,,,,,,1,,,,
A9FN63,A9FN63_SORC5,1.0,,,,,,1,,,,
A8ZTK1,A8ZTK1_DESOH,1.0,,,,,,1,,,,
A8ZT83,A8ZT83_DESOH,1.0,,,,,,1,,,,
A8ZT02,A8ZT02_DESOH,1.0,,,,,,1,,,,
A8LHW5,A8LHW5_DINSH,1.0,,,,,,1,,,,
A8L736,A8L736_FRASN,1.0,,,,,,1,,,,
A8L6N3,A8L6N3_FRASN,1.0,,,,,,1,,,,
A8L5U9,A8L5U9_FRASN,1.0,,,,,,1,,,,
A8L4J1,A8L4J1_FRASN,1.0,,,,,,1,,,,
A8L4D0,A8L4D0_FRASN,1.0,,,,,,1,,,,
A8L473,A8L473_FRASN,1.0,,,,,,1,,,,
A8L449,A8L449_FRASN,1.0,,,,,,1,,,,
A8L3T5,A8L3T5_FRASN,1.0,,,,,,1,,,,
A8L381,A8L381_FRASN,1.0,,,,,,1,,,,
A8L132,A8L132_FRASN,1.0,,,,,,1,,,,
A8L0T4,A8L0T4_FRASN,1.0,,,,,,1,,,,
A8L0Q7,A8L0Q7_FRASN,1.0,,,,,,1,,,,
A8L018,A8L018_FRASN,1.0,,,,,,1,,,,
A8KZK1,A8KZK1_FRASN,1.0,,,,,,1,,,,
A8KYQ0,A8KYQ0_FRASN,1.0,,,,,,1,,,,
A8L8B5,A8L8B5_FRASN,1.0,,,,,,1,,,,
A8L923,A8L923_FRASN,1.0,,,,,,1,,,,
A8L9A4,A8L9A4_FRASN,1.0,,,,,,1,,,,
A8LET7,A8LET7_FRASN,1.0,,,,,,1,,,,
A8LHH3,A8LHH3_FRASN,1.0,,,,,,1,,,,
A8LHC3,A8LHC3_FRASN,1.0,,,,,,1,,,,
A8LGP9,A8LGP9_FRASN,1.0,,,,,,1,,,,
A8LGP8,A8LGP8_FRASN,1.0,,,,,,1,,,,
A8LG21,A8LG21_FRASN,1.0,,,,,,1,,,,
A8LFZ5,A8LFZ5_FRASN,1.0,,,,,,1,,,,
A8LDP5,A8LDP5_FRASN,1.0,,,,,,1,,,,
A8L9D0,A8L9D0_FRASN,1.0,,,,,,1,,,,
A8LDA5,A8LDA5_FRASN,1.0,,,,,,1,,,,
A8LCU2,A8LCU2_FRASN,1.0,,,,,,1,,,,
A8LCP0,A8LCP0_FRASN,1.0,,,,,,1,,,,
A8LCC8,A8LCC8_FRASN,1.0,,,,,,1,,,,
A8LBB8,A8LBB8_FRASN,1.0,,,,,,1,,,,
A8LB26,A8LB26_FRASN,1.0,,,,,,1,,,,
A8KYL3,A8KYL3_FRASN,1.0,,,,,,1,,,,
A8KYA9,A8KYA9_FRASN,1.0,,,,,,1,,,,
A8KBA2,A8KBA2_DANRE,1.0,,,,,,1,,,,
A8I7E4,A8I7E4_CHLRE,1.0,,,,,,1,,,,
A8IED7,A8IED7_AZOC5,1.0,,,,,,1,,,,
A8IE25,A8IE25_AZOC5,1.0,,,,,,1,,,,
A8IDW7,A8IDW7_AZOC5,1.0,,,,,,1,,,,
A8IDD1,A8IDD1_AZOC5,1.0,,,,,,1,,,,
A8ICI8,A8ICI8_CHLRE,1.0,,,,,,1,,,,
A8IB41,A8IB41_AZOC5,1.0,,,,,,1,,,,
A8I4Q0,A8I4Q0_CHLRE,1.0,,,,,,1,,,,
A8IG57,A8IG57_AZOC5,1.0,,,,,,1,,,,
A8HXQ3,A8HXQ3_CHLRE,1.0,,,,,,1,,,,
A8HWD4,A8HWD4_AZOC5,1.0,,,,,,1,,,,
A8HVR6,A8HVR6_AZOC5,1.0,,,,,,1,,,,
A8HVQ8,A8HVQ8_AZOC5,1.0,,,,,,1,,,,
A8HNF0,A8HNF0_CHLRE,1.0,,,,,,1,,,,
A8H9X0,RSMJ_SHEPA,1.0,,,,,,1,,,,
A8IEF3,ANM1_CHLRE,1.0,,,,,,1,,,,
A8IIZ8,A8IIZ8_AZOC5,1.0,,,,,,1,,,,
A8JFP9,A8JFP9_CHLRE,1.0,,,,,,1,,,,
A8J577,A8J577_CHLRE,1.0,,,,,,1,,,,
A8JEL1,A8JEL1_CHLRE,1.0,,,,,,1,,,,
A8JEL0,A8JEL0_CHLRE,1.0,,,,,,1,,,,
A8JBY3,A8JBY3_CHLRE,1.0,,,,,,1,,,,
A8J850,A8J850_CHLRE,1.0,,,,,,1,,,,
A8J7H1,A8J7H1_CHLRE,1.0,,,,,,1,,,,
A8J693,A8J693_CHLRE,1.0,,,,,,1,,,,
A8J2S8,A8J2S8_CHLRE,1.0,,,,,,1,,,,
A8IJ03,A8IJ03_AZOC5,1.0,,,,,,1,,,,
A8J0I7,A8J0I7_CHLRE,1.0,,,,,,1,,,,
A8IXQ4,A8IXQ4_CHLRE,1.0,,,,,,1,,,,
A8ISB9,A8ISB9_CHLRE,1.0,,,,,,1,,,,
A8IQN2,A8IQN2_CHLRE,1.0,,,,,,1,,,,
A8IJK1,A8IJK1_AZOC5,1.0,,,,,,1,,,,
A8IJ34,A8IJ34_CHLRE,1.0,,,,,,1,,,,
A8LHI1,A8LHI1_FRASN,1.0,,,,,,1,,,,
A8LIK4,A8LIK4_DINSH,1.0,,,,,,1,,,,
A8ZQG5,A8ZQG5_ACAM1,1.0,,,,,,1,,,,
A8LJR8,A8LJR8_DINSH,1.0,,,,,,1,,,,
A8XB75,A8XB75_CAEBR,1.0,,,,,,1,,,,
A8X7D2,A8X7D2_CAEBR,1.0,,,,,,1,,,,
A8WHV4,A8WHV4_DANRE,1.0,,,,,,1,,,,
A8WFM0,A8WFM0_BOVIN,1.0,,,,,,1,,,,
A8P5P3,A8P5P3_BRUMA,1.0,1,,,,,,,,,
A8NQC1,A8NQC1_BRUMA,1.0,,,1,,,,,,,
A8MKG4,A8MKG4_ALKOO,1.0,,,,,,1,,,,
A8MJ73,A8MJ73_ALKOO,1.0,,,,,,1,,,,
A8MIB1,A8MIB1_ALKOO,1.0,,,,,,1,,,,
A8MGT6,A8MGT6_ALKOO,1.0,,,,,,1,,,,
A8MGT3,A8MGT3_ALKOO,1.0,,,,,,1,,,,
A8MGS9,Y1076_ALKOO,1.0,,,,,,1,,,,
A8MG04,A8MG04_ALKOO,1.0,,,,,,1,,,,
A8MFN8,A8MFN8_ALKOO,1.0,,,,,,1,,,,
A8MFN7,A8MFN7_ALKOO,1.0,,,,,,1,,,,
A8XB77,A8XB77_CAEBR,1.0,,,,,,1,,,,
A8XBD3,A8XBD3_CAEBR,1.0,,,,,,1,,,,
A8XGN2,A8XGN2_CAEBR,1.0,,,,,,1,,,,
A8Z4D0,A8Z4D0_STAAT,1.0,,,,,,1,,,,
A8ZQ92,A8ZQ92_ACAM1,1.0,,,,,,1,,,,
A8ZNZ8,A8ZNZ8_ACAM1,1.0,,,,,,1,,,,
A8ZNB9,A8ZNB9_ACAM1,1.0,,,,,,1,,,,
A8ZKN9,A8ZKN9_ACAM1,1.0,,,,,,1,,,,
A8ZK50,A8ZK50_ACAM1,1.0,,,,,,1,,,,
A8Z4I9,A8Z4I9_STAAT,1.0,,,,,,1,,,,
A8Z0N1,A8Z0N1_STAAT,1.0,,,,,,1,,,,
A8XI07,RRP8_CAEBR,1.0,,,,,,1,,,,
A8YYM6,A8YYM6_STAAT,1.0,,,,,,1,,,,
A8Y0P2,A8Y0P2_CAEBR,1.0,,,,,,1,,,,
A8XYS3,A8XYS3_CAEBR,1.0,,,,,,1,,,,
A8XSF8,A8XSF8_CAEBR,1.0,,,,,,1,,,,
A8XS53,A8XS53_CAEBR,1.0,,,,,,1,,,,
A8XMH0,A8XMH0_CAEBR,1.0,,,,,,1,,,,
A8MFN6,A8MFN6_ALKOO,1.0,,,,,,1,,,,
A8MFK6,A8MFK6_ALKOO,1.0,,,,,,1,,,,
A8MFF5,A8MFF5_ALKOO,1.0,,,,,,1,,,,
A8LYL4,A8LYL4_SALAI,1.0,,,,,,1,,,,
A8M0L9,A8M0L9_SALAI,1.0,,,,,,1,,,,
A8M0H3,A8M0H3_SALAI,1.0,,,,,,1,,,,
A8M057,A8M057_SALAI,1.0,,,,,,1,,,,
A8LZQ3,A8LZQ3_SALAI,1.0,,,,,,1,,,,
A8LZN5,A8LZN5_SALAI,1.0,,,,,,1,,,,
A8LZ30,A8LZ30_SALAI,1.0,,,,,,1,,,,
A8LXV1,A8LXV1_SALAI,1.0,,,,,,1,,,,
A8M0P7,A8M0P7_SALAI,1.0,,,,,,1,,,,
A8LXR7,A8LXR7_SALAI,1.0,,,,,,1,,,,
A8LX12,A8LX12_SALAI,1.0,,,,,,1,,,,
A8LW97,A8LW97_SALAI,1.0,,,,,,1,,,,
A8LW92,A8LW92_SALAI,1.0,,,,,,1,,,,
A8LPZ2,A8LPZ2_DINSH,1.0,,,,,,1,,,,
A8LLC2,A8LLC2_DINSH,1.0,,,,,,1,,,,
A8M0N7,A8M0N7_SALAI,1.0,,,,,,1,,,,
A8M274,A8M274_SALAI,1.0,,,,,,1,,,,
A8ME04,A8ME04_CALMQ,1.0,,,,,,1,,,,
A8MA06,A8MA06_CALMQ,1.0,,,,,,1,,,,
A8MDG9,A8MDG9_CALMQ,1.0,,,,,,1,,,,
A8MDF1,A8MDF1_CALMQ,1.0,,,,,,1,,,,
A8MD43,A8MD43_CALMQ,1.0,,,,,,1,,,,
A8MC63,A8MC63_CALMQ,1.0,,,,,,1,,,,
A8MBR1,A8MBR1_CALMQ,1.0,,,,,,1,,,,
A8MAF1,A8MAF1_CALMQ,1.0,,,,,,1,,,,
A8M9S1,A8M9S1_CALMQ,1.0,,,,,,1,,,,
A8M2Q9,A8M2Q9_SALAI,1.0,,,,,,1,,,,
A8M975,A8M975_CALMQ,1.0,,,,,,1,,,,
A8M974,A8M974_CALMQ,1.0,,,,,,1,,,,
A8M959,A8M959_CALMQ,1.0,,,,,,1,,,,
A8M6Z4,A8M6Z4_SALAI,1.0,,,,,,1,,,,
A8M6P8,A8M6P8_SALAI,1.0,,,,,,1,,,,
A8M5R1,A8M5R1_SALAI,1.0,,,,,,1,,,,
A7HW52,A7HW52_PARL1,1.0,,,,,,1,,,,
A7HV96,A7HV96_PARL1,1.0,,,,,,1,,,,
A7HTX1,A7HTX1_PARL1,1.0,,,,,,1,,,,
A5UB49,A5UB49_HAEIE,1.0,,,,,,1,,,,
A5UKG7,A5UKG7_METS3,1.0,,,,,,1,,,,
A5UK55,A5UK55_METS3,1.0,,,,,,1,,,,
A5UJ86,A5UJ86_METS3,1.0,,,,,,1,,,,
A5UJ55,A5UJ55_METS3,1.0,,,,,,1,,,,
A5UI54,A5UI54_HAEIG,1.0,,,,,,1,,,,
A5UHZ6,RSMJ_HAEIG,1.0,,,,,,1,,,,
A5UGD5,CMOA_HAEIG,1.0,,,,,,1,,,,
A5UFQ4,A5UFQ4_HAEIG,1.0,,,,,,1,,,,
A5UEI8,CMOB_HAEIG,1.0,,,,,,1,,,,
A5UEF7,A5UEF7_HAEIG,1.0,,,,,,1,,,,
A5UDM5,RSMJ_HAEIE,1.0,,,,,,1,,,,
A5UDG3,A5UDG3_HAEIE,1.0,,,,,,1,,,,
A5UCE2,A5UCE2_HAEIE,1.0,,,,,,1,,,,
A5UBW0,CMOB_HAEIE,1.0,,,,,,1,,,,
A5UBS7,A5UBS7_HAEIE,1.0,,,,,,1,,,,
A5UN75,A5UN75_METS3,1.0,,,,,,1,,,,
A5UNI5,A5UNI5_METS3,1.0,,,,,,1,,,,
A5UNJ1,A5UNJ1_METS3,1.0,,,,,,1,,,,
A5US96,A5US96_ROSS1,1.0,,,,,,1,,,,
A5UVW1,A5UVW1_ROSS1,1.0,,,,,,1,,,,
A5UVR2,A5UVR2_ROSS1,1.0,,,,,,1,,,,
A5UVB5,A5UVB5_ROSS1,1.0,,,,,,1,,,,
A5UUJ7,A5UUJ7_ROSS1,1.0,,,,,,1,,,,
A5UTV7,A5UTV7_ROSS1,1.0,,,,,,1,,,,
A5USM6,A5USM6_ROSS1,1.0,,,,,,1,,,,
A5URW8,A5URW8_ROSS1,1.0,,,,,,1,,,,
A5UNM2,A5UNM2_METS3,1.0,,,,,,1,,,,
A5URB2,A5URB2_ROSS1,1.0,,,,,,1,,,,
A5UQC8,A5UQC8_ROSS1,1.0,,,,,,1,,,,
A5UQA6,A5UQA6_ROSS1,1.0,,,,,,1,,,,
A5UP86,A5UP86_METS3,1.0,,,,,,1,,,,
A5UP84,A5UP84_METS3,1.0,,,,,,1,,,,
A5UNM5,A5UNM5_METS3,1.0,,,,,,1,,,,
A5UBS6,A5UBS6_HAEIE,1.0,,,,,,1,,,,
A5UAG5,CMOA_HAEIE,1.0,,,,,,1,,,,
A5WTR6,A5WTR6_MYCTF,1.0,,,,,,1,,,,
A5U9Q6,A5U9Q6_HAEIE,1.0,,,,,,1,,,,
A5U2A7,A5U2A7_MYCTA,1.0,,,,,,1,,,,
A5U2A5,A5U2A5_MYCTA,1.0,,,,,,1,,,,
A5U279,A5U279_MYCTA,1.0,,,,,,1,,,,
A5U0M7,A5U0M7_MYCTA,1.0,,,,,,1,,,,
A5TZU7,A5TZU7_MYCTA,1.0,,,,,,1,,,,
A5TZU0,Y567_MYCTA,1.0,,,,,,1,,,,
A5TZQ0,A5TZQ0_MYCTA,1.0,,,,,,1,,,,
A5TZ56,A5TZ56_MYCTA,1.0,,,,,,1,,,,
A5TZ53,A5TZ53_MYCTA,1.0,,,,,,1,,,,
A5TYU9,Y232_MYCTA,1.0,,,,,,1,,,,
A5TYG2,A5TYG2_MYCTA,1.0,,,,,,1,,,,
A5PKL6,GSTCD_BOVIN,1.0,,,,,,1,,,,
A5PJT3,A5PJT3_BOVIN,1.0,,,,,,1,,,,
A5N715,A5N715_CLOK5,1.0,,,,,,1,,,,
A5N6Y1,A5N6Y1_CLOK5,1.0,,,,,,1,,,,
A5U2K3,A5U2K3_MYCTA,1.0,,,,,,1,,,,
A5U2M0,A5U2M0_MYCTA,1.0,,,,,,1,,,,
A5U2N0,A5U2N0_MYCTA,1.0,,,,,,1,,,,
A5U6W4,A5U6W4_MYCTA,1.0,,,,,,1,,,,
A5U956,A5U956_MYCTA,1.0,,,,,,1,,,,
A5U924,A5U924_MYCTA,1.0,,,,,,1,,,,
A5U816,A5U816_MYCTA,1.0,,,,,,1,,,,
A5U752,A5U752_MYCTA,1.0,,,,,,1,,,,
A5U751,A5U751_MYCTA,1.0,,,,,,1,,,,
A5U743,A5U743_MYCTA,1.0,,,,,,1,,,,
A5U6W3,A5U6W3_MYCTA,1.0,,,,,,1,,,,
A5U2V3,A5U2V3_MYCTA,1.0,,,,,,1,,,,
A5U6W0,PHMT_MYCTA,1.0,,,,,,1,,,,
A5U627,A5U627_MYCTA,1.0,,,,,,1,,,,
A5U5X3,A5U5X3_MYCTA,1.0,,,,,,1,,,,
A5U4U1,A5U4U1_MYCTA,1.0,,,,,,1,,,,
A5U492,A5U492_MYCTA,1.0,,,,,,1,,,,
A5U428,A5U428_MYCTA,1.0,,,,,,1,,,,
A5UW46,A5UW46_ROSS1,1.0,,,,,,1,,,,
A5UYS8,A5UYS8_ROSS1,1.0,,,,,,1,,,,
A5UZ15,A5UZ15_ROSS1,1.0,,,,,,1,,,,
A5V0M1,A5V0M1_ROSS1,1.0,,,,,,1,,,,
A5WKL1,A5WKL1_MYCTF,1.0,,,,,,1,,,,
A5WJT1,A5WJT1_MYCTF,1.0,,,,,,1,,,,
A5WJS4,A5WJS4_MYCTF,1.0,,,,,,1,,,,
A5WJN5,A5WJN5_MYCTF,1.0,,,,,,1,,,,
A5WJ38,A5WJ38_MYCTF,1.0,,,,,,1,,,,
A5WJ35,A5WJ35_MYCTF,1.0,,,,,,1,,,,
A5WIT0,A5WIT0_MYCTF,1.0,,,,,,1,,,,
A5WIE4,A5WIE4_MYCTF,1.0,,,,,,1,,,,
A5WH58,A5WH58_PSYWF,1.0,,,,,,1,,,,
A5WDT3,A5WDT3_PSYWF,1.0,,,,,,1,,,,
A5WCV6,A5WCV6_PSYWF,1.0,,,,,,1,,,,
A5WC55,CMOB_PSYWF,1.0,,,,,,1,,,,
A5WC54,CMOA_PSYWF,1.0,,,,,,1,,,,
A5WC52,A5WC52_PSYWF,1.0,,,,,,1,,,,
A5WBQ7,A5WBQ7_PSYWF,1.0,,,,,,1,,,,
A5WM60,A5WM60_MYCTF,1.0,,,,,,1,,,,
A5WM86,A5WM86_MYCTF,1.0,,,,,,1,,,,
A5WM88,A5WM88_MYCTF,1.0,,,,,,1,,,,
A5WQS8,A5WQS8_MYCTF,1.0,,,,,,1,,,,
A5WRU2,A5WRU2_MYCTF,1.0,,,,,,1,,,,
A5WRU1,A5WRU1_MYCTF,1.0,,,,,,1,,,,
A5WRT4,A5WRT4_MYCTF,1.0,,,,,,1,,,,
A5WRK8,A5WRK8_MYCTF,1.0,,,,,,1,,,,
A5WRK7,A5WRK7_MYCTF,1.0,,,,,,1,,,,
A5WRK4,A5WRK4_MYCTF,1.0,,,,,,1,,,,
A5WQM9,A5WQM9_MYCTF,1.0,,,,,,1,,,,
A5WMI2,A5WMI2_MYCTF,1.0,,,,,,1,,,,
A5WPM8,A5WPM8_MYCTF,1.0,,,,,,1,,,,
A5WP45,A5WP45_MYCTF,1.0,,,,,,1,,,,
A5WNY1,A5WNY1_MYCTF,1.0,,,,,,1,,,,
A5WMR7,A5WMR7_MYCTF,1.0,,,,,,1,,,,
A5WML0,A5WML0_MYCTF,1.0,,,,,,1,,,,
A5WMK1,A5WMK1_MYCTF,1.0,,,,,,1,,,,
A5WAD1,A5WAD1_PSEP1,1.0,,,,,,1,,,,
A5W8I1,A5W8I1_PSEP1,1.0,,,,,,1,,,,
A5W8E5,CMOB_PSEP1,1.0,,,,,,1,,,,
A5V6U2,A5V6U2_SPHWW,1.0,,,,,,1,,,,
A5VEX3,A5VEX3_SPHWW,1.0,,,,,,1,,,,
A5VCS5,A5VCS5_SPHWW,1.0,,,,,,1,,,,
A5VB19,A5VB19_SPHWW,1.0,,,,,,1,,,,
A5VAN9,A5VAN9_SPHWW,1.0,,,,,,1,,,,
A5VA75,A5VA75_SPHWW,1.0,,,,,,1,,,,
A5V8A7,A5V8A7_SPHWW,1.0,,,,,,1,,,,
A5V3R2,A5V3R2_SPHWW,1.0,,,,,,1,,,,
A5VH96,A5VH96_SPHWW,1.0,,,,,,1,,,,
A5V1W4,A5V1W4_ROSS1,1.0,,,,,,1,,,,
A5V1P4,A5V1P4_ROSS1,1.0,,,,,,1,,,,
A5V1G1,A5V1G1_ROSS1,1.0,,,,,,1,,,,
A5V0N0,A5V0N0_ROSS1,1.0,,,,,,1,,,,
A5V0M9,A5V0M9_ROSS1,1.0,,,,,,1,,,,
A5V0M7,A5V0M7_ROSS1,1.0,,,,,,1,,,,
A5VF28,A5VF28_SPHWW,1.0,,,,,,1,,,,
A5VJ22,A5VJ22_LACRD,1.0,,,,,,1,,,,
A5W8E4,CMOA_PSEP1,1.0,,,,,,1,,,,
A5W168,A5W168_PSEP1,1.0,,,,,,1,,,,
A5W873,RSMJ_PSEP1,1.0,,,,,,1,,,,
A5W864,A5W864_PSEP1,1.0,,,,,,1,,,,
A5W759,TPMT_PSEP1,1.0,,,,,,1,,,,
A5W6Y6,A5W6Y6_PSEP1,1.0,,,,,,1,,,,
A5W578,A5W578_PSEP1,1.0,,,,,,1,,,,
A5W437,A5W437_PSEP1,1.0,,,,,,1,,,,
A5VY25,A5VY25_PSEP1,1.0,,,,,,1,,,,
A5VKW5,A5VKW5_LACRD,1.0,,,,,,1,,,,
A5VXF4,A5VXF4_PSEP1,1.0,,,,,,1,,,,
A5VUB6,A5VUB6_BRUO2,1.0,,,,,,1,,,,
A5VSV6,A5VSV6_BRUO2,1.0,,,,,,1,,,,
A5VSK9,A5VSK9_BRUO2,1.0,,,,,,1,,,,
A5VQQ5,A5VQQ5_BRUO2,1.0,,,,,,1,,,,
A5VN55,A5VN55_BRUO2,1.0,,,,,,1,,,,
A5N6W2,A5N6W2_CLOK5,1.0,,,,,,1,,,,
A5N5U6,A5N5U6_CLOK5,1.0,,,,,,1,,,,
A5N3W1,A5N3W1_CLOK5,1.0,,,,,,1,,,,
A5FVM9,A5FVM9_ACICJ,1.0,,,,,,1,,,,
A5F2H5,A5F2H5_VIBC3,1.0,,,,,,1,,,,
A5F278,CMOA_VIBC3,1.0,,,,,,1,,,,
A5F277,CMOB_VIBC3,1.0,,,,,,1,,,,
A5F1V4,TPMT_VIBC3,1.0,,,,,,1,,,,
A5EWT6,RSMJ_DICNV,1.0,,,,,,1,,,,
A5EVQ5,CMOB_DICNV,1.0,,,,,,1,,,,
A5EVQ4,CMOA_DICNV,1.0,,,,,,1,,,,
A5EV89,A5EV89_DICNV,1.0,,,,,,1,,,,
A5ETG0,A5ETG0_BRASB,1.0,,,,,,1,,,,
A5ETE6,A5ETE6_BRASB,1.0,,,,,,1,,,,
A5EQY7,A5EQY7_BRASB,1.0,,,,,,1,,,,
A5EQA5,A5EQA5_BRASB,1.0,,,,,,1,,,,
A5EPP0,A5EPP0_BRASB,1.0,,,,,,1,,,,
A5EPB7,A5EPB7_BRASB,1.0,,,,,,1,,,,
A5EN68,A5EN68_BRASB,1.0,,,,,,1,,,,
A5F3B6,A5F3B6_VIBC3,1.0,,,,,,1,,,,
A5F3X6,A5F3X6_VIBC3,1.0,,,,,,1,,,,
A5F4F4,A5F4F4_VIBC3,1.0,,,,,,1,,,,
A5FPF8,A5FPF8_DEHMB,1.0,,,,,,1,,,,
A5FV41,A5FV41_ACICJ,1.0,,,,,,1,,,,
A5FV25,A5FV25_ACICJ,1.0,,,,,,1,,,,
A5FTA5,A5FTA5_ACICJ,1.0,,,,,,1,,,,
A5FS61,A5FS61_DEHMB,1.0,,,,,,1,,,,
A5FRL2,A5FRL2_DEHMB,1.0,,,,,,1,,,,
A5FPS4,A5FPS4_DEHMB,1.0,,,,,,1,,,,
A5FMP9,A5FMP9_FLAJ1,1.0,,,,,,1,,,,
A5F634,A5F634_VIBC3,1.0,,,,,,1,,,,
A5FL84,A5FL84_FLAJ1,1.0,,,,,,1,,,,
A5FJS6,A5FJS6_FLAJ1,1.0,,,,,,1,,,,
A5FGZ9,A5FGZ9_FLAJ1,1.0,,,,,,1,,,,
A5FB03,A5FB03_FLAJ1,1.0,,,,,,1,,,,
A5F7G6,A5F7G6_VIBC3,1.0,,,,,,1,,,,
A5F6Q0,A5F6Q0_VIBC3,1.0,,,,,,1,,,,
A5EL77,A5EL77_BRASB,1.0,,,,,,1,,,,
A5EKG1,A5EKG1_BRASB,1.0,,,,,,1,,,,
A5EKA2,A5EKA2_BRASB,1.0,,,,,,1,,,,
A5CBK1,A5CBK1_VITVI,1.0,,,,,,1,,,,
A5CR22,A5CR22_CLAM3,1.0,,,,,,1,,,,
A5CR10,A5CR10_CLAM3,1.0,,,,,,1,,,,
A5CNZ0,A5CNZ0_CLAM3,1.0,,,,,,1,,,,
A5CF12,A5CF12_ORITB,1.0,,,,,,1,,,,
A5CBX6,A5CBX6_ORITB,1.0,,,,,,1,,,,
A5CBK2,A5CBK2_VITVI,1.0,,,,,,1,,,,
A5C9J1,A5C9J1_VITVI,1.0,,,,,,1,,,,
A5CU65,A5CU65_CLAM3,1.0,,,,,,1,,,,
A5C9J0,A5C9J0_VITVI,1.0,,,,,,1,,,,
A5BZY9,A5BZY9_VITVI,1.0,,,,,,1,,,,
A5BXP5,A5BXP5_VITVI,1.0,,,,,,1,,,,
A5BUB3,A5BUB3_VITVI,1.0,,,,,,1,,,,
A5BSE7,A5BSE7_VITVI,1.0,,,,,,1,,,,
A5BQ64,A5BQ64_VITVI,1.0,,,,,,1,,,,
A5CS30,A5CS30_CLAM3,1.0,,,,,,1,,,,
A5CXD3,A5CXD3_VESOH,1.0,,,,,,1,,,,
A5EI84,A5EI84_BRASB,1.0,,,,,,1,,,,
A5D5P2,A5D5P2_PELTS,1.0,,,,,,1,,,,
A5EDW8,A5EDW8_BRASB,1.0,,,,,,1,,,,
A5ED39,A5ED39_BRASB,1.0,,,,,,1,,,,
A5EB89,A5EB89_BRASB,1.0,,,,,,1,,,,
A5EAV8,A5EAV8_BRASB,1.0,,,,,,1,,,,
A5E032,MCES_LODEL,1.0,,,,,,1,,,,
A5DDJ4,MCES_PICGU,1.0,,,,,,1,,,,
A5D556,A5D556_PELTS,1.0,,,,,,1,,,,
A5D269,A5D269_PELTS,1.0,,,,,,1,,,,
A5D4G5,A5D4G5_PELTS,1.0,,,,,,1,,,,
A5D3D2,A5D3D2_PELTS,1.0,,,,,,1,,,,
A5D2Z9,A5D2Z9_PELTS,1.0,,,,,,1,,,,
A5D2K6,A5D2K6_PELTS,1.0,,,,,,1,,,,
A5D2C6,A5D2C6_PELTS,1.0,,,,,,1,,,,
A5D299,A5D299_PELTS,1.0,,,,,,1,,,,
A5FV89,A5FV89_ACICJ,1.0,,,,,,1,,,,
A5FW36,A5FW36_ACICJ,1.0,,,,,,1,,,,
A5N3F9,A5N3F9_CLOK5,1.0,,,,,,1,,,,
A5FYM0,A5FYM0_ACICJ,1.0,,,,,,1,,,,
A5II06,TPMT_LEGPC,1.0,,,,,,1,,,,
A5IH75,A5IH75_LEGPC,1.0,,,,,,1,,,,
A5IGD8,A5IGD8_LEGPC,1.0,,,,,,1,,,,
A5IFE8,A5IFE8_LEGPC,1.0,,,,,,1,,,,
A5IFA8,A5IFA8_LEGPC,1.0,,,,,,1,,,,
A5IF62,A5IF62_LEGPC,1.0,,,,,,1,,,,
A5IER6,A5IER6_LEGPC,1.0,,,,,,1,,,,
A5IED1,A5IED1_LEGPC,1.0,,,,,,1,,,,
A5IDW0,A5IDW0_LEGPC,1.0,,,,,,1,,,,
A5IDV9,A5IDV9_LEGPC,1.0,,,,,,1,,,,
A5IDB0,A5IDB0_LEGPC,1.0,,,,,,1,,,,
A5ICZ5,RSMJ_LEGPC,1.0,,,,,,1,,,,
A5ICY0,A5ICY0_LEGPC,1.0,,,,,,1,,,,
A5IC15,A5IC15_LEGPC,1.0,,,,,,1,,,,
A5IAN2,A5IAN2_LEGPC,1.0,,,,,,1,,,,
A5IJ28,A5IJ28_THEP1,1.0,,,,,,1,,,,
A5IJL4,A5IJL4_THEP1,1.0,,,,,,1,,,,
A5IJQ0,A5IJQ0_THEP1,1.0,,,,,,1,,,,
A5MZ21,A5MZ21_CLOK5,1.0,,,,,,1,,,,
A5N266,A5N266_CLOK5,1.0,,,,,,1,,,,
A5N0I2,A5N0I2_CLOK5,1.0,,,,,,1,,,,
A5N0H0,A5N0H0_CLOK5,1.0,,,,,,1,,,,
A5MZZ8,A5MZZ8_CLOK5,1.0,,,,,,1,,,,
A5MZM3,A5MZM3_CLOK5,1.0,,,,,,1,,,,
A5MZ23,A5MZ23_CLOK5,1.0,,,,,,1,,,,
A5IVQ0,A5IVQ0_STAA9,1.0,,,,,,1,,,,
A5IMI4,A5IMI4_THEP1,1.0,,,,,,1,,,,
A5ITT3,A5ITT3_STAA9,1.0,,,,,,1,,,,
A5ITB8,A5ITB8_STAA9,1.0,,,,,,1,,,,
A5IPD6,A5IPD6_STAA9,1.0,,,,,,1,,,,
A5INS7,A5INS7_STAA9,1.0,,,,,,1,,,,
A5INN1,A5INN1_THEP1,1.0,,,,,,1,,,,
A5IMS2,A5IMS2_THEP1,1.0,,,,,,1,,,,
A5IAF4,A5IAF4_LEGPC,1.0,,,,,,1,,,,
A5IA59,A5IA59_LEGPC,1.0,,,,,,1,,,,
A5I6M4,A5I6M4_CLOBH,1.0,,,,,,1,,,,
A5G747,A5G747_GEOUR,1.0,,,,,,1,,,,
A5GEM7,A5GEM7_GEOUR,1.0,,,,,,1,,,,
A5GBQ4,A5GBQ4_GEOUR,1.0,,,,,,1,,,,
A5GB14,A5GB14_GEOUR,1.0,,,,,,1,,,,
A5GA36,A5GA36_GEOUR,1.0,,,,,,1,,,,
A5G929,A5G929_GEOUR,1.0,,,,,,1,,,,
A5G793,A5G793_GEOUR,1.0,,,,,,1,,,,
A5G6P9,A5G6P9_GEOUR,1.0,,,,,,1,,,,
A5GIM2,A5GIM2_SYNPW,1.0,,,,,,1,,,,
A5G6I7,A5G6I7_GEOUR,1.0,,,,,,1,,,,
A5G5W0,A5G5W0_GEOUR,1.0,,,,,,1,,,,
A5G334,A5G334_ACICJ,1.0,,,,,,1,,,,
A5G2Q0,A5G2Q0_ACICJ,1.0,,,,,,1,,,,
A5G063,A5G063_ACICJ,1.0,,,,,,1,,,,
A5FZE8,A5FZE8_ACICJ,1.0,,,,,,1,,,,
A5GIM1,A5GIM1_SYNPW,1.0,,,,,,1,,,,
A5GIN7,A5GIN7_SYNPW,1.0,,,,,,1,,,,
A5I5F0,A5I5F0_CLOBH,1.0,,,,,,1,,,,
A5GW17,A5GW17_SYNR3,1.0,,,,,,1,,,,
A5I3T4,A5I3T4_CLOBH,1.0,,,,,,1,,,,
A5I2N1,A5I2N1_CLOBH,1.0,,,,,,1,,,,
A5HZS0,A5HZS0_CLOBH,1.0,,,,,,1,,,,
A5HYZ1,A5HYZ1_CLOBH,1.0,,,,,,1,,,,
A5HYP9,A5HYP9_CLOBH,1.0,,,,,,1,,,,
A5GWB3,A5GWB3_SYNR3,1.0,,,,,,1,,,,
A5GV79,A5GV79_SYNR3,1.0,,,,,,1,,,,
A5GJF3,A5GJF3_SYNPW,1.0,,,,,,1,,,,
A5GUS6,A5GUS6_SYNR3,1.0,,,,,,1,,,,
A5GSB6,A5GSB6_SYNR3,1.0,,,,,,1,,,,
A5GSA0,A5GSA0_SYNR3,1.0,,,,,,1,,,,
A5GP61,A5GP61_SYNPW,1.0,,,,,,1,,,,
A5GND5,A5GND5_SYNPW,1.0,,,,,,1,,,,
A5GLG0,A5GLG0_SYNPW,1.0,,,,,,1,,,,
A5WSR1,A5WSR1_MYCTF,1.0,,,,,,1,,,,
A5WTU7,A5WTU7_MYCTF,1.0,,,,,,1,,,,
A7HTG6,A7HTG6_PARL1,1.0,,,,,,1,,,,
A6WT79,A6WT79_SHEB8,1.0,,,,,,1,,,,
A7EFS0,A7EFS0_SCLS1,1.0,,,,,,1,,,,
A7EEE6,A7EEE6_SCLS1,1.0,,,,,,1,,,,
A7EDS7,A7EDS7_SCLS1,1.0,,,,,,1,,,,
A7EA69,A7EA69_SCLS1,1.0,,,,,,1,,,,
A7E978,A7E978_SCLS1,1.0,,,,,,1,,,,
A7E8F2,A7E8F2_SCLS1,1.0,,,,,,1,,,,
A7E7S3,A7E7S3_SCLS1,1.0,,,,,,1,,,,
A6X4E2,A6X4E2_OCHA4,1.0,,,,,,1,,,,
A6X2Y7,A6X2Y7_OCHA4,1.0,,,,,,1,,,,
A6WZN9,A6WZN9_OCHA4,1.0,,,,,,1,,,,
A6WZ20,A6WZ20_OCHA4,1.0,,,,,,1,,,,
A6WXR2,RSMJ_OCHA4,1.0,,,,,,1,,,,
A6WXP4,A6WXP4_OCHA4,1.0,,,,,,1,,,,
A6WXL1,A6WXL1_OCHA4,1.0,,,,,,1,,,,
A6WV54,A6WV54_OCHA4,1.0,,,,,,1,,,,
A7EH76,A7EH76_SCLS1,1.0,,,,,,1,,,,
A7EHG2,A7EHG2_SCLS1,1.0,,,,,,1,,,,
A7EKL2,A7EKL2_SCLS1,1.0,,,,,,1,,,,
A7FFK6,A7FFK6_YERP3,1.0,,,,,,1,,,,
A7FJV5,A7FJV5_YERP3,1.0,,,,,,1,,,,
A7FJB7,A7FJB7_YERP3,1.0,,,,,,1,,,,
A7FIM8,A7FIM8_YERP3,1.0,,,,,,1,,,,
A7FII9,A7FII9_YERP3,1.0,,,,,,1,,,,
A7FID4,CMOB_YERP3,1.0,,,,,,1,,,,
A7FID3,CMOA_YERP3,1.0,,,,,,1,,,,
A7F9X4,A7F9X4_SCLS1,1.0,,,,,,1,,,,
A7EL68,A7EL68_SCLS1,1.0,,,,,,1,,,,
A7F8L3,A7F8L3_SCLS1,1.0,,,,,,1,,,,
A7F7D9,A7F7D9_SCLS1,1.0,,,,,,1,,,,
A7F7A2,A7F7A2_SCLS1,1.0,,,,,,1,,,,
A7F5M3,A7F5M3_SCLS1,1.0,,,,,,1,,,,
A7EUR6,A7EUR6_SCLS1,1.0,,,,,,1,,,,
A7EM86,A7EM86_SCLS1,1.0,,,,,,1,,,,
A6WU68,RSMJ_SHEB8,1.0,,,,,,1,,,,
A6WSZ2,A6WSZ2_SHEB8,1.0,,,,,,1,,,,
A5YJ36,A5YJ36_GLUDA,1.0,,,,,,1,,,,
A6WSW9,TPMT_SHEB8,1.0,,,,,,1,,,,
A6W983,A6W983_KINRD,1.0,,,,,,1,,,,
A6W820,A6W820_KINRD,1.0,,,,,,1,,,,
A6W5Y4,A6W5Y4_KINRD,1.0,,,,,,1,,,,
A6W555,A6W555_KINRD,1.0,,,,,,1,,,,
A6W4G6,A6W4G6_KINRD,1.0,,,,,,1,,,,
A6W3E9,A6W3E9_MARMS,1.0,,,,,,1,,,,
A6W0X8,BIOC_MARMS,1.0,,,,,,1,,,,
A6VYB2,A6VYB2_MARMS,1.0,,,,,,1,,,,
A6VW50,A6VW50_MARMS,1.0,,,,,,1,,,,
A6VW00,A6VW00_MARMS,1.0,,,,,,1,,,,
A6VVL4,A6VVL4_MARMS,1.0,,,,,,1,,,,
A6VV15,A6VV15_MARMS,1.0,,,,,,1,,,,
A6VUQ9,RSMJ_MARMS,1.0,,,,,,1,,,,
A6VQB0,CMOA_ACTSZ,1.0,,,,,,1,,,,
A6VQ19,A6VQ19_ACTSZ,1.0,,,,,,1,,,,
A6W9Y3,A6W9Y3_KINRD,1.0,,,,,,1,,,,
A6WB75,A6WB75_KINRD,1.0,,,,,,1,,,,
A6WBN5,A6WBN5_KINRD,1.0,,,,,,1,,,,
A6WM57,A6WM57_SHEB8,1.0,,,,,,1,,,,
A6WS41,A6WS41_SHEB8,1.0,,,,,,1,,,,
A6WPT2,A6WPT2_SHEB8,1.0,,,,,,1,,,,
A6WPN0,A6WPN0_SHEB8,1.0,,,,,,1,,,,
A6WNQ9,CMOB_SHEB8,1.0,,,,,,1,,,,
A6WNQ8,CMOA_SHEB8,1.0,,,,,,1,,,,
A6WMW6,A6WMW6_SHEB8,1.0,,,,,,1,,,,
A6WM08,A6WM08_SHEB8,1.0,,,,,,1,,,,
A6WC74,A6WC74_KINRD,1.0,,,,,,1,,,,
A6WKK9,A6WKK9_SHEB8,1.0,,,,,,1,,,,
A6WIQ0,A6WIQ0_SHEB8,1.0,,,,,,1,,,,
A6WGG8,A6WGG8_KINRD,1.0,,,,,,1,,,,
A6WFQ8,A6WFQ8_KINRD,1.0,,,,,,1,,,,
A6WE13,A6WE13_KINRD,1.0,,,,,,1,,,,
A6WD21,A6WD21_KINRD,1.0,,,,,,1,,,,
A7FK19,A7FK19_YERP3,1.0,,,,,,1,,,,
A7FKM7,A7FKM7_YERP3,1.0,,,,,,1,,,,
A7FL35,A7FL35_YERP3,1.0,,,,,,1,,,,
A7FLH7,A7FLH7_YERP3,1.0,,,,,,1,,,,
A7HAR7,A7HAR7_ANADF,1.0,,,,,,1,,,,
A7HAQ9,A7HAQ9_ANADF,1.0,,,,,,1,,,,
A7HAD1,A7HAD1_ANADF,1.0,,,,,,1,,,,
A7HA12,A7HA12_ANADF,1.0,,,,,,1,,,,
A7H7S8,A7H7S8_ANADF,1.0,,,,,,1,,,,
A7H7F5,A7H7F5_ANADF,1.0,,,,,,1,,,,
A7H6R5,A7H6R5_ANADF,1.0,,,,,,1,,,,
A7H5E1,A7H5E1_CAMJD,1.0,,,,,,1,,,,
A7H5E0,A7H5E0_CAMJD,1.0,,,,,,1,,,,
A7H5B5,A7H5B5_CAMJD,1.0,,,,,,1,,,,
A7H571,A7H571_CAMJD,1.0,,,,,,1,,,,
A7H4U8,A7H4U8_CAMJD,1.0,,,,,,1,,,,
A7H481,A7H481_CAMJD,1.0,,,,,,1,,,,
A7H3U1,CMOA_CAMJD,1.0,,,,,,1,,,,
A7H361,CMOB_CAMJD,1.0,,,,,,1,,,,
A7HBC2,A7HBC2_ANADF,1.0,,,,,,1,,,,
A7HBR9,A7HBR9_ANADF,1.0,,,,,,1,,,,
A7HEG4,A7HEG4_ANADF,1.0,,,,,,1,,,,
A7HMX0,A7HMX0_FERNB,1.0,,,,,,1,,,,
A7HTG5,A7HTG5_PARL1,1.0,,,,,,1,,,,
A7HSR1,A7HSR1_PARL1,1.0,,,,,,1,,,,
A7HRQ9,A7HRQ9_PARL1,1.0,,,,,,1,,,,
A7HRB0,A7HRB0_PARL1,1.0,,,,,,1,,,,
A7HNW7,A7HNW7_FERNB,1.0,,,,,,1,,,,
A7HN43,A7HN43_FERNB,1.0,,,,,,1,,,,
A7HM63,A7HM63_FERNB,1.0,,,,,,1,,,,
A7HFC1,A7HFC1_ANADF,1.0,,,,,,1,,,,
A7HHT3,A7HHT3_ANADF,1.0,,,,,,1,,,,
A7HHB1,A7HHB1_ANADF,1.0,,,,,,1,,,,
A7HHB0,A7HHB0_ANADF,1.0,,,,,,1,,,,
A7HH39,A7HH39_ANADF,1.0,,,,,,1,,,,
A7HGF1,A7HGF1_ANADF,1.0,,,,,,1,,,,
A7HFG1,A7HFG1_ANADF,1.0,,,,,,1,,,,
A7H285,A7H285_CAMJD,1.0,,,,,,1,,,,
A7H1P6,A7H1P6_CAMJD,1.0,,,,,,1,,,,
A7H0K9,A7H0K9_CAMC5,1.0,,,,,,1,,,,
A7FY93,A7FY93_CLOB1,1.0,,,,,,1,,,,
A7GBG7,A7GBG7_CLOBL,1.0,,,,,,1,,,,
A7GBC8,A7GBC8_CLOBL,1.0,,,,,,1,,,,
A7GAB3,A7GAB3_CLOBL,1.0,,,,,,1,,,,
A7G9Z2,A7G9Z2_CLOBL,1.0,,,,,,1,,,,
A7G1Q1,A7G1Q1_CLOBH,1.0,,,,,,1,,,,
A7FZI8,A7FZI8_CLOB1,1.0,,,,,,1,,,,
A7FVK4,A7FVK4_CLOB1,1.0,,,,,,1,,,,
A7GE03,A7GE03_CLOBL,1.0,,,,,,1,,,,
A7FUI3,A7FUI3_CLOB1,1.0,,,,,,1,,,,
A7FS15,A7FS15_CLOB1,1.0,,,,,,1,,,,
A7FRY5,A7FRY5_CLOB1,1.0,,,,,,1,,,,
A7FR08,A7FR08_CLOB1,1.0,,,,,,1,,,,
A7FPS8,A7FPS8_CLOB1,1.0,,,,,,1,,,,
A7FP06,RSMJ_YERP3,1.0,,,,,,1,,,,
A7GBM3,A7GBM3_CLOBL,1.0,,,,,,1,,,,
A7GF98,A7GF98_CLOBL,1.0,,,,,,1,,,,
A7H0I9,A7H0I9_CAMC5,1.0,,,,,,1,,,,
A7GT53,Y3087_BACCN,1.0,,,,,,1,,,,
A7H074,A7H074_CAMC5,1.0,,,,,,1,,,,
A7GXW7,CMOB_CAMC5,1.0,,,,,,1,,,,
A7GXS7,CMOA_CAMC5,1.0,,,,,,1,,,,
A7GX03,A7GX03_CAMC5,1.0,,,,,,1,,,,
A7GW21,A7GW21_CAMC5,1.0,,,,,,1,,,,
A7GU27,A7GU27_BACCN,1.0,,,,,,1,,,,
A7GT23,A7GT23_BACCN,1.0,,,,,,1,,,,
A7GGU4,A7GGU4_CLOBL,1.0,,,,,,1,,,,
A7GSD9,BIOC_BACCN,1.0,,,,,,1,,,,
A7GQT2,A7GQT2_BACCN,1.0,,,,,,1,,,,
A7GP70,A7GP70_BACCN,1.0,,,,,,1,,,,
A7GP44,A7GP44_BACCN,1.0,,,,,,1,,,,
A7GLV7,A7GLV7_BACCN,1.0,,,,,,1,,,,
A7GI11,A7GI11_CLOBL,1.0,,,,,,1,,,,
A6VNK3,A6VNK3_ACTSZ,1.0,,,,,,1,,,,
A6VMT0,CMOB_ACTSZ,1.0,,,,,,1,,,,
A6VM06,A6VM06_ACTSZ,1.0,,,,,,1,,,,
A6TM01,A6TM01_ALKMQ,1.0,,,,,,1,,,,
A6QQV6,ANM7_BOVIN,1.0,,,,,,1,,,,
A6QL80,A6QL80_BOVIN,1.0,,,,,,1,,,,
A6QJV6,A6QJV6_STAAE,1.0,,,,,,1,,,,
A6QHU4,A6QHU4_STAAE,1.0,,,,,,1,,,,
A6QHD3,A6QHD3_STAAE,1.0,,,,,,1,,,,
A6QDP1,A6QDP1_STAAE,1.0,,,,,,1,,,,
A6QA96,A6QA96_SULNB,1.0,,,,,,1,,,,
A6Q9F5,A6Q9F5_SULNB,1.0,,,,,,1,,,,
A6Q8U9,A6Q8U9_SULNB,1.0,,,,,,1,,,,
A6Q8S7,A6Q8S7_SULNB,1.0,,,,,,1,,,,
A6Q7Z3,A6Q7Z3_SULNB,1.0,,,,,,1,,,,
A6Q7V3,CMOB_SULNB,1.0,,,,,,1,,,,
A6Q7G6,CMOA_SULNB,1.0,,,,,,1,,,,
A6Q7C6,A6Q7C6_SULNB,1.0,,,,,,1,,,,
A6Q728,A6Q728_SULNB,1.0,,,,,,1,,,,
A6SUC5,A6SUC5_JANMA,1.0,,,,,,1,,,,
A6SWU3,A6SWU3_JANMA,1.0,,,,,,1,,,,
A6SXA3,A6SXA3_JANMA,1.0,,,,,,1,,,,
A6T511,A6T511_KLEP7,1.0,,,,,,1,,,,
A6TB40,CMOB_KLEP7,1.0,,,,,,1,,,,
A6TB39,CMOA_KLEP7,1.0,,,,,,1,,,,
A6TAZ3,A6TAZ3_KLEP7,1.0,,,,,,1,,,,
A6T9V0,A6T9V0_KLEP7,1.0,,,,,,1,,,,
A6T713,A6T713_KLEP7,1.0,,,,,,1,,,,
A6T6L7,A6T6L7_KLEP7,1.0,,,,,,1,,,,
A6T508,A6T508_KLEP7,1.0,,,,,,1,,,,
A6SXH4,A6SXH4_JANMA,1.0,,,,,,1,,,,
A6T488,A6T488_JANMA,1.0,,,,,,1,,,,
A6T2U7,A6T2U7_JANMA,1.0,,,,,,1,,,,
A6T195,A6T195_JANMA,1.0,,,,,,1,,,,
A6T0U2,A6T0U2_JANMA,1.0,,,,,,1,,,,
A6SZ72,A6SZ72_JANMA,1.0,,,,,,1,,,,
A6SZ61,A6SZ61_JANMA,1.0,,,,,,1,,,,
A6Q690,A6Q690_SULNB,1.0,,,,,,1,,,,
A6Q635,A6Q635_NITSB,1.0,,,,,,1,,,,
A6Q4U4,A6Q4U4_NITSB,1.0,,,,,,1,,,,
A6L9X0,A6L9X0_PARD8,1.0,,,,,,1,,,,
A6LNC4,A6LNC4_THEM4,1.0,,,,,,1,,,,
A6LN98,A6LN98_THEM4,1.0,,,,,,1,,,,
A6LIS8,A6LIS8_PARD8,1.0,,,,,,1,,,,
A6LH49,A6LH49_PARD8,1.0,,,,,,1,,,,
A6LDR6,A6LDR6_PARD8,1.0,,,,,,1,,,,
A6LD88,A6LD88_PARD8,1.0,,,,,,1,,,,
A6L4M6,A6L4M6_BACV8,1.0,,,,,,1,,,,
A6LRD2,A6LRD2_CLOB8,1.0,,,,,,1,,,,
A6L416,A6L416_BACV8,1.0,,,,,,1,,,,
A6KZ44,A6KZ44_BACV8,1.0,,,,,,1,,,,
A6H761,A6H761_BOVIN,1.0,,,,,,1,,,,
A6H1N0,A6H1N0_FLAPJ,1.0,,,,,,1,,,,
A6GZJ4,A6GZJ4_FLAPJ,1.0,,,,,,1,,,,
A6GXK8,A6GXK8_FLAPJ,1.0,,,,,,1,,,,
A6LQB7,A6LQB7_CLOB8,1.0,,,,,,1,,,,
A6LUE0,A6LUE0_CLOB8,1.0,,,,,,1,,,,
A6Q4K4,A6Q4K4_NITSB,1.0,,,,,,1,,,,
A6N1H2,A6N1H2_ORYSI,1.0,,,,,,1,,,,
A6Q4F7,A6Q4F7_NITSB,1.0,,,,,,1,,,,
A6Q468,A6Q468_NITSB,1.0,,,,,,1,,,,
A6Q429,CMOA_NITSB,1.0,,,,,,1,,,,
A6Q3V1,CMOB_NITSB,1.0,,,,,,1,,,,
A6Q3L0,A6Q3L0_NITSB,1.0,,,,,,1,,,,
A6Q188,A6Q188_NITSB,1.0,,,,,,1,,,,
A6M0W0,A6M0W0_CLOB8,1.0,,,,,,1,,,,
A6LV31,A6LV31_CLOB8,1.0,,,,,,1,,,,
A6M0H8,A6M0H8_CLOB8,1.0,,,,,,1,,,,
A6LZ25,A6LZ25_CLOB8,1.0,,,,,,1,,,,
A6LYE5,A6LYE5_CLOB8,1.0,,,,,,1,,,,
A6LXC4,A6LXC4_CLOB8,1.0,,,,,,1,,,,
A6LX82,A6LX82_CLOB8,1.0,,,,,,1,,,,
A6LWJ2,A6LWJ2_CLOB8,1.0,,,,,,1,,,,
A6TFB5,RSMJ_KLEP7,1.0,,,,,,1,,,,
A6TMG9,A6TMG9_ALKMQ,1.0,,,,,,1,,,,
A6VLG0,RSMJ_ACTSZ,1.0,,,,,,1,,,,
A6TN46,A6TN46_ALKMQ,1.0,,,,,,1,,,,
A6V937,A6V937_PSEA7,1.0,,,,,,1,,,,
A6V8M2,A6V8M2_PSEA7,1.0,,,,,,1,,,,
A6V8C2,A6V8C2_PSEA7,1.0,,,,,,1,,,,
A6V706,A6V706_PSEA7,1.0,,,,,,1,,,,
A6V557,A6V557_PSEA7,1.0,,,,,,1,,,,
A6V4S2,A6V4S2_PSEA7,1.0,,,,,,1,,,,
A6V4D5,A6V4D5_PSEA7,1.0,,,,,,1,,,,
A6V3Q8,TPMT_PSEA7,1.0,,,,,,1,,,,
A6V2V5,A6V2V5_PSEA7,1.0,,,,,,1,,,,
A6V1T1,A6V1T1_PSEA7,1.0,,,,,,1,,,,
A6V1A8,RSMJ_PSEA7,1.0,,,,,,1,,,,
A6V0M6,A6V0M6_PSEA7,1.0,,,,,,1,,,,
A6UZR8,A6UZR8_PSEA7,1.0,,,,,,1,,,,
A6UZP0,A6UZP0_PSEA7,1.0,,,,,,1,,,,
A6UZ22,A6UZ22_PSEA7,1.0,,,,,,1,,,,
A6V9A1,A6V9A1_PSEA7,1.0,,,,,,1,,,,
A6VAH7,A6VAH7_PSEA7,1.0,,,,,,1,,,,
A6VAK1,CMOA_PSEA7,1.0,,,,,,1,,,,
A6VHY3,A6VHY3_METM7,1.0,,,,,,1,,,,
A6VK92,A6VK92_ACTSZ,1.0,,,,,,1,,,,
A6VJM6,A6VJM6_METM7,1.0,,,,,,1,,,,
A6VJA5,A6VJA5_METM7,1.0,,,,,,1,,,,
A6VJA3,A6VJA3_METM7,1.0,,,,,,1,,,,
A6VJ98,A6VJ98_METM7,1.0,,,,,,1,,,,
A6VII5,A6VII5_METM7,1.0,,,,,,1,,,,
A6VHB8,A6VHB8_METM7,1.0,,,,,,1,,,,
A6VAK2,CMOB_PSEA7,1.0,,,,,,1,,,,
A6VGS6,A6VGS6_METM7,1.0,,,,,,1,,,,
A6VGB6,A6VGB6_METM7,1.0,,,,,,1,,,,
A6VGB5,A6VGB5_METM7,1.0,,,,,,1,,,,
A6VFG6,A6VFG6_METM7,1.0,,,,,,1,,,,
A6VCU1,A6VCU1_PSEA7,1.0,,,,,,1,,,,
A6VCP9,A6VCP9_PSEA7,1.0,,,,,,1,,,,
A6UYW3,BIOC_PSEA7,1.0,,,,,,1,,,,
A6UYJ8,A6UYJ8_PSEA7,1.0,,,,,,1,,,,
A6UVA0,A6UVA0_META3,1.0,,,,,,1,,,,
A6TXI6,A6TXI6_STAA2,1.0,,,,,,1,,,,
A6UAW0,A6UAW0_SINMW,1.0,,,,,,1,,,,
A6U9E4,A6U9E4_SINMW,1.0,,,,,,1,,,,
A6U4K1,A6U4K1_STAA2,1.0,,,,,,1,,,,
A6U2M7,A6U2M7_STAA2,1.0,,,,,,1,,,,
A6U263,A6U263_STAA2,1.0,,,,,,1,,,,
A6TY52,A6TY52_STAA2,1.0,,,,,,1,,,,
A6TT98,A6TT98_ALKMQ,1.0,,,,,,1,,,,
A6UBB4,A6UBB4_SINMW,1.0,,,,,,1,,,,
A6TPU4,A6TPU4_ALKMQ,1.0,,,,,,1,,,,
A6TPQ5,A6TPQ5_ALKMQ,1.0,,,,,,1,,,,
A6TP14,A6TP14_ALKMQ,1.0,,,,,,1,,,,
A6TNY6,A6TNY6_ALKMQ,1.0,,,,,,1,,,,
A6TNN5,A6TNN5_ALKMQ,1.0,,,,,,1,,,,
A6TND7,A6TND7_ALKMQ,1.0,,,,,,1,,,,
A6UB06,A6UB06_SINMW,1.0,,,,,,1,,,,
A6UBB9,A6UBB9_SINMW,1.0,,,,,,1,,,,
A6UUX4,A6UUX4_META3,1.0,,,,,,1,,,,
A6UPH8,A6UPH8_METVS,1.0,,,,,,1,,,,
A6UUC3,A6UUC3_META3,1.0,,,,,,1,,,,
A6UUB2,A6UUB2_META3,1.0,,,,,,1,,,,
A6UU38,A6UU38_META3,1.0,,,,,,1,,,,
A6UR00,A6UR00_METVS,1.0,,,,,,1,,,,
A6UQH6,A6UQH6_METVS,1.0,,,,,,1,,,,
A6UPY4,A6UPY4_METVS,1.0,,,,,,1,,,,
A6UP92,A6UP92_METVS,1.0,,,,,,1,,,,
A6UCG1,A6UCG1_SINMW,1.0,,,,,,1,,,,
A6UN89,A6UN89_METVS,1.0,,,,,,1,,,,
A6ULP8,A6ULP8_SINMW,1.0,,,,,,1,,,,
A6UHU1,A6UHU1_SINMW,1.0,,,,,,1,,,,
A6UGV5,A6UGV5_SINMW,1.0,,,,,,1,,,,
A6UGC6,A6UGC6_SINMW,1.0,,,,,,1,,,,
A6UCK1,A6UCK1_SINMW,1.0,,,,,,1,,,,
B8ZUM5,B8ZUM5_MYCLB,1.0,,,,,,1,,,,
B9IQP4,B9IQP4_POPTR,1.0,,,,,,1,,,,
B9DN09,Y1399_STACT,1.0,,,,,,1,,,,
Q2YCB8,Q2YCB8_NITMU,1.0,,,,,,1,,,,
Q2YR82,Q2YR82_BRUA2,1.0,,,,,,1,,,,
Q2YPV1,Q2YPV1_BRUA2,1.0,,,,,,1,,,,
Q2YNV4,Q2YNV4_BRUA2,1.0,,,,,,1,,,,
Q2YM34,Q2YM34_BRUA2,1.0,,,,,,1,,,,
Q2YLN0,Q2YLN0_BRUA2,1.0,,,,,,1,,,,
Q2YCJ1,Q2YCJ1_NITMU,1.0,,,,,,1,,,,
Q2YC64,Q2YC64_NITMU,1.0,,,,,,1,,,,
Q2YTH6,Q2YTH6_STAAB,1.0,,,,,,1,,,,
Q2YAK7,Q2YAK7_NITMU,1.0,,,,,,1,,,,
Q2Y9Y6,BIOC_NITMU,1.0,,,,,,1,,,,
Q2Y9U0,Q2Y9U0_NITMU,1.0,,,,,,1,,,,
Q2Y8K0,Q2Y8K0_NITMU,1.0,,,,,,1,,,,
Q2Y7P1,Q2Y7P1_NITMU,1.0,,,,,,1,,,,
Q2Y6S0,TPMT_NITMU,1.0,,,,,,1,,,,
Q2YT37,Q2YT37_STAAB,1.0,,,,,,1,,,,
Q2YV83,Q2YV83_STAAB,1.0,,,,,,1,,,,
Q2Y5Y4,Q2Y5Y4_NITMU,1.0,,,,,,1,,,,
Q30XC1,Q30XC1_DESAG,1.0,,,,,,1,,,,
Q31EJ1,Q31EJ1_THICR,1.0,,,,,,1,,,,
Q31E52,Q31E52_THICR,1.0,,,,,,1,,,,
Q31E43,RSMJ_THICR,1.0,,,,,,1,,,,
Q318S2,Q318S2_PROM9,1.0,,,,,,1,,,,
Q318N8,Q318N8_PROM9,1.0,,,,,,1,,,,
Q317K0,Q317K0_DESAG,1.0,,,,,,1,,,,
Q30XA7,Q30XA7_DESAG,1.0,,,,,,1,,,,
Q2YW34,Q2YW34_STAAB,1.0,,,,,,1,,,,
Q30T90,CMOA_SULDN,1.0,,,,,,1,,,,
Q30SA5,CMOB_SULDN,1.0,,,,,,1,,,,
Q30RC4,Q30RC4_SULDN,1.0,,,,,,1,,,,
Q30QA4,Q30QA4_SULDN,1.0,,,,,,1,,,,
Q30PS7,Q30PS7_SULDN,1.0,,,,,,1,,,,
Q30NU5,Q30NU5_SULDN,1.0,,,,,,1,,,,
Q2Y6M3,Q2Y6M3_NITMU,1.0,,,,,,1,,,,
Q2WBC0,Q2WBC0_MAGSA,1.0,,,,,,1,,,,
Q31GK2,Q31GK2_THICR,1.0,,,,,,1,,,,
Q2SW01,Q2SW01_BURTA,1.0,,,,,,1,,,,
Q2T1G7,Q2T1G7_BURTA,1.0,,,,,,1,,,,
Q2T135,Q2T135_BURTA,1.0,,,,,,1,,,,
Q2T088,Q2T088_BURTA,1.0,,,,,,1,,,,
Q2T073,Q2T073_BURTA,1.0,,,,,,1,,,,
Q2SYX4,Q2SYX4_BURTA,1.0,,,,,,1,,,,
Q2SXB4,Q2SXB4_BURTA,1.0,,,,,,1,,,,
Q2SUU8,Q2SUU8_BURTA,1.0,,,,,,1,,,,
Q2T2N4,Q2T2N4_BURTA,1.0,,,,,,1,,,,
Q2SUF0,Q2SUF0_BURTA,1.0,,,,,,1,,,,
Q2SQG1,Q2SQG1_HAHCH,1.0,,,,,,1,,,,
Q2SMX6,Q2SMX6_HAHCH,1.0,,,,,,1,,,,
Q2SMC8,Q2SMC8_HAHCH,1.0,,,,,,1,,,,
Q2SLT2,Q2SLT2_HAHCH,1.0,,,,,,1,,,,
Q2SLR1,Q2SLR1_HAHCH,1.0,,,,,,1,,,,
Q2T285,Q2T285_BURTA,1.0,,,,,,1,,,,
Q2T3D7,Q2T3D7_BURTA,1.0,,,,,,1,,,,
Q2WBA0,Q2WBA0_MAGSA,1.0,,,,,,1,,,,
Q2W050,Q2W050_MAGSA,1.0,,,,,,1,,,,
Q2WB31,Q2WB31_MAGSA,1.0,,,,,,1,,,,
Q2WAK6,Q2WAK6_MAGSA,1.0,,,,,,1,,,,
Q2WA89,Q2WA89_MAGSA,1.0,,,,,,1,,,,
Q2W6W6,Q2W6W6_MAGSA,1.0,,,,,,1,,,,
Q2W6W3,Q2W6W3_MAGSA,1.0,,,,,,1,,,,
Q2W151,Q2W151_MAGSA,1.0,,,,,,1,,,,
Q2VZT5,Q2VZT5_MAGSA,1.0,,,,,,1,,,,
Q2T5F5,Q2T5F5_BURTA,1.0,,,,,,1,,,,
Q2VZH8,Q2VZH8_MAGSA,1.0,,,,,,1,,,,
Q2UM19,MCES_ASPOR,1.0,,,,,,1,,,,
Q2T8U0,Q2T8U0_BURTA,1.0,,,,,,1,,,,
Q2T8J7,Q2T8J7_BURTA,1.0,,,,,,1,,,,
Q2T7R8,Q2T7R8_BURTA,1.0,,,,,,1,,,,
Q2T5S3,Q2T5S3_BURTA,1.0,,,,,,1,,,,
Q31ES3,Q31ES3_THICR,1.0,,,,,,1,,,,
Q31H50,Q31H50_THICR,1.0,,,,,,1,,,,
Q2SJW8,Q2SJW8_HAHCH,1.0,,,,,,1,,,,
Q387X1,Q387X1_TRYB2,1.0,,,,,,1,,,,
Q38YE8,Q38YE8_LACSS,1.0,,,,,,1,,,,
Q38VU2,Q38VU2_LACSS,1.0,,,,,,1,,,,
Q38VP2,Q38VP2_LACSS,1.0,,,,,,1,,,,
Q38D36,Q38D36_TRYB2,1.0,,,,,,1,,,,
Q38BP3,Q38BP3_TRYB2,1.0,,,,,,1,,,,
Q38AK8,Q38AK8_TRYB2,1.0,,,,,,1,,,,
Q32JQ3,Q32JQ3_SHIDS,1.0,,,,,,1,,,,
Q390T7,Q390T7_BURL3,1.0,,,,,,1,,,,
Q32JQ0,Q32JQ0_SHIDS,1.0,,,,,,1,,,,
Q32I46,Q32I46_SHIDS,1.0,,,,,,1,,,,
Q32HI0,Q32HI0_SHIDS,1.0,,,,,,1,,,,
Q32H79,CMOA_SHIDS,1.0,,,,,,1,,,,
Q32H78,CMOB_SHIDS,1.0,,,,,,1,,,,
Q32H17,Q32H17_SHIDS,1.0,,,,,,1,,,,
Q38Z29,Q38Z29_LACSS,1.0,,,,,,1,,,,
Q39227,SMT2_ARATH,1.0,,,,,,1,,,,
Q32FP1,Q32FP1_SHIDS,1.0,,,,,,1,,,,
Q39DW8,Q39DW8_BURL3,1.0,,,,,,1,,,,
Q39M45,Q39M45_BURL3,1.0,,,,,,1,,,,
Q39K30,Q39K30_BURL3,1.0,,,,,,1,,,,
Q39HP2,Q39HP2_BURL3,1.0,,,,,,1,,,,
Q39HF0,Q39HF0_BURL3,1.0,,,,,,1,,,,
Q39GG2,Q39GG2_BURL3,1.0,,,,,,1,,,,
Q39EX0,Q39EX0_BURL3,1.0,,,,,,1,,,,
Q39D17,Q39D17_BURL3,1.0,,,,,,1,,,,
Q392U8,Q392U8_BURL3,1.0,,,,,,1,,,,
Q39CP4,Q39CP4_BURL3,1.0,,,,,,1,,,,
Q39BX1,Q39BX1_BURL3,1.0,,,,,,1,,,,
Q399M1,Q399M1_BURL3,1.0,,,,,,1,,,,
Q395S1,Q395S1_BURL3,1.0,,,,,,1,,,,
Q394X1,Q394X1_BURL3,1.0,,,,,,1,,,,
Q393K7,Q393K7_BURL3,1.0,,,,,,1,,,,
Q32H15,Q32H15_SHIDS,1.0,,,,,,1,,,,
Q32FL1,Q32FL1_SHIDS,1.0,,,,,,1,,,,
Q31J92,Q31J92_THICR,1.0,,,,,,1,,,,
Q31LY6,Q31LY6_SYNE7,1.0,,,,,,1,,,,
Q31RF8,Q31RF8_SYNE7,1.0,,,,,,1,,,,
Q31QY8,Q31QY8_SYNE7,1.0,,,,,,1,,,,
Q31QP1,Q31QP1_SYNE7,1.0,,,,,,1,,,,
Q31P97,Q31P97_SYNE7,1.0,,,,,,1,,,,
Q31ND1,Q31ND1_SYNE7,1.0,,,,,,1,,,,
Q31ME1,Q31ME1_SYNE7,1.0,,,,,,1,,,,
Q31LK6,Q31LK6_SYNE7,1.0,,,,,,1,,,,
Q31S80,Q31S80_SYNE7,1.0,,,,,,1,,,,
Q31LI5,Q31LI5_SYNE7,1.0,,,,,,1,,,,
Q31KH5,Q31KH5_SYNE7,1.0,,,,,,1,,,,
Q31JJ8,CMOB_THICR,1.0,,,,,,1,,,,
Q31JJ7,CMOA_THICR,1.0,,,,,,1,,,,
Q31JJ3,Q31JJ3_THICR,1.0,,,,,,1,,,,
Q31JI8,Q31JI8_THICR,1.0,,,,,,1,,,,
Q31S02,Q31S02_SYNE7,1.0,,,,,,1,,,,
Q31S91,Q31S91_SYNE7,1.0,,,,,,1,,,,
Q32F37,Q32F37_SHIDS,1.0,,,,,,1,,,,
Q322S6,Q322S6_SHIBS,1.0,,,,,,1,,,,
Q32E41,Q32E41_SHIDS,1.0,,,,,,1,,,,
Q32AW6,RSMJ_SHIDS,1.0,,,,,,1,,,,
Q325T6,Q325T6_SHIBS,1.0,,,,,,1,,,,
Q325T3,Q325T3_SHIBS,1.0,,,,,,1,,,,
Q324B5,Q324B5_SHIBS,1.0,,,,,,1,,,,
Q322Z3,Q322Z3_SHIBS,1.0,,,,,,1,,,,
Q322J0,CMOB_SHIBS,1.0,,,,,,1,,,,
Q31SA8,Q31SA8_SYNE7,1.0,,,,,,1,,,,
Q322I9,CMOA_SHIBS,1.0,,,,,,1,,,,
Q321Z5,Q321Z5_SHIBS,1.0,,,,,,1,,,,
Q320J4,Q320J4_SHIBS,1.0,,,,,,1,,,,
Q320H6,Q320H6_SHIBS,1.0,,,,,,1,,,,
Q31YS9,Q31YS9_SHIBS,1.0,,,,,,1,,,,
Q31VC8,RSMJ_SHIBS,1.0,,,,,,1,,,,
Q2SL17,RSMJ_HAHCH,1.0,,,,,,1,,,,
Q2SJW1,CMOB_HAHCH,1.0,,,,,,1,,,,
Q39RE9,Q39RE9_GEOMG,1.0,,,,,,1,,,,
Q2K5C4,Q2K5C4_RHIEC,1.0,,,,,,1,,,,
Q2K7L3,Q2K7L3_RHIEC,1.0,,,,,,1,,,,
Q2K6N3,Q2K6N3_RHIEC,1.0,,,,,,1,,,,
Q2K6M9,Q2K6M9_RHIEC,1.0,,,,,,1,,,,
Q2K6A1,Q2K6A1_RHIEC,1.0,,,,,,1,,,,
Q2K696,Q2K696_RHIEC,1.0,,,,,,1,,,,
Q2K5I6,Q2K5I6_RHIEC,1.0,,,,,,1,,,,
Q2K3S3,Q2K3S3_RHIEC,1.0,,,,,,1,,,,
Q2KAY0,Q2KAY0_RHIEC,1.0,,,,,,1,,,,
Q2K3M7,Q2K3M7_RHIEC,1.0,,,,,,1,,,,
Q2K232,Q2K232_RHIEC,1.0,,,,,,1,,,,
Q2K1Y7,Q2K1Y7_RHIEC,1.0,,,,,,1,,,,
Q2K197,Q2K197_RHIEC,1.0,,,,,,1,,,,
Q2K0E9,Q2K0E9_RHIEC,1.0,,,,,,1,,,,
Q2JXT1,Q2JXT1_SYNJA,1.0,,,,,,1,,,,
Q2K9F5,Q2K9F5_RHIEC,1.0,,,,,,1,,,,
Q2KBB5,Q2KBB5_RHIEC,1.0,,,,,,1,,,,
Q2JX38,Q2JX38_SYNJA,1.0,,,,,,1,,,,
Q2L1F0,Q2L1F0_BORA1,1.0,,,,,,1,,,,
Q2LU83,Q2LU83_SYNAS,1.0,,,,,,1,,,,
Q2LT35,Q2LT35_SYNAS,1.0,,,,,,1,,,,
Q2LSG9,Q2LSG9_SYNAS,1.0,,,,,,1,,,,
Q2LRJ6,Q2LRJ6_SYNAS,1.0,,,,,,1,,,,
Q2LR02,Q2LR02_SYNAS,1.0,,,,,,1,,,,
Q2L1V9,Q2L1V9_BORA1,1.0,,,,,,1,,,,
Q2L0C1,Q2L0C1_BORA1,1.0,,,,,,1,,,,
Q2KC54,Q2KC54_RHIEC,1.0,,,,,,1,,,,
Q2KYT7,Q2KYT7_BORA1,1.0,,,,,,1,,,,
Q2KXN6,BIOCD_BORA1,1.0,,,,,,1,,,,
Q2KV81,TPMT_BORA1,1.0,,,,,,1,,,,
Q2KUI5,Q2KUI5_BORA1,1.0,,,,,,1,,,,
Q2KU64,Q2KU64_BORA1,1.0,,,,,,1,,,,
Q2KC70,Q2KC70_RHIEC,1.0,,,,,,1,,,,
Q2JXN1,Q2JXN1_SYNJA,1.0,,,,,,1,,,,
Q2JWU9,Q2JWU9_SYNJA,1.0,,,,,,1,,,,
Q2LVN7,Q2LVN7_SYNAS,1.0,,,,,,1,,,,
Q2JFT2,Q2JFT2_FRASC,1.0,,,,,,1,,,,
Q2JI04,Q2JI04_SYNJB,1.0,,,,,,1,,,,
Q2JHN2,Q2JHN2_SYNJB,1.0,,,,,,1,,,,
Q2JHK2,Q2JHK2_SYNJB,1.0,,,,,,1,,,,
Q2JH98,Q2JH98_SYNJB,1.0,,,,,,1,,,,
Q2JH91,Q2JH91_SYNJB,1.0,,,,,,1,,,,
Q2JG47,Q2JG47_FRASC,1.0,,,,,,1,,,,
Q2JFQ5,Q2JFQ5_FRASC,1.0,,,,,,1,,,,
Q2JJF9,Q2JJF9_SYNJB,1.0,,,,,,1,,,,
Q2JFP9,Q2JFP9_FRASC,1.0,,,,,,1,,,,
Q2JED5,Q2JED5_FRASC,1.0,,,,,,1,,,,
Q2JDZ9,Q2JDZ9_FRASC,1.0,,,,,,1,,,,
Q2JDH0,Q2JDH0_FRASC,1.0,,,,,,1,,,,
Q2JDG8,Q2JDG8_FRASC,1.0,,,,,,1,,,,
Q2JD64,Q2JD64_FRASC,1.0,,,,,,1,,,,
Q2JIX1,Q2JIX1_SYNJB,1.0,,,,,,1,,,,
Q2JJH5,Q2JJH5_SYNJB,1.0,,,,,,1,,,,
Q2JVM9,Q2JVM9_SYNJA,1.0,,,,,,1,,,,
Q2JRQ3,Q2JRQ3_SYNJA,1.0,,,,,,1,,,,
Q2JVI9,Q2JVI9_SYNJA,1.0,,,,,,1,,,,
Q2JUY4,Q2JUY4_SYNJA,1.0,,,,,,1,,,,
Q2JUK9,Q2JUK9_SYNJA,1.0,,,,,,1,,,,
Q2JT61,Q2JT61_SYNJA,1.0,,,,,,1,,,,
Q2JT10,Q2JT10_SYNJA,1.0,,,,,,1,,,,
Q2JSI4,Q2JSI4_SYNJA,1.0,,,,,,1,,,,
Q2JRM3,Q2JRM3_SYNJA,1.0,,,,,,1,,,,
Q2JJZ3,Q2JJZ3_SYNJB,1.0,,,,,,1,,,,
Q2JR51,Q2JR51_SYNJA,1.0,,,,,,1,,,,
Q2JND8,Q2JND8_SYNJB,1.0,,,,,,1,,,,
Q2JNA4,Q2JNA4_SYNJB,1.0,,,,,,1,,,,
Q2JMS8,Q2JMS8_SYNJB,1.0,,,,,,1,,,,
Q2JLZ1,Q2JLZ1_SYNJB,1.0,,,,,,1,,,,
Q2JL62,Q2JL62_SYNJB,1.0,,,,,,1,,,,
Q2LV42,Q2LV42_SYNAS,1.0,,,,,,1,,,,
Q2LWA8,Q2LWA8_SYNAS,1.0,,,,,,1,,,,
Q2SJW0,CMOA_HAHCH,1.0,,,,,,1,,,,
Q2RP81,Q2RP81_RHORT,1.0,,,,,,1,,,,
Q2S0E9,Q2S0E9_SALRD,1.0,,,,,,1,,,,
Q2S048,Q2S048_SALRD,1.0,,,,,,1,,,,
Q2RWF5,Q2RWF5_RHORT,1.0,,,,,,1,,,,
Q2RTW9,Q2RTW9_RHORT,1.0,,,,,,1,,,,
Q2RSK2,Q2RSK2_RHORT,1.0,,,,,,1,,,,
Q2RP83,Q2RP83_RHORT,1.0,,,,,,1,,,,
Q2RN49,Q2RN49_RHORT,1.0,,,,,,1,,,,
Q2S2D4,Q2S2D4_SALRD,1.0,,,,,,1,,,,
Q2RMY2,Q2RMY2_RHORT,1.0,,,,,,1,,,,
Q2RML8,Q2RML8_RHORT,1.0,,,,,,1,,,,
Q2RMI1,Q2RMI1_MOOTA,1.0,,,,,,1,,,,
Q2RJ99,Q2RJ99_MOOTA,1.0,,,,,,1,,,,
Q2RIK5,Q2RIK5_MOOTA,1.0,,,,,,1,,,,
Q2RHR7,Q2RHR7_MOOTA,1.0,,,,,,1,,,,
Q2S268,Q2S268_SALRD,1.0,,,,,,1,,,,
Q2S3C5,Q2S3C5_SALRD,1.0,,,,,,1,,,,
Q2P909,Q2P909_XANOM,1.0,,,,,,1,,,,
Q2SEK0,Q2SEK0_HAHCH,1.0,,,,,,1,,,,
Q2SJT4,Q2SJT4_HAHCH,1.0,,,,,,1,,,,
Q2SJH4,Q2SJH4_HAHCH,1.0,,,,,,1,,,,
Q2SJ46,Q2SJ46_HAHCH,1.0,,,,,,1,,,,
Q2SH76,Q2SH76_HAHCH,1.0,,,,,,1,,,,
Q2SG26,Q2SG26_HAHCH,1.0,,,,,,1,,,,
Q2SFH3,Q2SFH3_HAHCH,1.0,,,,,,1,,,,
Q2SBD7,BIOC_HAHCH,1.0,,,,,,1,,,,
Q2S3S9,Q2S3S9_SALRD,1.0,,,,,,1,,,,
Q2S9J5,Q2S9J5_HAHCH,1.0,,,,,,1,,,,
Q2S8L9,Q2S8L9_HAHCH,1.0,,,,,,1,,,,
Q2S7Z6,Q2S7Z6_HAHCH,1.0,,,,,,1,,,,
Q2S771,Q2S771_HAHCH,1.0,,,,,,1,,,,
Q2S6G4,Q2S6G4_SALRD,1.0,,,,,,1,,,,
Q2S4G4,Q2S4G4_SALRD,1.0,,,,,,1,,,,
Q2QM69,BQMT2_ORYSJ,1.0,,,,,,1,,,,
Q2P863,Q2P863_XANOM,1.0,,,,,,1,,,,
Q2LWH0,Q2LWH0_SYNAS,1.0,,,,,,1,,,,
Q2N9J0,Q2N9J0_ERYLH,1.0,,,,,,1,,,,
Q2ND57,Q2ND57_ERYLH,1.0,,,,,,1,,,,
Q2NBD1,Q2NBD1_ERYLH,1.0,,,,,,1,,,,
Q2NAM4,Q2NAM4_ERYLH,1.0,,,,,,1,,,,
Q2NA49,Q2NA49_ERYLH,1.0,,,,,,1,,,,
Q2NA43,Q2NA43_ERYLH,1.0,,,,,,1,,,,
Q2N9K4,Q2N9K4_ERYLH,1.0,,,,,,1,,,,
Q2N9A9,Q2N9A9_ERYLH,1.0,,,,,,1,,,,
Q2NGQ3,Q2NGQ3_METST,1.0,,,,,,1,,,,
Q2N8A8,Q2N8A8_ERYLH,1.0,,,,,,1,,,,
Q2N879,Q2N879_ERYLH,1.0,,,,,,1,,,,
Q2N7G8,Q2N7G8_ERYLH,1.0,,,,,,1,,,,
Q2M5Q0,Q2M5Q0_CAMJJ,1.0,,,,,,1,,,,
Q2LX37,Q2LX37_SYNAS,1.0,,,,,,1,,,,
Q2LWP5,Q2LWP5_SYNAS,1.0,,,,,,1,,,,
Q2ND72,Q2ND72_ERYLH,1.0,,,,,,1,,,,
Q2NHZ3,Q2NHZ3_METST,1.0,,,,,,1,,,,
Q2P7L3,Q2P7L3_XANOM,1.0,,,,,,1,,,,
Q2NZF4,Q2NZF4_XANOM,1.0,,,,,,1,,,,
Q2P763,Q2P763_XANOM,1.0,,,,,,1,,,,
Q2P4C8,Q2P4C8_XANOM,1.0,,,,,,1,,,,
Q2P416,Q2P416_XANOM,1.0,,,,,,1,,,,
Q2P3L9,Q2P3L9_XANOM,1.0,,,,,,1,,,,
Q2P1I4,Q2P1I4_XANOM,1.0,,,,,,1,,,,
Q2P1I2,Q2P1I2_XANOM,1.0,,,,,,1,,,,
Q2NZE2,Q2NZE2_XANOM,1.0,,,,,,1,,,,
Q2NQD1,Q2NQD1_SODGM,1.0,,,,,,1,,,,
Q2NVG0,Q2NVG0_SODGM,1.0,,,,,,1,,,,
Q2NUJ5,Q2NUJ5_SODGM,1.0,,,,,,1,,,,
Q2NUA0,Q2NUA0_SODGM,1.0,,,,,,1,,,,
Q2NTJ8,CMOB_SODGM,1.0,,,,,,1,,,,
Q2NTJ7,CMOA_SODGM,1.0,,,,,,1,,,,
Q2NTC8,Q2NTC8_SODGM,1.0,,,,,,1,,,,
Q39P65,Q39P65_BURL3,1.0,,,,,,1,,,,
Q39RS6,Q39RS6_GEOMG,1.0,,,,,,1,,,,
Q2JC43,Q2JC43_FRASC,1.0,,,,,,1,,,,
Q3SV20,Q3SV20_NITWN,1.0,,,,,,1,,,,
Q3U3W5,ANM9_MOUSE,1.0,,,,,,1,,,,
Q3SX25,Q3SX25_BOVIN,1.0,,,,,,1,,,,
Q3SW66,Q3SW66_NITWN,1.0,,,,,,1,,,,
Q3SVQ0,Q3SVQ0_NITWN,1.0,,,,,,1,,,,
Q3SVN8,Q3SVN8_NITWN,1.0,,,,,,1,,,,
Q3SV38,Q3SV38_NITWN,1.0,,,,,,1,,,,
Q3SUS9,Q3SUS9_NITWN,1.0,,,,,,1,,,,
Q3YSC3,Q3YSC3_EHRCJ,1.0,,,,,,1,,,,
Q3SRD5,Q3SRD5_NITWN,1.0,,,,,,1,,,,
Q3SQN8,Q3SQN8_NITWN,1.0,,,,,,1,,,,
Q3SPY7,Q3SPY7_NITWN,1.0,,,,,,1,,,,
Q3SLX7,Q3SLX7_THIDA,1.0,,,,,,1,,,,
Q3SKY6,Q3SKY6_THIDA,1.0,,,,,,1,,,,
Q3SJY8,Q3SJY8_THIDA,1.0,,,,,,1,,,,
Q3V1G0,Q3V1G0_MOUSE,1.0,,,,,,1,,,,
Q3YT90,Q3YT90_EHRCJ,1.0,,,,,,1,,,,
Q3SIB1,Q3SIB1_THIDA,1.0,,,,,,1,,,,
Q3Z3K0,Q3Z3K0_SHISS,1.0,,,,,,1,,,,
Q3Z9F2,Q3Z9F2_DEHM1,1.0,,,,,,1,,,,
Q3Z8U6,Q3Z8U6_DEHM1,1.0,,,,,,1,,,,
Q3Z662,Q3Z662_DEHM1,1.0,,,,,,1,,,,
Q3Z5F3,Q3Z5F3_SHISS,1.0,,,,,,1,,,,
Q3Z5F0,Q3Z5F0_SHISS,1.0,,,,,,1,,,,
Q3Z407,Q3Z407_SHISS,1.0,,,,,,1,,,,
Q3Z2P7,CMOB_SHISS,1.0,,,,,,1,,,,
Q3YW34,RSMJ_SHISS,1.0,,,,,,1,,,,
Q3Z2P6,CMOA_SHISS,1.0,,,,,,1,,,,
Q3Z2G3,Q3Z2G3_SHISS,1.0,,,,,,1,,,,
Q3Z1G0,Q3Z1G0_SHISS,1.0,,,,,,1,,,,
Q3Z1D7,Q3Z1D7_SHISS,1.0,,,,,,1,,,,
Q3Z105,Q3Z105_SHISS,1.0,,,,,,1,,,,
Q3Z083,Q3Z083_SHISS,1.0,,,,,,1,,,,
Q3SJY4,Q3SJY4_THIDA,1.0,,,,,,1,,,,
Q3SI48,Q3SI48_THIDA,1.0,,,,,,1,,,,
Q3ZWZ4,Q3ZWZ4_DEHMC,1.0,,,,,,1,,,,
Q3M421,Q3M421_ANAVT,1.0,,,,,,1,,,,
Q3M6U6,Q3M6U6_ANAVT,1.0,,,,,,1,,,,
Q3M671,Q3M671_ANAVT,1.0,,,,,,1,,,,
Q3M5R2,Q3M5R2_ANAVT,1.0,,,,,,1,,,,
Q3M5J6,Q3M5J6_ANAVT,1.0,,,,,,1,,,,
Q3M4D5,Q3M4D5_ANAVT,1.0,,,,,,1,,,,
Q3M4D1,Q3M4D1_ANAVT,1.0,,,,,,1,,,,
Q3M3X1,Q3M3X1_ANAVT,1.0,,,,,,1,,,,
Q3M7S0,Q3M7S0_ANAVT,1.0,,,,,,1,,,,
Q3M3N3,Q3M3N3_ANAVT,1.0,,,,,,1,,,,
Q3M245,Q3M245_ANAVT,1.0,,,,,,1,,,,
Q3KMN6,Q3KMN6_CHLTA,1.0,,,,,,1,,,,
Q3KKK9,Q3KKK9_CHLTA,1.0,,,,,,1,,,,
Q3KJS9,Q3KJS9_PSEPF,1.0,,,,,,1,,,,
Q3KJK5,Q3KJK5_PSEPF,1.0,,,,,,1,,,,
Q3M7L0,Q3M7L0_ANAVT,1.0,,,,,,1,,,,
Q3M8E8,Q3M8E8_ANAVT,1.0,,,,,,1,,,,
Q3SGX8,Q3SGX8_THIDA,1.0,,,,,,1,,,,
Q3MEY9,Q3MEY9_ANAVT,1.0,,,,,,1,,,,
Q3SGX1,Q3SGX1_THIDA,1.0,,,,,,1,,,,
Q3MSU6,Q3MSU6_ASPNG,1.0,,,,,,1,,,,
Q3MHV5,Q3MHV5_BOVIN,1.0,,,,,,1,,,,
Q3MHA5,Q3MHA5_ANAVT,1.0,,,,,,1,,,,
Q3MGW1,Q3MGW1_ANAVT,1.0,,,,,,1,,,,
Q3MFV9,Q3MFV9_ANAVT,1.0,,,,,,1,,,,
Q3MEU0,Q3MEU0_ANAVT,1.0,,,,,,1,,,,
Q3M9V3,Q3M9V3_ANAVT,1.0,,,,,,1,,,,
Q3MER7,Q3MER7_ANAVT,1.0,,,,,,1,,,,
Q3MEB9,Q3MEB9_ANAVT,1.0,,,,,,1,,,,
Q3ME84,Q3ME84_ANAVT,1.0,,,,,,1,,,,
Q3MCT8,Q3MCT8_ANAVT,1.0,,,,,,1,,,,
Q3MAZ2,Q3MAZ2_ANAVT,1.0,,,,,,1,,,,
Q3M9W6,Q3M9W6_ANAVT,1.0,,,,,,1,,,,
Q3ZW58,Q3ZW58_DEHMC,1.0,,,,,,1,,,,
Q3ZYY0,Q3ZYY0_DEHMC,1.0,,,,,,1,,,,
Q3KHD6,RSMJ_PSEPF,1.0,,,,,,1,,,,
Q46PN2,Q46PN2_CUPPJ,1.0,,,,,,1,,,,
Q46YG5,Q46YG5_CUPPJ,1.0,,,,,,1,,,,
Q46VI1,Q46VI1_CUPPJ,1.0,,,,,,1,,,,
Q46U16,Q46U16_CUPPJ,1.0,,,,,,1,,,,
Q46TC7,Q46TC7_CUPPJ,1.0,,,,,,1,,,,
Q46RE8,Q46RE8_CUPPJ,1.0,,,,,,1,,,,
Q46RC1,Q46RC1_CUPPJ,1.0,,,,,,1,,,,
Q46LJ6,Q46LJ6_PROMT,1.0,,,,,,1,,,,
Q474T3,Q474T3_CUPPJ,1.0,,,,,,1,,,,
Q46JP9,Q46JP9_PROMT,1.0,,,,,,1,,,,
Q46JM0,Q46JM0_PROMT,1.0,,,,,,1,,,,
Q46IW7,Q46IW7_PROMT,1.0,,,,,,1,,,,
Q46IF8,Q46IF8_PROMT,1.0,,,,,,1,,,,
Q46I25,Q46I25_PROMT,1.0,,,,,,1,,,,
Q46GJ1,Q46GJ1_METBF,1.0,,,,,,1,,,,
Q473F2,Q473F2_CUPPJ,1.0,,,,,,1,,,,
Q475G4,Q475G4_CUPPJ,1.0,,,,,,1,,,,
Q46FP4,Q46FP4_METBF,1.0,,,,,,1,,,,
Q47F37,Q47F37_DECAR,1.0,,,,,,1,,,,
Q47JU3,Q47JU3_DECAR,1.0,,,,,,1,,,,
Q47IZ2,RSMJ_DECAR,1.0,,,,,,1,,,,
Q47IR0,Q47IR0_DECAR,1.0,,,,,,1,,,,
Q47IF5,Q47IF5_DECAR,1.0,,,,,,1,,,,
Q47FV2,Q47FV2_DECAR,1.0,,,,,,1,,,,
Q47FN8,Q47FN8_DECAR,1.0,,,,,,1,,,,
Q47CI5,Q47CI5_DECAR,1.0,,,,,,1,,,,
Q475W6,Q475W6_CUPPJ,1.0,,,,,,1,,,,
Q47C02,BIOC_DECAR,1.0,,,,,,1,,,,
Q47B73,Q47B73_DECAR,1.0,,,,,,1,,,,
Q47AB7,Q47AB7_DECAR,1.0,,,,,,1,,,,
Q479S7,Q479S7_DECAR,1.0,,,,,,1,,,,
Q476W4,Q476W4_CUPPJ,1.0,,,,,,1,,,,
Q476I9,Q476I9_CUPPJ,1.0,,,,,,1,,,,
Q46G47,Q46G47_METBF,1.0,,,,,,1,,,,
Q46FI6,Q46FI6_METBF,1.0,,,,,,1,,,,
Q3ZZE8,Q3ZZE8_DEHMC,1.0,,,,,,1,,,,
Q467P6,Q467P6_METBF,1.0,,,,,,1,,,,
Q469X3,Q469X3_METBF,1.0,,,,,,1,,,,
Q469R7,Q469R7_METBF,1.0,,,,,,1,,,,
Q469N5,Q469N5_METBF,1.0,,,,,,1,,,,
Q469H6,Q469H6_METBF,1.0,,,,,,1,,,,
Q467Y8,Q467Y8_METBF,1.0,,,,,,1,,,,
Q467W9,Q467W9_METBF,1.0,,,,,,1,,,,
Q466L0,Q466L0_METBF,1.0,,,,,,1,,,,
Q46A38,Q46A38_METBF,1.0,,,,,,1,,,,
Q465L4,Q465L4_METBF,1.0,,,,,,1,,,,
Q465K6,Q465K6_METBF,1.0,,,,,,1,,,,
Q465K3,Q465K3_METBF,1.0,,,,,,1,,,,
Q465E3,Q465E3_METBF,1.0,,,,,,1,,,,
Q465A3,Q465A3_METBF,1.0,,,,,,1,,,,
Q465A0,Q465A0_METBF,1.0,,,,,,1,,,,
Q469Y0,Q469Y0_METBF,1.0,,,,,,1,,,,
Q46A41,Q46A41_METBF,1.0,,,,,,1,,,,
Q46FD3,Q46FD3_METBF,1.0,,,,,,1,,,,
Q46ER7,Q46ER7_METBF,1.0,,,,,,1,,,,
Q46F97,Q46F97_METBF,1.0,,,,,,1,,,,
Q46F96,Q46F96_METBF,1.0,,,,,,1,,,,
Q46F92,Q46F92_METBF,1.0,,,,,,1,,,,
Q46F86,Q46F86_METBF,1.0,,,,,,1,,,,
Q46F00,Q46F00_METBF,1.0,,,,,,1,,,,
Q46EZ9,Q46EZ9_METBF,1.0,,,,,,1,,,,
Q46EI4,Q46EI4_METBF,1.0,,,,,,1,,,,
Q46AX5,Q46AX5_METBF,1.0,,,,,,1,,,,
Q46D97,Q46D97_METBF,1.0,,,,,,1,,,,
Q46D00,Q46D00_METBF,1.0,,,,,,1,,,,
Q46CZ4,Q46CZ4_METBF,1.0,,,,,,1,,,,
Q46CS1,Q46CS1_METBF,1.0,,,,,,1,,,,
Q46CJ5,Q46CJ5_METBF,1.0,,,,,,1,,,,
Q46CD1,Q46CD1_METBF,1.0,,,,,,1,,,,
Q3KIM9,Q3KIM9_PSEPF,1.0,,,,,,1,,,,
Q3KHC6,Q3KHC6_PSEPF,1.0,,,,,,1,,,,
Q39RT7,Q39RT7_GEOMG,1.0,,,,,,1,,,,
Q3AUD2,Q3AUD2_CHLCH,1.0,,,,,,1,,,,
Q3B136,Q3B136_PELLD,1.0,,,,,,1,,,,
Q3AZM8,Q3AZM8_SYNS9,1.0,,,,,,1,,,,
Q3AXM3,Q3AXM3_SYNS9,1.0,,,,,,1,,,,
Q3AXH0,Q3AXH0_SYNS9,1.0,,,,,,1,,,,
Q3AW50,Q3AW50_SYNS9,1.0,,,,,,1,,,,
Q3AVA1,Q3AVA1_SYNS9,1.0,,,,,,1,,,,
Q3AS75,Q3AS75_CHLCH,1.0,,,,,,1,,,,
Q3B1T2,Q3B1T2_PELLD,1.0,,,,,,1,,,,
Q3AS64,Q3AS64_CHLCH,1.0,,,,,,1,,,,
Q3ANZ2,Q3ANZ2_CHLCH,1.0,,,,,,1,,,,
Q3ANS3,Q3ANS3_CHLCH,1.0,,,,,,1,,,,
Q3AMT9,Q3AMT9_SYNSC,1.0,,,,,,1,,,,
Q3ALP4,Q3ALP4_SYNSC,1.0,,,,,,1,,,,
Q3AKC3,Q3AKC3_SYNSC,1.0,,,,,,1,,,,
Q3B172,BIOC_PELLD,1.0,,,,,,1,,,,
Q3B1Y2,Q3B1Y2_PELLD,1.0,,,,,,1,,,,
Q3AHA7,Q3AHA7_SYNSC,1.0,,,,,,1,,,,
Q3BU30,Q3BU30_XANC5,1.0,,,,,,1,,,,
Q3BVM4,Q3BVM4_XANC5,1.0,,,,,,1,,,,
Q3BVI6,TPMT_XANC5,1.0,,,,,,1,,,,
Q3BV78,Q3BV78_XANC5,1.0,,,,,,1,,,,
Q3BUV3,Q3BUV3_XANC5,1.0,,,,,,1,,,,
Q3BUV1,Q3BUV1_XANC5,1.0,,,,,,1,,,,
Q3BUJ6,Q3BUJ6_XANC5,1.0,,,,,,1,,,,
Q3BP62,Q3BP62_XANC5,1.0,,,,,,1,,,,
Q3B3G8,Q3B3G8_PELLD,1.0,,,,,,1,,,,
Q3BKJ3,Q3BKJ3_THESQ,1.0,,,,,,1,,,,
Q3BCR8,TPMT_PANTR,1.0,,,,,,1,,,,
Q3BCR6,TPMT_HORSE,1.0,,,,,,1,,,,
Q3BCQ8,TPMT_RABIT,1.0,,,,,,1,,,,
Q3B4T7,Q3B4T7_PELLD,1.0,,,,,,1,,,,
Q3B458,Q3B458_PELLD,1.0,,,,,,1,,,,
Q3AHJ8,Q3AHJ8_SYNSC,1.0,,,,,,1,,,,
Q3AGP7,Q3AGP7_SYNSC,1.0,,,,,,1,,,,
Q3BXC7,Q3BXC7_XANC5,1.0,,,,,,1,,,,
Q39XR1,Q39XR1_GEOMG,1.0,,,,,,1,,,,
Q3A391,Q3A391_PELCD,1.0,,,,,,1,,,,
Q3A2W8,Q3A2W8_PELCD,1.0,,,,,,1,,,,
Q3A1Y7,Q3A1Y7_PELCD,1.0,,,,,,1,,,,
Q3A150,Q3A150_PELCD,1.0,,,,,,1,,,,
Q3A0U2,Q3A0U2_PELCD,1.0,,,,,,1,,,,
Q39YH5,Q39YH5_GEOMG,1.0,,,,,,1,,,,
Q39XI7,Q39XI7_GEOMG,1.0,,,,,,1,,,,
Q3A476,Q3A476_PELCD,1.0,,,,,,1,,,,
Q39XD8,Q39XD8_GEOMG,1.0,,,,,,1,,,,
Q39UW0,Q39UW0_GEOMG,1.0,,,,,,1,,,,
Q39UN9,Q39UN9_GEOMG,1.0,,,,,,1,,,,
Q39TL8,Q39TL8_GEOMG,1.0,,,,,,1,,,,
Q39SM2,CMOB_GEOMG,1.0,,,,,,1,,,,
Q39SM1,CMOA_GEOMG,1.0,,,,,,1,,,,
Q3A400,Q3A400_PELCD,1.0,,,,,,1,,,,
Q3A4R9,Q3A4R9_PELCD,1.0,,,,,,1,,,,
Q3AFI6,Q3AFI6_CARHZ,1.0,,,,,,1,,,,
Q3A8K4,Q3A8K4_PELCD,1.0,,,,,,1,,,,
Q3AEM4,Q3AEM4_CARHZ,1.0,,,,,,1,,,,
Q3AEM1,Q3AEM1_CARHZ,1.0,,,,,,1,,,,
Q3AD86,Q3AD86_CARHZ,1.0,,,,,,1,,,,
Q3ACF9,Q3ACF9_CARHZ,1.0,,,,,,1,,,,
Q3ACA7,Q3ACA7_CARHZ,1.0,,,,,,1,,,,
Q3AAN3,Q3AAN3_CARHZ,1.0,,,,,,1,,,,
Q3A8E9,CMOB_PELCD,1.0,,,,,,1,,,,
Q3A5P1,Q3A5P1_PELCD,1.0,,,,,,1,,,,
Q3A8E8,CMOA_PELCD,1.0,,,,,,1,,,,
Q3A881,Q3A881_PELCD,1.0,,,,,,1,,,,
Q3A808,Q3A808_PELCD,1.0,,,,,,1,,,,
Q3A757,Q3A757_PELCD,1.0,,,,,,1,,,,
Q3A693,Q3A693_PELCD,1.0,,,,,,1,,,,
Q3A691,Q3A691_PELCD,1.0,,,,,,1,,,,
Q3BXB5,Q3BXB5_XANC5,1.0,,,,,,1,,,,
Q3BY83,Q3BY83_XANC5,1.0,,,,,,1,,,,
Q3KGR2,Q3KGR2_PSEPF,1.0,,,,,,1,,,,
Q3JUY2,Q3JUY2_BURP1,1.0,,,,,,1,,,,
Q3K4Q6,Q3K4Q6_PSEPF,1.0,,,,,,1,,,,
Q3JXN8,Q3JXN8_BURP1,1.0,,,,,,1,,,,
Q3JXB3,Q3JXB3_BURP1,1.0,,,,,,1,,,,
Q3JWG9,Q3JWG9_BURP1,1.0,,,,,,1,,,,
Q3JWD6,Q3JWD6_BURP1,1.0,,,,,,1,,,,
Q3JVZ1,Q3JVZ1_BURP1,1.0,,,,,,1,,,,
Q3JUW5,Q3JUW5_BURP1,1.0,,,,,,1,,,,
Q3K5P4,Q3K5P4_PSEPF,1.0,,,,,,1,,,,
Q3JTU8,Q3JTU8_BURP1,1.0,,,,,,1,,,,
Q3JSC3,Q3JSC3_BURP1,1.0,,,,,,1,,,,
Q3JQR7,Q3JQR7_BURP1,1.0,,,,,,1,,,,
Q3JPL5,Q3JPL5_BURP1,1.0,,,,,,1,,,,
Q3JN71,Q3JN71_BURP1,1.0,,,,,,1,,,,
Q3JMH5,Q3JMH5_BURP1,1.0,,,,,,1,,,,
Q3K593,Q3K593_PSEPF,1.0,,,,,,1,,,,
Q3K7D4,CMOB_PSEPF,1.0,,,,,,1,,,,
Q3JK65,Q3JK65_BURP1,1.0,,,,,,1,,,,
Q3KE94,Q3KE94_PSEPF,1.0,,,,,,1,,,,
Q3KGN5,Q3KGN5_PSEPF,1.0,,,,,,1,,,,
Q3KG50,Q3KG50_PSEPF,1.0,,,,,,1,,,,
Q3KF22,Q3KF22_PSEPF,1.0,,,,,,1,,,,
Q3KEQ7,Q3KEQ7_PSEPF,1.0,,,,,,1,,,,
Q3KEI4,Q3KEI4_PSEPF,1.0,,,,,,1,,,,
Q3KEH1,Q3KEH1_PSEPF,1.0,,,,,,1,,,,
Q3KE78,Q3KE78_PSEPF,1.0,,,,,,1,,,,
Q3K7D5,CMOA_PSEPF,1.0,,,,,,1,,,,
Q3KE36,Q3KE36_PSEPF,1.0,,,,,,1,,,,
Q3KD73,Q3KD73_PSEPF,1.0,,,,,,1,,,,
Q3KC81,Q3KC81_PSEPF,1.0,,,,,,1,,,,
Q3KBR2,Q3KBR2_PSEPF,1.0,,,,,,1,,,,
Q3K9M9,Q3K9M9_PSEPF,1.0,,,,,,1,,,,
Q3K932,TPMT_PSEPF,1.0,,,,,,1,,,,
Q3JMF8,Q3JMF8_BURP1,1.0,,,,,,1,,,,
Q3JHZ9,Q3JHZ9_BURP1,1.0,,,,,,1,,,,
Q3BYN4,Q3BYN4_XANC5,1.0,,,,,,1,,,,
Q3IMI2,Q3IMI2_NATPD,1.0,,,,,,1,,,,
Q3IPP8,Q3IPP8_NATPD,1.0,,,,,,1,,,,
Q3IPP4,Q3IPP4_NATPD,1.0,,,,,,1,,,,
Q3IPG5,Q3IPG5_NATPD,1.0,,,,,,1,,,,
Q3IP00,Q3IP00_NATPD,1.0,,,,,,1,,,,
Q3IMQ0,Q3IMQ0_NATPD,1.0,,,,,,1,,,,
Q3IMK6,Q3IMK6_NATPD,1.0,,,,,,1,,,,
Q3IL14,Q3IL14_PSEHT,1.0,,,,,,1,,,,
Q3IT54,Q3IT54_NATPD,1.0,,,,,,1,,,,
Q3IIS0,Q3IIS0_PSEHT,1.0,,,,,,1,,,,
Q3IIQ4,CMOA_PSEHT,1.0,,,,,,1,,,,
Q3IIQ3,CMOB_PSEHT,1.0,,,,,,1,,,,
Q3IIA6,RSMJ_PSEHT,1.0,,,,,,1,,,,
Q3IGS8,Q3IGS8_PSEHT,1.0,,,,,,1,,,,
Q3ICS7,Q3ICS7_PSEHT,1.0,,,,,,1,,,,
Q3IQF0,Q3IQF0_NATPD,1.0,,,,,,1,,,,
Q3ITG4,Q3ITG4_NATPD,1.0,,,,,,1,,,,
Q3JHI1,Q3JHI1_BURP1,1.0,,,,,,1,,,,
Q3JAZ3,Q3JAZ3_NITOC,1.0,,,,,,1,,,,
Q3JF98,Q3JF98_BURP1,1.0,,,,,,1,,,,
Q3JD36,Q3JD36_NITOC,1.0,,,,,,1,,,,
Q3JCM0,Q3JCM0_NITOC,1.0,,,,,,1,,,,
Q3JCE3,Q3JCE3_NITOC,1.0,,,,,,1,,,,
Q3JC80,RSMJ_NITOC,1.0,,,,,,1,,,,
Q3JBN4,Q3JBN4_NITOC,1.0,,,,,,1,,,,
Q3JAE6,Q3JAE6_NITOC,1.0,,,,,,1,,,,
Q3IYK6,Q3IYK6_RHOS4,1.0,,,,,,1,,,,
Q3J9D8,Q3J9D8_NITOC,1.0,,,,,,1,,,,
Q3J7D3,Q3J7D3_NITOC,1.0,,,,,,1,,,,
Q3J7D1,CMOA_NITOC,1.0,,,,,,1,,,,
Q3J435,Q3J435_RHOS4,1.0,,,,,,1,,,,
Q3IZY7,Q3IZY7_RHOS4,1.0,,,,,,1,,,,
Q3IZJ5,Q3IZJ5_RHOS4,1.0,,,,,,1,,,,
Q2JC55,Q2JC55_FRASC,1.0,,,,,,1,,,,
Q2J802,Q2J802_FRASC,1.0,,,,,,1,,,,
B9DN50,B9DN50_STACT,1.0,,,,,,1,,,,
Q18GV6,Q18GV6_HALWD,1.0,,,,,,1,,,,
Q1AS37,Q1AS37_RUBXD,1.0,,,,,,1,,,,
Q18KA7,Q18KA7_HALWD,1.0,,,,,,1,,,,
Q18K10,Q18K10_HALWD,1.0,,,,,,1,,,,
Q18JS5,Q18JS5_HALWD,1.0,,,,,,1,,,,
Q18IY1,Q18IY1_HALWD,1.0,,,,,,1,,,,
Q18IN5,Q18IN5_HALWD,1.0,,,,,,1,,,,
Q18FB0,Q18FB0_HALWD,1.0,,,,,,1,,,,
Q1AWC0,Q1AWC0_RUBXD,1.0,,,,,,1,,,,
Q18E15,Q18E15_HALWD,1.0,,,,,,1,,,,
Q18DX3,Q18DX3_HALWD,1.0,,,,,,1,,,,
Q188B8,Q188B8_PEPD6,1.0,,,,,,1,,,,
Q187S5,Q187S5_PEPD6,1.0,,,,,,1,,,,
Q187K3,Q187K3_PEPD6,1.0,,,,,,1,,,,
Q186W9,Q186W9_PEPD6,1.0,,,,,,1,,,,
Q1AUY8,Q1AUY8_RUBXD,1.0,,,,,,1,,,,
Q1AWS5,Q1AWS5_RUBXD,1.0,,,,,,1,,,,
Q17ZW4,Q17ZW4_PEPD6,1.0,,,,,,1,,,,
Q1B6J9,Q1B6J9_MYCSS,1.0,,,,,,1,,,,
Q1BAW5,Q1BAW5_MYCSS,1.0,,,,,,1,,,,
Q1BAV6,Q1BAV6_MYCSS,1.0,,,,,,1,,,,
Q1BA90,Q1BA90_MYCSS,1.0,,,,,,1,,,,
Q1B9Z2,Q1B9Z2_MYCSS,1.0,,,,,,1,,,,
Q1B7T6,Q1B7T6_MYCSS,1.0,,,,,,1,,,,
Q1B6N8,Q1B6N8_MYCSS,1.0,,,,,,1,,,,
Q1B4L6,Q1B4L6_MYCSS,1.0,,,,,,1,,,,
Q1AZ59,Q1AZ59_RUBXD,1.0,,,,,,1,,,,
Q1B4I0,Q1B4I0_MYCSS,1.0,,,,,,1,,,,
Q1B468,Q1B468_MYCSS,1.0,,,,,,1,,,,
Q1B2A3,Q1B2A3_MYCSS,1.0,,,,,,1,,,,
Q1B1M9,Q1B1M9_MYCSS,1.0,,,,,,1,,,,
Q1AZS7,Q1AZS7_RUBXD,1.0,,,,,,1,,,,
Q1AZM8,Q1AZM8_RUBXD,1.0,,,,,,1,,,,
Q18257,Q18257_CAEEL,1.0,,,,,,1,,,,
Q17Z46,Q17Z46_HELAH,1.0,,,,,,1,,,,
Q1BB21,Q1BB21_MYCSS,1.0,,,,,,1,,,,
Q15SR7,Q15SR7_PSEA6,1.0,,,,,,1,,,,
Q160H5,Q160H5_ROSDO,1.0,,,,,,1,,,,
Q160E2,Q160E2_ROSDO,1.0,,,,,,1,,,,
Q15Z03,RSMJ_PSEA6,1.0,,,,,,1,,,,
Q15VP2,Q15VP2_PSEA6,1.0,,,,,,1,,,,
Q15UM2,Q15UM2_PSEA6,1.0,,,,,,1,,,,
Q15TU3,Q15TU3_PSEA6,1.0,,,,,,1,,,,
Q15RC2,Q15RC2_PSEA6,1.0,,,,,,1,,,,
Q162S4,Q162S4_ROSDO,1.0,,,,,,1,,,,
Q15RB5,Q15RB5_PSEA6,1.0,,,,,,1,,,,
Q15QF1,Q15QF1_PSEA6,1.0,,,,,,1,,,,
Q15NL3,CMOB_PSEA6,1.0,,,,,,1,,,,
Q15NL2,CMOA_PSEA6,1.0,,,,,,1,,,,
Q14IF1,Q14IF1_FRAT1,1.0,,,,,,1,,,,
Q14GT9,Q14GT9_FRAT1,1.0,,,,,,1,,,,
Q162C2,Q162C2_ROSDO,1.0,,,,,,1,,,,
Q16AJ9,Q16AJ9_ROSDO,1.0,,,,,,1,,,,
Q17YM3,CMOA_HELAH,1.0,,,,,,1,,,,
Q178L8,Q178L8_AEDAE,1.0,,,,,,1,,,,
Q17Y58,CMOB_HELAH,1.0,,,,,,1,,,,
Q17QQ2,TPMT_BOVIN,1.0,,,,,,1,,,,
Q17QA4,Q17QA4_BOVIN,1.0,,,,,,1,,,,
Q17PM4,Q17PM4_AEDAE,1.0,,,,,,1,,,,
Q17LG8,Q17LG8_AEDAE,1.0,,,,,,1,,,,
Q17G76,Q17G76_AEDAE,1.0,,,,,,1,,,,
Q175J6,Q175J6_AEDAE,1.0,,,,,,1,,,,
Q16D27,Q16D27_ROSDO,1.0,,,,,,1,,,,
Q174R2,CARM1_AEDAE,1.0,,,,,,1,,,,
Q16RH3,Q16RH3_AEDAE,1.0,,,,,,1,,,,
Q16PB9,Q16PB9_AEDAE,1.0,,,,,,1,,,,
Q16P75,Q16P75_AEDAE,1.0,,,,,,1,,,,
Q16JR3,Q16JR3_AEDAE,1.0,,,,,,1,,,,
Q16DU5,Q16DU5_ROSDO,1.0,,,,,,1,,,,
Q1BAW6,Q1BAW6_MYCSS,1.0,,,,,,1,,,,
Q1BBP0,Q1BBP0_MYCSS,1.0,,,,,,1,,,,
Q14FX6,TPMT_FRAT1,1.0,,,,,,1,,,,
Q1CWN0,Q1CWN0_MYXXD,1.0,,,,,,1,,,,
Q1D2D0,Q1D2D0_MYXXD,1.0,,,,,,1,,,,
Q1CZL8,Q1CZL8_MYXXD,1.0,,,,,,1,,,,
Q1CZ78,Q1CZ78_MYXXD,1.0,,,,,,1,,,,
Q1CXX7,Q1CXX7_MYXXD,1.0,,,,,,1,,,,
Q1CX77,Q1CX77_MYXXD,1.0,,,,,,1,,,,
Q1CWX7,Q1CWX7_MYXXD,1.0,,,,,,1,,,,
Q1CSN0,CMOB_HELPH,1.0,,,,,,1,,,,
Q1D481,Q1D481_MYXXD,1.0,,,,,,1,,,,
Q1CSK1,CMOA_HELPH,1.0,,,,,,1,,,,
Q1CS07,Q1CS07_HELPH,1.0,,,,,,1,,,,
Q1CKX1,Q1CKX1_YERPN,1.0,,,,,,1,,,,
Q1CJM8,Q1CJM8_YERPN,1.0,,,,,,1,,,,
Q1CJH4,CMOB_YERPN,1.0,,,,,,1,,,,
Q1CJH3,CMOA_YERPN,1.0,,,,,,1,,,,
Q1D440,Q1D440_MYXXD,1.0,,,,,,1,,,,
Q1D5G2,Q1D5G2_MYXXD,1.0,,,,,,1,,,,
Q1CGH7,Q1CGH7_YERPN,1.0,,,,,,1,,,,
Q1DC12,Q1DC12_MYXXD,1.0,,,,,,1,,,,
Q1DEZ2,Q1DEZ2_MYXXD,1.0,,,,,,1,,,,
Q1DEH3,Q1DEH3_MYXXD,1.0,,,,,,1,,,,
Q1DDQ8,Q1DDQ8_MYXXD,1.0,,,,,,1,,,,
Q1DDH8,Q1DDH8_MYXXD,1.0,,,,,,1,,,,
Q1DD88,Q1DD88_MYXXD,1.0,,,,,,1,,,,
Q1DCL8,Q1DCL8_MYXXD,1.0,,,,,,1,,,,
Q1DAW8,Q1DAW8_MYXXD,1.0,,,,,,1,,,,
Q1D5Y9,Q1D5Y9_MYXXD,1.0,,,,,,1,,,,
Q1DA59,Q1DA59_MYXXD,1.0,,,,,,1,,,,
Q1DA06,Q1DA06_MYXXD,1.0,,,,,,1,,,,
Q1D953,Q1D953_MYXXD,1.0,,,,,,1,,,,
Q1D7Y1,Q1D7Y1_MYXXD,1.0,,,,,,1,,,,
Q1D6G4,Q1D6G4_MYXXD,1.0,,,,,,1,,,,
Q1D630,Q1D630_MYXXD,1.0,,,,,,1,,,,
Q1CH28,Q1CH28_YERPN,1.0,,,,,,1,,,,
Q1CFQ5,Q1CFQ5_YERPN,1.0,,,,,,1,,,,
Q1BCR6,Q1BCR6_MYCSS,1.0,,,,,,1,,,,
Q1BLG5,Q1BLG5_BURCA,1.0,,,,,,1,,,,
Q1BSM0,Q1BSM0_BURCA,1.0,,,,,,1,,,,
Q1BS99,Q1BS99_BURCA,1.0,,,,,,1,,,,
Q1BQS1,Q1BQS1_BURCA,1.0,,,,,,1,,,,
Q1BN93,Q1BN93_BURCA,1.0,,,,,,1,,,,
Q1BMQ7,Q1BMQ7_BURCA,1.0,,,,,,1,,,,
Q1BLV7,Q1BLV7_BURCA,1.0,,,,,,1,,,,
Q1BIN3,Q1BIN3_BURCA,1.0,,,,,,1,,,,
Q1BTN8,Q1BTN8_BURCA,1.0,,,,,,1,,,,
Q1BHQ9,Q1BHQ9_BURCA,1.0,,,,,,1,,,,
Q1BFJ5,Y218_MYCSS,1.0,,,,,,1,,,,
Q1BFH6,Q1BFH6_MYCSS,1.0,,,,,,1,,,,
Q1BEY5,Q1BEY5_MYCSS,1.0,,,,,,1,,,,
Q1BDH7,Q1BDH7_MYCSS,1.0,,,,,,1,,,,
Q1BCT4,Q1BCT4_MYCSS,1.0,,,,,,1,,,,
Q1BTB9,Q1BTB9_BURCA,1.0,,,,,,1,,,,
Q1BUI7,Q1BUI7_BURCA,1.0,,,,,,1,,,,
Q1CFI5,Q1CFI5_YERPN,1.0,,,,,,1,,,,
Q1C8C3,Q1C8C3_YERPA,1.0,,,,,,1,,,,
Q1CDI1,RSMJ_YERPN,1.0,,,,,,1,,,,
Q1CAJ6,Q1CAJ6_YERPA,1.0,,,,,,1,,,,
Q1CAC2,Q1CAC2_YERPA,1.0,,,,,,1,,,,
Q1CA58,Q1CA58_YERPA,1.0,,,,,,1,,,,
Q1C945,Q1C945_YERPA,1.0,,,,,,1,,,,
Q1C8Y3,Q1C8Y3_YERPA,1.0,,,,,,1,,,,
Q1C881,Q1C881_YERPA,1.0,,,,,,1,,,,
Q1BX53,Q1BX53_BURCA,1.0,,,,,,1,,,,
Q1C824,CMOB_YERPA,1.0,,,,,,1,,,,
Q1C823,CMOA_YERPA,1.0,,,,,,1,,,,
Q1C4V0,Q1C4V0_YERPA,1.0,,,,,,1,,,,
Q1C4F1,Q1C4F1_YERPA,1.0,,,,,,1,,,,
Q1C1A9,RSMJ_YERPA,1.0,,,,,,1,,,,
Q1BXE0,Q1BXE0_BURCA,1.0,,,,,,1,,,,
Q14GA7,RSMJ_FRAT1,1.0,,,,,,1,,,,
Q146X8,Q146X8_BURXL,1.0,,,,,,1,,,,
Q1DFT7,Q1DFT7_MYXXD,1.0,,,,,,1,,,,
Q10WR5,Q10WR5_TRIEI,1.0,,,,,,1,,,,
Q110F0,Q110F0_TRIEI,1.0,,,,,,1,,,,
Q10ZS1,Q10ZS1_TRIEI,1.0,,,,,,1,,,,
Q10Y68,Q10Y68_TRIEI,1.0,,,,,,1,,,,
Q10Y16,Q10Y16_TRIEI,1.0,,,,,,1,,,,
Q10XZ8,Q10XZ8_TRIEI,1.0,,,,,,1,,,,
Q10XV3,Q10XV3_TRIEI,1.0,,,,,,1,,,,
Q10WJ7,Q10WJ7_TRIEI,1.0,,,,,,1,,,,
Q112B5,Q112B5_TRIEI,1.0,,,,,,1,,,,
Q10WE6,Q10WE6_TRIEI,1.0,,,,,,1,,,,
Q10V92,CMOB_TRIEI,1.0,,,,,,1,,,,
Q10I28,Q10I28_ORYSJ,1.0,,,,,,1,,,,
Q10257,RRP8_SCHPO,1.0,,,,,,1,,,,
Q10224,TRM9_SCHPO,1.0,,,,,,1,,,,
Q10162,BUD23_SCHPO,1.0,,,,,,1,,,,
Q110F7,Q110F7_TRIEI,1.0,,,,,,1,,,,
Q112G6,Q112G6_TRIEI,1.0,,,,,,1,,,,
Q0WLP8,Q0WLP8_ARATH,1.0,,,,,,1,,,,
Q116B3,Q116B3_TRIEI,1.0,,,,,,1,,,,
Q119M3,CMOA_TRIEI,1.0,,,,,,1,,,,
Q119K1,Q119K1_TRIEI,1.0,,,,,,1,,,,
Q119J1,Q119J1_TRIEI,1.0,,,,,,1,,,,
Q118F1,Q118F1_TRIEI,1.0,,,,,,1,,,,
Q116Y8,Q116Y8_TRIEI,1.0,,,,,,1,,,,
Q116H8,Q116H8_TRIEI,1.0,,,,,,1,,,,
Q115P6,Q115P6_TRIEI,1.0,,,,,,1,,,,
Q112T1,Q112T1_TRIEI,1.0,,,,,,1,,,,
Q114R0,Q114R0_TRIEI,1.0,,,,,,1,,,,
Q113E0,Q113E0_TRIEI,1.0,,,,,,1,,,,
Q113D4,Q113D4_TRIEI,1.0,,,,,,1,,,,
Q113B9,Q113B9_TRIEI,1.0,,,,,,1,,,,
Q112Y9,Q112Y9_TRIEI,1.0,,,,,,1,,,,
Q112U3,Q112U3_TRIEI,1.0,,,,,,1,,,,
Q0WVD6,ANM3_ARATH,1.0,,,,,,1,,,,
Q0W8Y1,Q0W8Y1_UNCMA,1.0,,,,,,1,,,,
Q11DZ6,Q11DZ6_CHESB,1.0,,,,,,1,,,,
Q0V899,Q0V899_BOVIN,1.0,,,,,,1,,,,
Q0VNY3,Q0VNY3_ALCBS,1.0,,,,,,1,,,,
Q0VMD3,BIOC_ALCBS,1.0,,,,,,1,,,,
Q0VLC3,Q0VLC3_ALCBS,1.0,,,,,,1,,,,
Q0VL84,Q0VL84_ALCBS,1.0,,,,,,1,,,,
Q0VFC5,Q0VFC5_XENTR,1.0,,,,,,1,,,,
Q0V9Y6,Q0V9Y6_XENTR,1.0,,,,,,1,,,,
Q0TUQ8,Q0TUQ8_CLOP1,1.0,,,,,,1,,,,
Q0VQG9,RSMJ_ALCBS,1.0,,,,,,1,,,,
Q0TSR0,Q0TSR0_CLOP1,1.0,,,,,,1,,,,
Q0TRJ0,Q0TRJ0_CLOP1,1.0,,,,,,1,,,,
Q0TRF7,Q0TRF7_CLOP1,1.0,,,,,,1,,,,
Q0TP58,Q0TP58_CLOP1,1.0,,,,,,1,,,,
Q0TLC7,Q0TLC7_ECOL5,1.0,,,,,,1,,,,
Q0TLC4,Q0TLC4_ECOL5,1.0,,,,,,1,,,,
Q0VQ77,Q0VQ77_ALCBS,1.0,,,,,,1,,,,
Q0VQX6,CMOB_ALCBS,1.0,,,,,,1,,,,
Q0W826,Q0W826_UNCMA,1.0,,,,,,1,,,,
Q0W426,Q0W426_UNCMA,1.0,,,,,,1,,,,
Q0W7P6,Q0W7P6_UNCMA,1.0,,,,,,1,,,,
Q0W7F5,Q0W7F5_UNCMA,1.0,,,,,,1,,,,
Q0W7E9,Q0W7E9_UNCMA,1.0,,,,,,1,,,,
Q0W6G1,Q0W6G1_UNCMA,1.0,,,,,,1,,,,
Q0W4X8,Q0W4X8_UNCMA,1.0,,,,,,1,,,,
Q0W445,Q0W445_UNCMA,1.0,,,,,,1,,,,
Q0W3Y1,Q0W3Y1_UNCMA,1.0,,,,,,1,,,,
Q0VQX7,CMOA_ALCBS,1.0,,,,,,1,,,,
Q0W2U5,Q0W2U5_UNCMA,1.0,,,,,,1,,,,
Q0W2D1,Q0W2D1_UNCMA,1.0,,,,,,1,,,,
Q0W270,Q0W270_UNCMA,1.0,,,,,,1,,,,
Q0W229,Q0W229_UNCMA,1.0,,,,,,1,,,,
Q0VRT9,Q0VRT9_ALCBS,1.0,,,,,,1,,,,
Q0VRK5,Q0VRK5_ALCBS,1.0,,,,,,1,,,,
Q11DS2,Q11DS2_CHESB,1.0,,,,,,1,,,,
Q11EV1,Q11EV1_CHESB,1.0,,,,,,1,,,,
Q146B2,Q146B2_BURXL,1.0,,,,,,1,,,,
Q12US1,Q12US1_METBU,1.0,,,,,,1,,,,
Q12ZM2,Q12ZM2_METBU,1.0,,,,,,1,,,,
Q12ZF0,Q12ZF0_METBU,1.0,,,,,,1,,,,
Q12Y54,Q12Y54_METBU,1.0,,,,,,1,,,,
Q12X06,Q12X06_METBU,1.0,,,,,,1,,,,
Q12VN2,Q12VN2_METBU,1.0,,,,,,1,,,,
Q12UX9,Q12UX9_METBU,1.0,,,,,,1,,,,
Q12TC9,Q12TC9_METBU,1.0,,,,,,1,,,,
Q131C2,Q131C2_RHOPS,1.0,,,,,,1,,,,
Q12RU3,TPMT_SHEDO,1.0,,,,,,1,,,,
Q12NN2,Q12NN2_SHEDO,1.0,,,,,,1,,,,
Q12N04,CMOA_SHEDO,1.0,,,,,,1,,,,
Q12N03,CMOB_SHEDO,1.0,,,,,,1,,,,
Q12MM3,Q12MM3_SHEDO,1.0,,,,,,1,,,,
Q12LX7,Q12LX7_SHEDO,1.0,,,,,,1,,,,
Q130Q7,Q130Q7_RHOPS,1.0,,,,,,1,,,,
Q131Q9,Q131Q9_RHOPS,1.0,,,,,,1,,,,
Q12KF5,Q12KF5_SHEDO,1.0,,,,,,1,,,,
Q13JJ6,Q13JJ6_BURXL,1.0,,,,,,1,,,,
Q145N6,Q145N6_BURXL,1.0,,,,,,1,,,,
Q143B7,Q143B7_BURXL,1.0,,,,,,1,,,,
Q13YA1,Q13YA1_BURXL,1.0,,,,,,1,,,,
Q13X18,Q13X18_BURXL,1.0,,,,,,1,,,,
Q13W38,Q13W38_BURXL,1.0,,,,,,1,,,,
Q13TS9,Q13TS9_BURXL,1.0,,,,,,1,,,,
Q13F05,Q13F05_RHOPS,1.0,,,,,,1,,,,
Q132L0,Q132L0_RHOPS,1.0,,,,,,1,,,,
Q13EZ0,Q13EZ0_RHOPS,1.0,,,,,,1,,,,
Q13EX2,Q13EX2_RHOPS,1.0,,,,,,1,,,,
Q13DH3,Q13DH3_RHOPS,1.0,,,,,,1,,,,
Q13AM3,Q13AM3_RHOPS,1.0,,,,,,1,,,,
Q137M0,Q137M0_RHOPS,1.0,,,,,,1,,,,
Q134B7,RSMJ_RHOPS,1.0,,,,,,1,,,,
Q12LW0,Q12LW0_SHEDO,1.0,,,,,,1,,,,
Q12KC2,Q12KC2_SHEDO,1.0,,,,,,1,,,,
Q11GJ5,Q11GJ5_CHESB,1.0,,,,,,1,,,,
Q11PY8,Q11PY8_CYTH3,1.0,,,,,,1,,,,
Q11XE6,Q11XE6_CYTH3,1.0,,,,,,1,,,,
Q11WH6,Q11WH6_CYTH3,1.0,,,,,,1,,,,
Q11VR7,Q11VR7_CYTH3,1.0,,,,,,1,,,,
Q11UY1,Q11UY1_CYTH3,1.0,,,,,,1,,,,
Q11T80,Q11T80_CYTH3,1.0,,,,,,1,,,,
Q11Q13,Q11Q13_CYTH3,1.0,,,,,,1,,,,
Q11PX9,Q11PX9_CYTH3,1.0,,,,,,1,,,,
Q11Z10,Q11Z10_CYTH3,1.0,,,,,,1,,,,
Q11KQ2,Q11KQ2_CHESB,1.0,,,,,,1,,,,
Q11I77,Q11I77_CHESB,1.0,,,,,,1,,,,
Q11HY0,Q11HY0_CHESB,1.0,,,,,,1,,,,
Q11H17,Q11H17_CHESB,1.0,,,,,,1,,,,
Q11GR0,Q11GR0_CHESB,1.0,,,,,,1,,,,
Q11GQ3,Q11GQ3_CHESB,1.0,,,,,,1,,,,
Q11Y52,Q11Y52_CYTH3,1.0,,,,,,1,,,,
Q121M8,Q121M8_POLSJ,1.0,,,,,,1,,,,
Q12I41,RSMJ_SHEDO,1.0,,,,,,1,,,,
Q12B89,Q12B89_POLSJ,1.0,,,,,,1,,,,
Q12FV8,Q12FV8_POLSJ,1.0,,,,,,1,,,,
Q12E48,Q12E48_POLSJ,1.0,,,,,,1,,,,
Q12CY0,Q12CY0_POLSJ,1.0,,,,,,1,,,,
Q12CN9,Q12CN9_POLSJ,1.0,,,,,,1,,,,
Q12C95,Q12C95_POLSJ,1.0,,,,,,1,,,,
Q12BT5,Q12BT5_POLSJ,1.0,,,,,,1,,,,
Q129X8,Q129X8_POLSJ,1.0,,,,,,1,,,,
Q123Z0,Q123Z0_POLSJ,1.0,,,,,,1,,,,
Q129L8,Q129L8_POLSJ,1.0,,,,,,1,,,,
Q128F9,Q128F9_POLSJ,1.0,,,,,,1,,,,
Q125G9,Q125G9_POLSJ,1.0,,,,,,1,,,,
Q125A7,Q125A7_POLSJ,1.0,,,,,,1,,,,
Q125A4,Q125A4_POLSJ,1.0,,,,,,1,,,,
Q124N4,Q124N4_POLSJ,1.0,,,,,,1,,,,
Q1DF94,Q1DF94_MYXXD,1.0,,,,,,1,,,,
Q1EC21,Q1EC21_DROME,1.0,,,,,,1,,,,
Q2J6J8,Q2J6J8_FRASC,1.0,,,,,,1,,,,
Q24W19,Q24W19_DESHY,1.0,,,,,,1,,,,
Q24Z79,Q24Z79_DESHY,1.0,,,,,,1,,,,
Q24YV5,Q24YV5_DESHY,1.0,,,,,,1,,,,
Q24YL9,Q24YL9_DESHY,1.0,,,,,,1,,,,
Q24Y17,Q24Y17_DESHY,1.0,,,,,,1,,,,
Q24X65,Q24X65_DESHY,1.0,,,,,,1,,,,
Q24X50,Q24X50_DESHY,1.0,,,,,,1,,,,
Q24V24,Q24V24_DESHY,1.0,,,,,,1,,,,
Q251A7,Q251A7_DESHY,1.0,,,,,,1,,,,
Q24V08,Q24V08_DESHY,1.0,,,,,,1,,,,
Q24T40,Q24T40_DESHY,1.0,,,,,,1,,,,
Q24SJ1,Q24SJ1_DESHY,1.0,,,,,,1,,,,
Q24RF4,Q24RF4_DESHY,1.0,,,,,,1,,,,
Q24QZ4,Q24QZ4_DESHY,1.0,,,,,,1,,,,
Q24PB4,Q24PB4_DESHY,1.0,,,,,,1,,,,
Q24ZA1,Q24ZA1_DESHY,1.0,,,,,,1,,,,
Q254Q7,Q254Q7_CHLFF,1.0,,,,,,1,,,,
Q24P88,Q24P88_DESHY,1.0,,,,,,1,,,,
Q28PB0,Q28PB0_JANSC,1.0,,,,,,1,,,,
Q28VQ1,Q28VQ1_JANSC,1.0,,,,,,1,,,,
Q28V42,Q28V42_JANSC,1.0,,,,,,1,,,,
Q28TK2,Q28TK2_JANSC,1.0,,,,,,1,,,,
Q28QS3,Q28QS3_JANSC,1.0,,,,,,1,,,,
Q28PT3,Q28PT3_JANSC,1.0,,,,,,1,,,,
Q28PC3,Q28PC3_JANSC,1.0,,,,,,1,,,,
Q28KY7,Q28KY7_JANSC,1.0,,,,,,1,,,,
Q255J3,Q255J3_CHLFF,1.0,,,,,,1,,,,
Q28KY4,Q28KY4_JANSC,1.0,,,,,,1,,,,
Q28KX1,Q28KX1_JANSC,1.0,,,,,,1,,,,
Q28JB4,Q28JB4_JANSC,1.0,,,,,,1,,,,
Q28FT4,MCES_XENTR,1.0,,,,,,1,,,,
Q28F07,ANM1_XENTR,1.0,,,,,,1,,,,
Q255M6,Q255M6_CHLFF,1.0,,,,,,1,,,,
Q24P93,Q24P93_DESHY,1.0,,,,,,1,,,,
Q24P20,Q24P20_DESHY,1.0,,,,,,1,,,,
Q29B63,CARM1_DROPS,1.0,,,,,,1,,,,
Q21BY9,Q21BY9_RHOPB,1.0,,,,,,1,,,,
Q21J19,Q21J19_SACD2,1.0,,,,,,1,,,,
Q21HF7,RSMJ_SACD2,1.0,,,,,,1,,,,
Q21EV5,Q21EV5_SACD2,1.0,,,,,,1,,,,
Q21EH9,Q21EH9_SACD2,1.0,,,,,,1,,,,
Q21EA8,Q21EA8_SACD2,1.0,,,,,,1,,,,
Q21C02,Q21C02_RHOPB,1.0,,,,,,1,,,,
Q21AM8,Q21AM8_RHOPB,1.0,,,,,,1,,,,
Q21JL0,Q21JL0_SACD2,1.0,,,,,,1,,,,
Q219U9,Q219U9_RHOPB,1.0,,,,,,1,,,,
Q219T3,Q219T3_RHOPB,1.0,,,,,,1,,,,
Q219D0,Q219D0_RHOPB,1.0,,,,,,1,,,,
Q214K9,Q214K9_RHOPB,1.0,,,,,,1,,,,
Q213R6,Q213R6_RHOPB,1.0,,,,,,1,,,,
Q213F1,Q213F1_RHOPB,1.0,,,,,,1,,,,
Q21J47,Q21J47_SACD2,1.0,,,,,,1,,,,
Q21JL6,CMOA_SACD2,1.0,,,,,,1,,,,
Q22993,Q22993_CAEEL,1.0,,,,,,1,,,,
Q21UB2,Q21UB2_RHOFT,1.0,,,,,,1,,,,
Q221Z4,Q221Z4_RHOFT,1.0,,,,,,1,,,,
Q21YJ9,Q21YJ9_RHOFT,1.0,,,,,,1,,,,
Q21YF7,Q21YF7_RHOFT,1.0,,,,,,1,,,,
Q21XU4,Q21XU4_RHOFT,1.0,,,,,,1,,,,
Q21WN1,Q21WN1_RHOFT,1.0,,,,,,1,,,,
Q21WA1,Q21WA1_RHOFT,1.0,,,,,,1,,,,
Q21SX8,Q21SX8_RHOFT,1.0,,,,,,1,,,,
Q21JL7,CMOB_SACD2,1.0,,,,,,1,,,,
Q21SN3,Q21SN3_RHOFT,1.0,,,,,,1,,,,
Q21QC2,Q21QC2_RHOFT,1.0,,,,,,1,,,,
Q21PF3,Q21PF3_SACD2,1.0,,,,,,1,,,,
Q21P67,Q21P67_SACD2,1.0,,,,,,1,,,,
Q21NJ4,Q21NJ4_SACD2,1.0,,,,,,1,,,,
Q21KP2,Q21KP2_SACD2,1.0,,,,,,1,,,,
Q28W14,Q28W14_JANSC,1.0,,,,,,1,,,,
Q29LT4,GSTCD_DROPS,1.0,,,,,,1,,,,
Q20YT0,Q20YT0_RHOPB,1.0,,,,,,1,,,,
Q2IEG4,Q2IEG4_ANADE,1.0,,,,,,1,,,,
Q2IKV4,Q2IKV4_ANADE,1.0,,,,,,1,,,,
Q2IK61,Q2IK61_ANADE,1.0,,,,,,1,,,,
Q2IJV3,Q2IJV3_ANADE,1.0,,,,,,1,,,,
Q2IJH1,Q2IJH1_ANADE,1.0,,,,,,1,,,,
Q2IJ35,Q2IJ35_ANADE,1.0,,,,,,1,,,,
Q2IGP1,Q2IGP1_ANADE,1.0,,,,,,1,,,,
Q2IDV4,Q2IDV4_ANADE,1.0,,,,,,1,,,,
Q2IPB6,Q2IPB6_ANADE,1.0,,,,,,1,,,,
Q2IDU2,Q2IDU2_ANADE,1.0,,,,,,1,,,,
Q2IDJ3,Q2IDJ3_ANADE,1.0,,,,,,1,,,,
Q2GLT9,Q2GLT9_ANAPZ,1.0,,,,,,1,,,,
Q2GJV6,Q2GJV6_ANAPZ,1.0,,,,,,1,,,,
Q2GI65,Q2GI65_EHRCR,1.0,,,,,,1,,,,
Q2GGA5,Q2GGA5_EHRCR,1.0,,,,,,1,,,,
Q2IN47,Q2IN47_ANADE,1.0,,,,,,1,,,,
Q2IQ51,Q2IQ51_ANADE,1.0,,,,,,1,,,,
Q2GDA0,Q2GDA0_NEOSM,1.0,,,,,,1,,,,
Q2IZN1,Q2IZN1_RHOP2,1.0,,,,,,1,,,,
Q2J604,Q2J604_FRASC,1.0,,,,,,1,,,,
Q2J5F9,Q2J5F9_FRASC,1.0,,,,,,1,,,,
Q2J5A0,Q2J5A0_FRASC,1.0,,,,,,1,,,,
Q2J470,Q2J470_RHOP2,1.0,,,,,,1,,,,
Q2J428,Q2J428_RHOP2,1.0,,,,,,1,,,,
Q2J270,Q2J270_RHOP2,1.0,,,,,,1,,,,
Q2IYG1,RSMJ_RHOP2,1.0,,,,,,1,,,,
Q2IS02,Q2IS02_RHOP2,1.0,,,,,,1,,,,
Q2IVT7,Q2IVT7_RHOP2,1.0,,,,,,1,,,,
Q2ITW0,Q2ITW0_RHOP2,1.0,,,,,,1,,,,
Q2ISW4,Q2ISW4_RHOP2,1.0,,,,,,1,,,,
Q2ISL7,Q2ISL7_RHOP2,1.0,,,,,,1,,,,
Q2ISK3,Q2ISK3_RHOP2,1.0,,,,,,1,,,,
Q2IS71,Q2IS71_RHOP2,1.0,,,,,,1,,,,
Q2GDF1,Q2GDF1_NEOSM,1.0,,,,,,1,,,,
Q2G8V1,Q2G8V1_NOVAD,1.0,,,,,,1,,,,
Q29VW4,Q29VW4_CAMJJ,1.0,,,,,,1,,,,
Q2FMQ7,Q2FMQ7_METHJ,1.0,,,,,,1,,,,
Q2FPU4,Q2FPU4_METHJ,1.0,,,,,,1,,,,
Q2FPT3,Q2FPT3_METHJ,1.0,,,,,,1,,,,
Q2FPR0,Q2FPR0_METHJ,1.0,,,,,,1,,,,
Q2FNY8,Q2FNY8_METHJ,1.0,,,,,,1,,,,
Q2FNW3,Q2FNW3_METHJ,1.0,,,,,,1,,,,
Q2FMZ7,Q2FMZ7_METHJ,1.0,,,,,,1,,,,
Q2FMN6,Q2FMN6_METHJ,1.0,,,,,,1,,,,
Q2FQQ9,Q2FQQ9_METHJ,1.0,,,,,,1,,,,
Q2FMK7,Q2FMK7_METHJ,1.0,,,,,,1,,,,
Q2FMK3,Q2FMK3_METHJ,1.0,,,,,,1,,,,
Q2FMI6,Q2FMI6_METHJ,1.0,,,,,,1,,,,
Q2FMH0,Q2FMH0_METHJ,1.0,,,,,,1,,,,
Q2FME5,Q2FME5_METHJ,1.0,,,,,,1,,,,
Q2A5B9,RSMJ_FRATH,1.0,,,,,,1,,,,
Q2FPY4,Q2FPY4_METHJ,1.0,,,,,,1,,,,
Q2FQW7,Q2FQW7_METHJ,1.0,,,,,,1,,,,
Q2G6H5,Q2G6H5_NOVAD,1.0,,,,,,1,,,,
Q2FVE5,Q2FVE5_STAA8,1.0,,,,,,1,,,,
Q2G5X3,Q2G5X3_NOVAD,1.0,,,,,,1,,,,
Q2G5W7,Q2G5W7_NOVAD,1.0,,,,,,1,,,,
Q2G3C9,Q2G3C9_NOVAD,1.0,,,,,,1,,,,
Q2G2A0,Q2G2A0_STAA8,1.0,,,,,,1,,,,
Q2G1A8,Q2G1A8_STAA8,1.0,,,,,,1,,,,
Q2FXG9,Q2FXG9_STAA8,1.0,,,,,,1,,,,
Q2FUM2,Q2FUM2_METHJ,1.0,,,,,,1,,,,
Q2FR67,Q2FR67_METHJ,1.0,,,,,,1,,,,
Q2FUF1,Q2FUF1_METHJ,1.0,,,,,,1,,,,
Q2FUE5,Q2FUE5_METHJ,1.0,,,,,,1,,,,
Q2FUA7,Q2FUA7_METHJ,1.0,,,,,,1,,,,
Q2FU96,Q2FU96_METHJ,1.0,,,,,,1,,,,
Q2FRL7,Q2FRL7_METHJ,1.0,,,,,,1,,,,
Q2FRL1,Q2FRL1_METHJ,1.0,,,,,,1,,,,
Q212V8,Q212V8_RHOPB,1.0,,,,,,1,,,,
Q20YP3,Q20YP3_RHOPB,1.0,,,,,,1,,,,
Q1GCI3,Q1GCI3_RUEST,1.0,,,,,,1,,,,
Q1J8A1,Q1J8A1_STRPF,1.0,,,,,,1,,,,
Q1JIE7,Q1JIE7_STRPD,1.0,,,,,,1,,,,
Q1JFS7,Q1JFS7_STRPD,1.0,,,,,,1,,,,
Q1JDH2,Q1JDH2_STRPB,1.0,,,,,,1,,,,
Q1JDC3,Q1JDC3_STRPB,1.0,,,,,,1,,,,
Q1JAN5,Q1JAN5_STRPB,1.0,,,,,,1,,,,
Q1J8F0,Q1J8F0_STRPF,1.0,,,,,,1,,,,
Q1J5M5,Q1J5M5_STRPF,1.0,,,,,,1,,,,
Q1JKT6,Q1JKT6_STRPC,1.0,,,,,,1,,,,
Q1J168,Q1J168_DEIGD,1.0,,,,,,1,,,,
Q1IZ51,Q1IZ51_DEIGD,1.0,,,,,,1,,,,
Q1IWP8,Q1IWP8_DEIGD,1.0,,,,,,1,,,,
Q1IVS9,Q1IVS9_KORVE,1.0,,,,,,1,,,,
Q1ITJ7,Q1ITJ7_KORVE,1.0,,,,,,1,,,,
Q1ITC0,Q1ITC0_KORVE,1.0,,,,,,1,,,,
Q1JIJ5,Q1JIJ5_STRPD,1.0,,,,,,1,,,,
Q1JN96,Q1JN96_STRPC,1.0,,,,,,1,,,,
Q1ISH6,Q1ISH6_KORVE,1.0,,,,,,1,,,,
Q1LPH3,Q1LPH3_RALME,1.0,,,,,,1,,,,
Q1LTL6,Q1LTL6_BAUCH,1.0,,,,,,1,,,,
Q1LS46,Q1LS46_RALME,1.0,,,,,,1,,,,
Q1LRT1,Q1LRT1_RALME,1.0,,,,,,1,,,,
Q1LR11,Q1LR11_RALME,1.0,,,,,,1,,,,
Q1LQ19,Q1LQ19_RALME,1.0,,,,,,1,,,,
Q1LPQ0,Q1LPQ0_RALME,1.0,,,,,,1,,,,
Q1LL90,Q1LL90_RALME,1.0,,,,,,1,,,,
Q1JNE6,Q1JNE6_STRPC,1.0,,,,,,1,,,,
Q1LGL2,Q1LGL2_RALME,1.0,,,,,,1,,,,
Q1LFR9,Q1LFR9_RALME,1.0,,,,,,1,,,,
Q1LCM4,Q1LCM4_RALME,1.0,,,,,,1,,,,
Q1K7M3,Q1K7M3_NEUCR,1.0,,,,,,1,,,,
Q1K5I1,Q1K5I1_NEUCR,1.0,,,,,,1,,,,
Q1K5B3,Q1K5B3_NEUCR,1.0,,,,,,1,,,,
Q1ISN3,Q1ISN3_KORVE,1.0,,,,,,1,,,,
Q1ISF7,Q1ISF7_KORVE,1.0,,,,,,1,,,,
Q1M349,Q1M349_RHIL3,1.0,,,,,,1,,,,
Q1H189,Q1H189_METFK,1.0,,,,,,1,,,,
Q1I5M8,CMOA_PSEE4,1.0,,,,,,1,,,,
Q1I5M7,CMOB_PSEE4,1.0,,,,,,1,,,,
Q1I3N9,Q1I3N9_PSEE4,1.0,,,,,,1,,,,
Q1H3A5,Q1H3A5_METFK,1.0,,,,,,1,,,,
Q1H211,Q1H211_METFK,1.0,,,,,,1,,,,
Q1H1H5,Q1H1H5_METFK,1.0,,,,,,1,,,,
Q1GZA9,Q1GZA9_METFK,1.0,,,,,,1,,,,
Q1I613,Q1I613_PSEE4,1.0,,,,,,1,,,,
Q1GYE1,Q1GYE1_METFK,1.0,,,,,,1,,,,
Q1GMZ7,Q1GMZ7_RUEST,1.0,,,,,,1,,,,
Q1GMZ0,Q1GMZ0_RUEST,1.0,,,,,,1,,,,
Q1GMQ6,Q1GMQ6_RUEST,1.0,,,,,,1,,,,
Q1GEU4,Q1GEU4_RUEST,1.0,,,,,,1,,,,
Q1GDG2,Q1GDG2_RUEST,1.0,,,,,,1,,,,
Q1I5R2,Q1I5R2_PSEE4,1.0,,,,,,1,,,,
Q1I7T3,Q1I7T3_PSEE4,1.0,,,,,,1,,,,
Q1IQV0,Q1IQV0_KORVE,1.0,,,,,,1,,,,
Q1IG92,Q1IG92_PSEE4,1.0,,,,,,1,,,,
Q1IMQ5,Q1IMQ5_KORVE,1.0,,,,,,1,,,,
Q1IME0,Q1IME0_KORVE,1.0,,,,,,1,,,,
Q1ILX2,Q1ILX2_KORVE,1.0,,,,,,1,,,,
Q1ILI2,Q1ILI2_KORVE,1.0,,,,,,1,,,,
Q1IHZ6,Q1IHZ6_KORVE,1.0,,,,,,1,,,,
Q1IGC7,Q1IGC7_PSEE4,1.0,,,,,,1,,,,
Q1IFF7,Q1IFF7_PSEE4,1.0,,,,,,1,,,,
Q1I8Z5,Q1I8Z5_PSEE4,1.0,,,,,,1,,,,
Q1IFB9,Q1IFB9_PSEE4,1.0,,,,,,1,,,,
Q1IDU5,RSMJ_PSEE4,1.0,,,,,,1,,,,
Q1ID19,TPMT_PSEE4,1.0,,,,,,1,,,,
Q1IAZ3,Q1IAZ3_PSEE4,1.0,,,,,,1,,,,
Q1I9X6,Q1I9X6_PSEE4,1.0,,,,,,1,,,,
Q1I9I0,Q1I9I0_PSEE4,1.0,,,,,,1,,,,
Q1LYQ0,Q1LYQ0_DANRE,1.0,,,,,,1,,,,
Q1M6E6,Q1M6E6_RHIL3,1.0,,,,,,1,,,,
Q20YI2,Q20YI2_RHOPB,1.0,,,,,,1,,,,
Q1QYD8,Q1QYD8_CHRSD,1.0,,,,,,1,,,,
Q1RBY6,Q1RBY6_ECOUT,1.0,,,,,,1,,,,
Q1RAW8,Q1RAW8_ECOUT,1.0,,,,,,1,,,,
Q1RAR4,CMOA_ECOUT,1.0,,,,,,1,,,,
Q1RAR3,CMOB_ECOUT,1.0,,,,,,1,,,,
Q1R5B9,RSMJ_ECOUT,1.0,,,,,,1,,,,
Q1QZ91,RSMJ_CHRSD,1.0,,,,,,1,,,,
Q1QW63,Q1QW63_CHRSD,1.0,,,,,,1,,,,
Q1RCB4,Q1RCB4_ECOUT,1.0,,,,,,1,,,,
Q1QV26,Q1QV26_CHRSD,1.0,,,,,,1,,,,
Q1QUG4,CMOA_CHRSD,1.0,,,,,,1,,,,
Q1QUG3,CMOB_CHRSD,1.0,,,,,,1,,,,
Q1QUF1,Q1QUF1_CHRSD,1.0,,,,,,1,,,,
Q1QTQ2,Q1QTQ2_CHRSD,1.0,,,,,,1,,,,
Q1QT06,Q1QT06_CHRSD,1.0,,,,,,1,,,,
Q1RC04,Q1RC04_ECOUT,1.0,,,,,,1,,,,
Q1RCP7,Q1RCP7_ECOUT,1.0,,,,,,1,,,,
Q1QQX6,Q1QQX6_NITHX,1.0,,,,,,1,,,,
Q1RJ06,Q1RJ06_RICBR,1.0,,,,,,1,,,,
Q20X31,Q20X31_RHOPB,1.0,,,,,,1,,,,
Q20587,Q20587_CAEEL,1.0,,,,,,1,,,,
Q1XG79,Q1XG79_MOUSE,1.0,,,,,,1,,,,
Q1WT06,Q1WT06_LACS1,1.0,,,,,,1,,,,
Q1RKE9,Q1RKE9_RICBR,1.0,,,,,,1,,,,
Q1RJT9,Q1RJT9_RICBR,1.0,,,,,,1,,,,
Q1RIM6,Q1RIM6_RICBR,1.0,,,,,,1,,,,
Q1RDT6,Q1RDT6_ECOUT,1.0,,,,,,1,,,,
Q1RHJ9,Q1RHJ9_RICBR,1.0,,,,,,1,,,,
Q1RGV1,Q1RGV1_RICBR,1.0,,,,,,1,,,,
Q1RFY1,Q1RFY1_ECOUT,1.0,,,,,,1,,,,
Q1RFX8,Q1RFX8_ECOUT,1.0,,,,,,1,,,,
Q1REZ9,Q1REZ9_ECOUT,1.0,,,,,,1,,,,
Q1REF3,Q1REF3_ECOUT,1.0,,,,,,1,,,,
Q1QQZ0,Q1QQZ0_NITHX,1.0,,,,,,1,,,,
Q1QQD2,Q1QQD2_NITHX,1.0,,,,,,1,,,,
Q1M8U3,Q1M8U3_RHIL3,1.0,,,,,,1,,,,
Q1MEX7,Q1MEX7_RHIL3,1.0,,,,,,1,,,,
Q1MK65,Q1MK65_RHIL3,1.0,,,,,,1,,,,
Q1MJM5,Q1MJM5_RHIL3,1.0,,,,,,1,,,,
Q1MI77,Q1MI77_RHIL3,1.0,,,,,,1,,,,
Q1MHU3,Q1MHU3_RHIL3,1.0,,,,,,1,,,,
Q1MFS2,Q1MFS2_RHIL3,1.0,,,,,,1,,,,
Q1MF56,Q1MF56_RHIL3,1.0,,,,,,1,,,,
Q1MED5,Q1MED5_RHIL3,1.0,,,,,,1,,,,
Q1MR98,Q1MR98_LAWIP,1.0,,,,,,1,,,,
Q1ME13,Q1ME13_RHIL3,1.0,,,,,,1,,,,
Q1ME08,Q1ME08_RHIL3,1.0,,,,,,1,,,,
Q1MDT3,Q1MDT3_RHIL3,1.0,,,,,,1,,,,
Q1MD58,Q1MD58_RHIL3,1.0,,,,,,1,,,,
Q1MBA4,Q1MBA4_RHIL3,1.0,,,,,,1,,,,
Q1MB57,Q1MB57_RHIL3,1.0,,,,,,1,,,,
Q1MMR8,Q1MMR8_RHIL3,1.0,,,,,,1,,,,
Q1MRX5,Q1MRX5_LAWIP,1.0,,,,,,1,,,,
Q1QQB4,Q1QQB4_NITHX,1.0,,,,,,1,,,,
Q1Q994,RSMJ_PSYCK,1.0,,,,,,1,,,,
Q1QL79,Q1QL79_NITHX,1.0,,,,,,1,,,,
Q1QJP9,Q1QJP9_NITHX,1.0,,,,,,1,,,,
Q1QDQ7,Q1QDQ7_PSYCK,1.0,,,,,,1,,,,
Q1QC89,Q1QC89_PSYCK,1.0,,,,,,1,,,,
Q1QB39,Q1QB39_PSYCK,1.0,,,,,,1,,,,
Q1QA01,Q1QA01_PSYCK,1.0,,,,,,1,,,,
Q1Q8Z5,Q1Q8Z5_PSYCK,1.0,,,,,,1,,,,
Q1MS25,Q1MS25_LAWIP,1.0,,,,,,1,,,,
Q1Q8I5,CMOB_PSYCK,1.0,,,,,,1,,,,
Q1Q8I4,CMOA_PSYCK,1.0,,,,,,1,,,,
Q1Q8I2,TPMT_PSYCK,1.0,,,,,,1,,,,
Q1Q852,Q1Q852_PSYCK,1.0,,,,,,1,,,,
Q1Q7X1,Q1Q7X1_PSYCK,1.0,,,,,,1,,,,
Q1MTD3,MCES_DANRE,1.0,,,,,,1,,,,
Q47LN9,Q47LN9_THEFY,1.0,,,,,,1,,,,
Q47M24,Q47M24_THEFY,1.0,,,,,,1,,,,
Q47ND6,Q47ND6_THEFY,1.0,,,,,,1,,,,
Q88AK6,Q88AK6_PSESM,1.0,,,,,,1,,,,
Q88LQ9,TPMT_PSEPK,1.0,,,,,,1,,,,
Q88LE6,Q88LE6_PSEPK,1.0,,,,,,1,,,,
Q88JU2,Q88JU2_PSEPK,1.0,,,,,,1,,,,
Q88IS2,Q88IS2_PSEPK,1.0,,,,,,1,,,,
Q88FF4,Q88FF4_PSEPK,1.0,,,,,,1,,,,
Q88CT2,Q88CT2_PSEPK,1.0,,,,,,1,,,,
Q88A95,Q88A95_PSESM,1.0,,,,,,1,,,,
Q88MQ7,RSMJ_PSEPK,1.0,,,,,,1,,,,
Q889K9,Q889K9_PSESM,1.0,,,,,,1,,,,
Q886R2,RSMJ_PSESM,1.0,,,,,,1,,,,
Q886Q5,Q886Q5_PSESM,1.0,,,,,,1,,,,
Q885Q4,TPMT_PSESM,1.0,,,,,,1,,,,
Q880M1,Q880M1_PSESM,1.0,,,,,,1,,,,
Q87YS9,Q87YS9_PSESM,1.0,,,,,,1,,,,
Q88MP6,Q88MP6_PSEPK,1.0,,,,,,1,,,,
Q88MX7,CMOA_PSEPK,1.0,,,,,,1,,,,
Q87XG5,CMOB_PSESM,1.0,,,,,,1,,,,
Q8CTY0,Q8CTY0_STAES,1.0,,,,,,1,,,,
Q8DAN9,CMOA_VIBVU,1.0,,,,,,1,,,,
Q8DAK5,Q8DAK5_VIBVU,1.0,,,,,,1,,,,
Q8DA33,TPMT_VIBVU,1.0,,,,,,1,,,,
Q8D8N1,Q8D8N1_VIBVU,1.0,,,,,,1,,,,
Q8D299,Q8D299_WIGBR,1.0,,,,,,1,,,,
Q8CUK1,Y1106_OCEIH,1.0,,,,,,1,,,,
Q8CSC4,Q8CSC4_STAES,1.0,,,,,,1,,,,
Q88MX8,CMOB_PSEPK,1.0,,,,,,1,,,,
Q8CS36,Q8CS36_STAES,1.0,,,,,,1,,,,
Q8C436,MT21D_MOUSE,1.0,,,,,,1,,,,
Q8BY60,Q8BY60_MOUSE,1.0,,,,,,,,1,,
Q89AK7,BIOC_BUCBP,1.0,,,,,,1,,,,
Q88QW9,Q88QW9_PSEPK,1.0,,,,,,1,,,,
Q88QB6,Q88QB6_PSEPK,1.0,,,,,,1,,,,
Q87XG6,CMOA_PSESM,1.0,,,,,,1,,,,
Q87XA2,Q87XA2_PSESM,1.0,,,,,,1,,,,
Q8DAQ1,Q8DAQ1_VIBVU,1.0,,,,,,1,,,,
Q81FW9,Q81FW9_BACCR,1.0,,,,,,1,,,,
Q83KQ5,CMOA_SHIFL,1.0,,,,,,1,,,,
Q83AK9,RSMJ_COXBU,1.0,,,,,,1,,,,
Q81LL3,Y4603_BACAN,1.0,,,,,,1,,,,
Q81I06,Q81I06_BACCR,1.0,,,,,,1,,,,
Q81GJ4,Q81GJ4_BACCR,1.0,,,,,,1,,,,
Q81GD2,Q81GD2_BACCR,1.0,,,,,,1,,,,
Q81E88,Q81E88_BACCR,1.0,,,,,,1,,,,
Q84JC0,RRP8_ARATH,1.0,,,,,,1,,,,
Q81E35,Q81E35_BACCR,1.0,,,,,,1,,,,
Q81DD7,Q81DD7_BACCR,1.0,,,,,,1,,,,
Q81DD5,Q81DD5_BACCR,1.0,,,,,,1,,,,
Q81D61,Q81D61_BACCR,1.0,,,,,,1,,,,
Q81CG2,Q81CG2_BACCR,1.0,,,,,,1,,,,
Q81CB3,Q81CB3_BACCR,1.0,,,,,,1,,,,
Q83R57,CMOB_SHIFL,1.0,,,,,,1,,,,
Q84MV3,Q84MV3_ORYSJ,1.0,,,,,,1,,,,
Q87V89,Q87V89_PSESM,1.0,,,,,,1,,,,
Q87Q54,TPMT_VIBPA,1.0,,,,,,1,,,,
Q87V36,Q87V36_PSESM,1.0,,,,,,1,,,,
Q87UV2,Q87UV2_PSESM,1.0,,,,,,1,,,,
Q87TY0,Q87TY0_PSESM,1.0,,,,,,1,,,,
Q87TJ6,RSMJ_VIBPA,1.0,,,,,,1,,,,
Q87QV5,CMOB_VIBPA,1.0,,,,,,1,,,,
Q87QV4,CMOA_VIBPA,1.0,,,,,,1,,,,
Q87EY3,Q87EY3_XYLFT,1.0,,,,,,1,,,,
Q84W92,ANM13_ARATH,1.0,,,,,,1,,,,
Q87DQ4,Q87DQ4_XYLFT,1.0,,,,,,1,,,,
Q87DA8,Q87DA8_XYLFT,1.0,,,,,,1,,,,
Q87CC2,Q87CC2_XYLFT,1.0,,,,,,1,,,,
Q87BB1,Q87BB1_XYLFT,1.0,,,,,,1,,,,
Q86X55,CARM1_HUMAN,1.0,,,,,,1,,,,
Q86I40,OMT4_DICDI,1.0,,,,,,1,,,,
Q8DAP0,CMOB_VIBVU,1.0,,,,,,1,,,,
Q8DB07,Q8DB07_VIBVU,1.0,,,,,,1,,,,
Q81BT9,Q81BT9_BACCR,1.0,,,,,,1,,,,
Q8PWT9,Q8PWT9_METMA,1.0,,,,,,1,,,,
Q8PYH1,Q8PYH1_METMA,1.0,,,,,,1,,,,
Q8PYH0,Q8PYH0_METMA,1.0,,,,,,1,,,,
Q8PYG0,Q8PYG0_METMA,1.0,,,,,,1,,,,
Q8PY18,Q8PY18_METMA,1.0,,,,,,1,,,,
Q8PXI7,Q8PXI7_METMA,1.0,,,,,,1,,,,
Q8PXE3,Q8PXE3_METMA,1.0,,,,,,1,,,,
Q8PW99,Q8PW99_METMA,1.0,,,,,,1,,,,
Q8PYW9,Q8PYW9_METMA,1.0,,,,,,1,,,,
Q8PUV9,Q8PUV9_METMA,1.0,,,,,,1,,,,
Q8PUT8,Q8PUT8_METMA,1.0,,,,,,1,,,,
Q8PUM5,Q8PUM5_METMA,1.0,,,,,,1,,,,
Q8PUI8,Q8PUI8_METMA,1.0,,,,,,1,,,,
Q8PU82,Q8PU82_METMA,1.0,,,,,,1,,,,
Q8PTY5,Q8PTY5_METMA,1.0,,,,,,1,,,,
Q8PYH2,Q8PYH2_METMA,1.0,,,,,,1,,,,
Q8Q0S4,Q8Q0S4_METMA,1.0,,,,,,1,,,,
Q8PSB0,Q8PSB0_METMA,1.0,,,,,,1,,,,
Q8TH66,Q8TH66_METAC,1.0,,,,,,1,,,,
Q8TIG4,Q8TIG4_METAC,1.0,,,,,,1,,,,
Q8TIA7,Q8TIA7_METAC,1.0,,,,,,1,,,,
Q8TI05,Q8TI05_METAC,1.0,,,,,,1,,,,
Q8THY4,Q8THY4_METAC,1.0,,,,,,1,,,,
Q8THI7,Q8THI7_METAC,1.0,,,,,,1,,,,
Q8THA0,Q8THA0_METAC,1.0,,,,,,1,,,,
Q8T480,Q8T480_DROME,1.0,,,,,,1,,,,
Q8Q0W5,Q8Q0W5_METMA,1.0,,,,,,1,,,,
Q8SX32,Q8SX32_DROME,1.0,,,,,,1,,,,
Q8SUF0,Q8SUF0_ENCCU,1.0,,,,,,1,,,,
Q8STN5,Y9F0_ENCCU,1.0,,,,,,1,,,,
Q8SRW3,Q8SRW3_ENCCU,1.0,,,,,,1,,,,
Q8SR66,MCES_ENCCU,1.0,,,,,,1,,,,
Q8RWY1,Q8RWY1_ARATH,1.0,1,,,,,,,,,
Q8PTS9,Q8PTS9_METMA,1.0,,,,,,1,,,,
Q8PMI8,TPMT_XANAC,1.0,,,,,,1,,,,
Q8DBD7,Q8DBD7_VIBVU,1.0,,,,,,1,,,,
Q8DJ57,Q8DJ57_THEEB,1.0,,,,,,1,,,,
Q8DQP3,Q8DQP3_STRR6,1.0,,,,,,1,,,,
Q8DQ28,Q8DQ28_STRR6,1.0,,,,,,1,,,,
Q8DP04,Q8DP04_STRR6,1.0,,,,,,1,,,,
Q8DNR0,Q8DNR0_STRR6,1.0,,,,,,1,,,,
Q8DN50,Q8DN50_STRR6,1.0,,,,,,1,,,,
Q8DM82,Q8DM82_THEEB,1.0,,,,,,1,,,,
Q8DII2,Q8DII2_THEEB,1.0,,,,,,1,,,,
Q8EEE6,CMOB_SHEON,1.0,,,,,,1,,,,
Q8DI65,Q8DI65_THEEB,1.0,,,,,,1,,,,
Q8DHK1,Q8DHK1_THEEB,1.0,,,,,,1,,,,
Q8DHJ6,Q8DHJ6_THEEB,1.0,,,,,,1,,,,
Q8DGM6,Q8DGM6_THEEB,1.0,,,,,,1,,,,
Q8DG08,Q8DG08_VIBVU,1.0,,,,,,1,,,,
Q8DD95,RSMJ_VIBVU,1.0,,,,,,1,,,,
Q8E8K6,RSMJ_SHEON,1.0,,,,,,1,,,,
Q8EEE7,CMOA_SHEON,1.0,,,,,,1,,,,
Q8PAT3,TPMT_XANCP,1.0,,,,,,1,,,,
Q8K904,RSMJ_BUCAP,1.0,,,,,,1,,,,
Q8NYG8,Q8NYG8_STAAW,1.0,,,,,,1,,,,
Q8NWA3,Q8NWA3_STAAW,1.0,,,,,,1,,,,
Q8NUW9,Q8NUW9_STAAW,1.0,,,,,,1,,,,
Q8NEC7,GSTCD_HUMAN,1.0,,,,,,1,,,,
Q8L9I3,Q8L9I3_ARATH,1.0,,,,,,1,,,,
Q8KLG2,Q8KLG2_RHIEC,1.0,,,,,,1,,,,
Q8IQN1,Q8IQN1_DROME,1.0,,,,,,1,,,,
Q8EJ86,TPMT_SHEON,1.0,,,,,,1,,,,
Q8INE8,Q8INE8_DROME,1.0,,,,,,1,,,,
Q8IJC4,Q8IJC4_PLAF7,1.0,,,,,,,,,,1
Q8HZJ0,ASMT_MACMU,1.0,,,,,,1,,,,
Q8HX86,TPMT_CANFA,1.0,,,,,,1,,,,
Q8GUP2,Q8GUP2_ARATH,1.0,,,,,,1,,,,
Q8GNT6,Q8GNT6_SACEN,1.0,,,,,,1,,,,
Q81C88,Q81C88_BACCR,1.0,,,,,,1,,,,
Q81B44,Q81B44_BACCR,1.0,,,,,,1,,,,
Q8TIX3,Q8TIX3_METAC,1.0,,,,,,1,,,,
Q7A8C0,Q7A8C0_STAAN,1.0,,,,,,1,,,,
Q7CYV0,Q7CYV0_AGRT5,1.0,,,,,,1,,,,
Q7CSX1,Q7CSX1_AGRT5,1.0,,,,,,1,,,,
Q7CSN4,Q7CSN4_AGRT5,1.0,,,,,,1,,,,
Q7CQC4,CMOA_SALTY,1.0,,,,,,1,,,,
Q7CIB7,CMOA_YERPE,1.0,,,,,,1,,,,
Q7CIB6,CMOB_YERPE,1.0,,,,,,1,,,,
Q7A7T8,Q7A7T8_STAAN,1.0,,,,,,1,,,,
Q7D1K0,Q7D1K0_AGRT5,1.0,,,,,,1,,,,
Q7A6M5,Q7A6M5_STAAN,1.0,,,,,,1,,,,
Q7A5B6,Q7A5B6_STAAN,1.0,,,,,,1,,,,
Q7A515,Q7A515_STAAN,1.0,,,,,,1,,,,
Q7A3M8,Q7A3M8_STAAN,1.0,,,,,,1,,,,
Q7A0L9,Q7A0L9_STAAW,1.0,,,,,,1,,,,
Q75G68,ANM62_ORYSJ,1.0,,,,,,1,,,,
Q7D0B5,Q7D0B5_AGRT5,1.0,,,,,,1,,,,
Q7K1S1,Q7K1S1_DROME,1.0,,,,,,1,,,,
Q754U7,MCES_ASHGO,1.0,,,,,,1,,,,
Q7MLU8,Q7MLU8_VIBVY,1.0,,,,,,1,,,,
Q7N555,CMOA_PHOLL,1.0,,,,,,1,,,,
Q7MSC3,CMOA_WOLSU,1.0,,,,,,1,,,,
Q7MS89,CMOB_WOLSU,1.0,,,,,,1,,,,
Q7MQD7,RSMJ_VIBVY,1.0,,,,,,1,,,,
Q7MQ73,Q7MQ73_VIBVY,1.0,,,,,,1,,,,
Q7MMI7,Q7MMI7_VIBVY,1.0,,,,,,1,,,,
Q7MK46,TPMT_VIBVY,1.0,,,,,,1,,,,
Q7K2B0,RRP8_DROME,1.0,,,,,,1,,,,
Q7MJG3,Q7MJG3_VIBVY,1.0,,,,,,1,,,,
Q7MJ72,CMOA_VIBVY,1.0,,,,,,1,,,,
Q7MJ71,CMOB_VIBVY,1.0,,,,,,1,,,,
Q7MJ61,Q7MJ61_VIBVY,1.0,,,,,,1,,,,
Q7MIX1,Q7MIX1_VIBVY,1.0,,,,,,1,,,,
Q7MII5,Q7MII5_VIBVY,1.0,,,,,,1,,,,
Q759S7,ERG6_ASHGO,1.0,,,,,,1,,,,
Q73TQ5,Y3663_MYCPA,1.0,,,,,,1,,,,
Q7NA24,RSMJ_PHOLL,1.0,,,,,,1,,,,
Q723B8,Q723B8_LISMF,1.0,,,,,,1,,,,
Q730F9,Y4457_BACC1,1.0,,,,,,1,,,,
Q72YX7,Q72YX7_BACC1,1.0,,,,,,1,,,,
Q72Y43,Q72Y43_BACC1,1.0,,,,,,1,,,,
Q72LF1,Q72LF1_THET2,1.0,,,,,,1,,,,
Q72HW6,Q72HW6_THET2,1.0,,,,,,1,,,,
Q72GT5,Q72GT5_THET2,1.0,,,,,,1,,,,
Q722R3,Q722R3_LISMF,1.0,,,,,,1,,,,
Q731I1,Q731I1_BACC1,1.0,,,,,,1,,,,
Q720B4,Q720B4_LISMF,1.0,,,,,,1,,,,
Q71ZI5,Q71ZI5_LISMF,1.0,,,,,,1,,,,
Q71Z05,Q71Z05_LISMF,1.0,,,,,,1,,,,
Q71YV1,Q71YV1_LISMF,1.0,,,,,,1,,,,
Q71YE3,Q71YE3_LISMF,1.0,,,,,,1,,,,
Q6ZLD3,BQMT1_ORYSJ,1.0,,,,,,1,,,,
Q730K6,Q730K6_BACC1,1.0,,,,,,1,,,,
Q733H6,Q733H6_BACC1,1.0,,,,,,1,,,,
Q73DM5,Q73DM5_BACC1,1.0,,,,,,1,,,,
Q738G7,Q738G7_BACC1,1.0,,,,,,1,,,,
Q73BU1,Q73BU1_BACC1,1.0,,,,,,1,,,,
Q73BP3,Q73BP3_BACC1,1.0,,,,,,1,,,,
Q73B53,Q73B53_BACC1,1.0,,,,,,1,,,,
Q739H7,Q739H7_BACC1,1.0,,,,,,1,,,,
Q739F5,Q739F5_BACC1,1.0,,,,,,1,,,,
Q739A8,Q739A8_BACC1,1.0,,,,,,1,,,,
Q737Y1,Q737Y1_BACC1,1.0,,,,,,1,,,,
Q733Q8,Q733Q8_BACC1,1.0,,,,,,1,,,,
Q737X9,Q737X9_BACC1,1.0,,,,,,1,,,,
Q736S0,Q736S0_BACC1,1.0,,,,,,1,,,,
Q736L3,Q736L3_BACC1,1.0,,,,,,1,,,,
Q736H2,Q736H2_BACC1,1.0,,,,,,1,,,,
Q734L9,Q734L9_BACC1,1.0,,,,,,1,,,,
Q734K8,Q734K8_BACC1,1.0,,,,,,1,,,,
Q7N556,CMOB_PHOLL,1.0,,,,,,1,,,,
Q7P0V2,RSMJ_CHRVO,1.0,,,,,,1,,,,
Q81B31,Q81B31_BACCR,1.0,,,,,,1,,,,
Q7V6C4,Q7V6C4_PROMM,1.0,,,,,,1,,,,
Q7VF27,CMOA_HELHP,1.0,,,,,,1,,,,
Q7V949,Q7V949_PROMM,1.0,,,,,,1,,,,
Q7V8Q3,Q7V8Q3_PROMM,1.0,,,,,,1,,,,
Q7V823,Q7V823_PROMM,1.0,,,,,,1,,,,
Q7V822,Q7V822_PROMM,1.0,,,,,,1,,,,
Q7V7W9,Q7V7W9_PROMM,1.0,,,,,,1,,,,
Q7V5S0,Q7V5S0_PROMM,1.0,,,,,,1,,,,
Q7VL50,CMOB_HAEDU,1.0,,,,,,1,,,,
Q7V4Z7,Q7V4Z7_PROMM,1.0,,,,,,1,,,,
Q7V1F2,Q7V1F2_PROMP,1.0,,,,,,1,,,,
Q7V0M4,Q7V0M4_PROMP,1.0,,,,,,1,,,,
Q7UZZ0,Q7UZZ0_PROMP,1.0,,,,,,1,,,,
Q7UAV7,RSMJ_SHIFL,1.0,,,,,,1,,,,
Q7U920,Q7U920_SYNPX,1.0,,,,,,1,,,,
Q7VGI1,CMOB_HELHP,1.0,,,,,,1,,,,
Q7VLX6,CMOA_HAEDU,1.0,,,,,,1,,,,
Q7U5F8,Q7U5F8_SYNPX,1.0,,,,,,1,,,,
Q7ZA20,Q7ZA20_KLULC,1.0,,,,,,1,,,,
Q81AI5,Q81AI5_BACCR,1.0,,,,,,1,,,,
Q818X2,BIOC_BACCR,1.0,,,,,,1,,,,
Q818D5,Q818D5_BACCR,1.0,,,,,,1,,,,
Q818A1,Y4369_BACCR,1.0,,,,,,1,,,,
Q816S1,Q816S1_BACCR,1.0,,,,,,1,,,,
Q815U5,Q815U5_BACCR,1.0,,,,,,1,,,,
Q7XTQ3,Q7XTQ3_ORYSJ,1.0,1,,,,,,,,,
Q7VNB5,RSMJ_HAEDU,1.0,,,,,,1,,,,
Q7XKC0,ANM61_ORYSJ,1.0,,,,,,1,,,,
Q7XI75,CARM1_ORYSJ,1.0,,,,,,1,,,,
Q7WYR7,Q7WYR7_RHIL3,1.0,,,,,,1,,,,
Q7WM36,TPMT_BORBR,1.0,,,,,,1,,,,
Q7W8H4,TPMT_BORPA,1.0,,,,,,1,,,,
Q7VZM5,TPMT_BORPE,1.0,,,,,,1,,,,
Q7U8X2,Q7U8X2_SYNPX,1.0,,,,,,1,,,,
Q7U4Z9,SDMT_SYNPX,1.0,,,,,,1,,,,
Q7PDN2,Q7PDN2_PLAYO,1.0,,,,,,1,,,,
Q7QKE5,Q7QKE5_ANOGA,1.0,,,,,,1,,,,
Q7RR09,Q7RR09_PLAYO,1.0,,,,,,1,,,,
Q7RKE8,Q7RKE8_PLAYO,1.0,,,,,,1,,,,
Q7RH47,Q7RH47_PLAYO,1.0,,,,,,1,,,,
Q7REC5,Q7REC5_PLAYO,1.0,,,,,,1,,,,
Q7RCT4,Q7RCT4_PLAYO,1.0,,,,,,1,,,,
Q7R729,Q7R729_PLAYO,1.0,,,,,,1,,,,
Q7QHS2,Q7QHS2_ANOGA,1.0,,,,,,1,,,,
Q7S1J6,Q7S1J6_NEUCR,1.0,1,,,,,,,,,
Q7QGP3,Q7QGP3_ANOGA,1.0,,,,,,1,,,,
Q7QAP5,Q7QAP5_ANOGA,1.0,,,,,,1,,,,
Q7Q2B7,CARM1_ANOGA,1.0,,,,,,1,,,,
Q7PWU7,Q7PWU7_ANOGA,1.0,,,,,,1,,,,
Q7PRE6,Q7PRE6_ANOGA,1.0,,,,,,1,,,,
Q7PRE2,Q7PRE2_ANOGA,1.0,,,,,,1,,,,
Q7RSZ1,Q7RSZ1_PLAYO,1.0,,,,,,1,,,,
Q7S4Q9,Q7S4Q9_NEUCR,1.0,,,,,,1,,,,
Q7U4Z8,GSMT_SYNPX,1.0,,,,,,1,,,,
Q7SGR0,Q7SGR0_NEUCR,1.0,,,,,,1,,,,
Q7U4C8,Q7U4C8_SYNPX,1.0,,,,,,1,,,,
Q7U3Z6,Q7U3Z6_SYNPX,1.0,,,,,,1,,,,
Q7U2J0,Y229_MYCBO,1.0,,,,,,1,,,,
Q7TXK3,PHMT_MYCBO,1.0,,,,,,1,,,,
Q7TTV2,Q7TTV2_SYNPX,1.0,,,,,,1,,,,
Q7TP19,Q7TP19_RAT,1.0,,,,,,1,,,,
Q7SFV3,Q7SFV3_NEUCR,1.0,,,,,,1,,,,
Q7S5X2,Q7S5X2_NEUCR,1.0,,,,,,1,,,,
Q7SD47,Q7SD47_NEUCR,1.0,,,,,,1,,,,
Q7S9P9,Q7S9P9_NEUCR,1.0,,,,,,1,,,,
Q7S905,Q7S905_NEUCR,1.0,,,,,,1,,,,
Q7S6S7,Q7S6S7_NEUCR,1.0,,,,,,1,,,,
Q7S689,Q7S689_NEUCR,1.0,,,,,,1,,,,
Q7S5Y9,Q7S5Y9_NEUCR,1.0,,,,,,1,,,,
Q8TIX2,Q8TIX2_METAC,1.0,,,,,,1,,,,
Q8TIX4,Q8TIX4_METAC,1.0,,,,,,1,,,,
Q47P33,Q47P33_THEFY,1.0,,,,,,1,,,,
Q9HRX3,Q9HRX3_HALSA,1.0,,,,,,1,,,,
Q9I5G3,CMOA_PSEAE,1.0,,,,,,1,,,,
Q9I011,TPMT_PSEAE,1.0,,,,,,1,,,,
Q9HXW0,RSMJ_PSEAE,1.0,,,,,,1,,,,
Q9HSW3,Q9HSW3_HALSA,1.0,,,,,,1,,,,
Q9HSK6,Q9HSK6_HALSA,1.0,,,,,,1,,,,
Q9HSC9,Q9HSC9_HALSA,1.0,,,,,,1,,,,
Q9HR81,Q9HR81_HALSA,1.0,,,,,,1,,,,
Q9JIF0,ANM1_MOUSE,1.0,,,,,,1,,,,
Q9HR63,Q9HR63_HALSA,1.0,,,,,,1,,,,
Q9HQP5,Q9HQP5_HALSA,1.0,,,,,,1,,,,
Q9HND6,Q9HND6_HALSA,1.0,,,,,,1,,,,
Q9HMT2,Q9HMT2_HALSA,1.0,,,,,,1,,,,
Q9HM53,Q9HM53_THEAC,1.0,,,,,,1,,,,
Q9HLN5,Q9HLN5_THEAC,1.0,,,,,,1,,,,
Q9I5G4,CMOB_PSEAE,1.0,,,,,,1,,,,
Q9JTE9,RSMJ_NEIMA,1.0,,,,,,1,,,,
Q9HKG9,Q9HKG9_THEAC,1.0,,,,,,1,,,,
Q9LVD0,Q9LVD0_ARATH,1.0,,,,,,1,,,,
Q9P7U5,YI73_SCHPO,1.0,,,,,,1,,,,
Q9P3R1,ERG6_NEUCR,1.0,,,,,,1,,,,
Q9NVM4,ANM7_HUMAN,1.0,,,,,,1,,,,
Q9NR22,ANM8_HUMAN,1.0,,,,,,1,,,,
Q9NAP7,Q9NAP7_CAEEL,1.0,,,,,,1,,,,
Q9MAT5,ANM10_ARATH,1.0,,,,,,1,,,,
Q9LM02,SMT1_ARATH,1.0,,,,,,1,,,,
Q9JYF4,RSMJ_NEIMB,1.0,,,,,,1,,,,
Q9LHQ7,MCES1_ARATH,1.0,,,,,,1,,,,
Q9LEV6,Q9LEV6_ARATH,1.0,,,,,,1,,,,
Q9KVR6,RSMJ_VIBCH,1.0,,,,,,1,,,,
Q9KSU3,CMOB_VIBCH,1.0,,,,,,1,,,,
Q9KSU2,CMOA_VIBCH,1.0,,,,,,1,,,,
Q9KSN0,TPMT_VIBCH,1.0,,,,,,1,,,,
Q9HKL7,Q9HKL7_THEAC,1.0,,,,,,1,,,,
Q9HKA1,Q9HKA1_THEAC,1.0,,,,,,1,,,,
Q9RGW5,Q9RGW5_STRCO,1.0,,,,,,1,,,,
Q99TQ8,Q99TQ8_STAAM,1.0,,,,,,1,,,,
Q9CAQ3,Q9CAQ3_ARATH,1.0,,,,,,1,,,,
Q9C6B9,PEAM3_ARATH,1.0,,,,,,1,,,,
Q9BQD7,F173A_HUMAN,1.0,,,,,,1,,,,
Q9AEP4,Q9AEP4_ACIAD,1.0,,,,,,1,,,,
Q99XD8,Q99XD8_STAAM,1.0,,,,,,1,,,,
Q99WV8,Q99WV8_STAAM,1.0,,,,,,1,,,,
Q99TA5,Q99TA5_STAAM,1.0,,,,,,1,,,,
Q9CK31,RSMJ_PASMU,1.0,,,,,,1,,,,
Q99RG4,Q99RG4_STAAM,1.0,,,,,,1,,,,
Q99873,ANM1_HUMAN,1.0,,,,,,1,,,,
Q97ZU8,Q97ZU8_SULSO,1.0,,,,,,1,,,,
Q97YX4,Q97YX4_SULSO,1.0,,,,,,1,,,,
Q97XU3,Q97XU3_SULSO,1.0,,,,,,1,,,,
Q97XT4,Q97XT4_SULSO,1.0,,,,,,1,,,,
Q9CD86,PHMT_MYCLE,1.0,,,,,,1,,,,
Q9CM57,CMOA_PASMU,1.0,,,,,,1,,,,
Q9HK84,Q9HK84_THEAC,1.0,,,,,,1,,,,
Q9FKT9,NAS2_ARATH,1.0,,,,,,1,,,,
Q9HK66,Q9HK66_THEAC,1.0,,,,,,1,,,,
Q9HJF4,Q9HJF4_THEAC,1.0,,,,,,1,,,,
Q9HIJ1,Q9HIJ1_THEAC,1.0,,,,,,1,,,,
Q9H8H3,MET7A_HUMAN,1.0,,,,,,1,,,,
Q9H867,MT21D_HUMAN,1.0,,,,,,1,,,,
Q9FR44,PEAM1_ARATH,1.0,,,,,,1,,,,
Q9FK25,OMT1_ARATH,1.0,,,,,,1,,,,
Q9CNT5,CMOB_PASMU,1.0,,,,,,1,,,,
Q9FF79,NAS1_ARATH,1.0,,,,,,1,,,,
Q9DD20,MET7B_MOUSE,1.0,,,,,,1,,,,
Q9DB85,RRP8_MOUSE,1.0,,,,,,1,,,,
Q9D0L8,MCES_MOUSE,1.0,,,,,,1,,,,
Q9CY21,WBS22_MOUSE,1.0,,,,,,1,,,,
Q9CQL0,MT21A_MOUSE,1.0,,,,,,1,,,,
Q9R144,ANM2_MOUSE,1.0,,,,,,1,,,,
Q9RMN9,MTF2_MYCS2,1.0,,,,,,1,,,,
Q97X57,Q97X57_SULSO,1.0,,,,,,1,,,,
R4GKG2,R4GKG2_CHICK,1.0,,1,,,,,,,,
U3JM55,U3JM55_FICAL,1.0,,1,,,,,,,,
U3IQD9,U3IQD9_ANAPL,1.0,,1,,,,,,,,
S4RTY6,S4RTY6_PETMA,1.0,,1,,,,,,,,
S4RTW4,S4RTW4_PETMA,1.0,,1,,,,,,,,
S4RIP0,S4RIP0_PETMA,1.0,,1,,,,,,,,
R4TG33,R4TG33_9PHYC,1.0,1,,,,,,,,,
R1E6H0,R1E6H0_EMIHU,1.0,1,,,,,,,,,
U5GL01,U5GL01_POPTR,1.0,1,,,,,,,,,
R1CWE2,R1CWE2_EMIHU,1.0,1,,,,,,,,,
R1B416,R1B416_EMIHU,1.0,1,,,,,,,,,
R0I752,R0I752_9BRAS,1.0,1,,,,,,,,,
R0GXN3,R0GXN3_9BRAS,1.0,1,,,,,,,,,
Q9ZVC3,Q9ZVC3_ARATH,1.0,,,,,,1,,,,
Q9ZU24,Q9ZU24_ARATH,1.0,,,,,,1,,,,
U3KMH5,U3KMH5_RABIT,1.0,,1,,,,,,,,
U7DTZ3,U7DTZ3_POPTR,1.0,1,,,,,,,,,
Q9ZKH1,CMOB_HELPJ,1.0,,,,,,1,,,,
W1NH58,W1NH58_AMBTC,1.0,1,,,,,,,,,
W5N9D6,W5N9D6_LEPOC,1.0,,1,,,,,,,,
W5MP25,W5MP25_LEPOC,1.0,,1,,,,,,,,
W5MP12,W5MP12_LEPOC,1.0,,1,,,,,,,,
W5L5P3,W5L5P3_ASTMX,1.0,,1,,,,,,,,
W5KX56,W5KX56_ASTMX,1.0,,1,,,,,,,,
W4VXR2,W4VXR2_ATTCE,1.0,,,1,,,,,,,
W1NES4,W1NES4_AMBTC,1.0,1,,,,,,,,,
V4KPS9,V4KPS9_EUTSA,1.0,1,,,,,,,,,
V7CL57,V7CL57_PHAVU,1.0,1,,,,,,,,,
V7ARL5,V7ARL5_PHAVU,1.0,1,,,,,,,,,
V4V5M8,V4V5M8_9ROSI,1.0,1,,,,,,,,,
V4SZ85,V4SZ85_9ROSI,1.0,1,,,,,,,,,
V4SHY6,V4SHY6_9ROSI,1.0,1,,,,,,,,,
V4L0Q6,V4L0Q6_EUTSA,1.0,1,,,,,,,,,
Q9ZSK1,GTOMC_ARATH,1.0,,,,,,1,,,,
Q9ZKE5,CMOA_HELPJ,1.0,,,,,,1,,,,
Q9SNQ2,ANM10_ORYSJ,1.0,,,,,,1,,,,
Q9UZR4,Q9UZR4_PYRAB,1.0,,,,,,1,,,,
Q9V232,Q9V232_PYRAB,1.0,,,,,,1,,,,
Q9V214,Q9V214_PYRAB,1.0,,,,,,1,,,,
Q9V1M7,Q9V1M7_PYRAB,1.0,,,,,,1,,,,
Q9V097,Q9V097_PYRAB,1.0,,,,,,1,,,,
Q9V094,Q9V094_PYRAB,1.0,,,,,,1,,,,
Q9UZW6,Q9UZW6_PYRAB,1.0,,,,,,1,,,,
Q9UYL1,Q9UYL1_PYRAB,1.0,,,,,,1,,,,
Q9VFP8,Q9VFP8_DROME,1.0,,,,,,1,,,,
Q9UTA9,YL89_SCHPO,1.0,,,,,,1,,,,
Q9UTA8,YL8A_SCHPO,1.0,,,,,,1,,,,
Q9URX7,ANM1_SCHPO,1.0,,,,,,1,,,,
Q9U2X0,Q9U2X0_CAEEL,1.0,,,,,,1,,,,
Q9TYP1,STRM1_CAEEL,1.0,,,,,,1,,,,
Q9SU94,ANM11_ARATH,1.0,,,,,,1,,,,
Q9V268,Q9V268_PYRAB,1.0,,,,,,1,,,,
Q9VH48,CARM1_DROME,1.0,,,,,,1,,,,
Q9ZJX3,Q9ZJX3_HELPJ,1.0,,,,,,1,,,,
Q9YAQ4,Q9YAQ4_AERPE,1.0,,,,,,1,,,,
Q9ZE55,Y092_RICPR,1.0,,,,,,1,,,,
Q9ZD84,Y459_RICPR,1.0,,,,,,1,,,,
Q9YFN3,Q9YFN3_AERPE,1.0,,,,,,1,,,,
Q9YCS8,Q9YCS8_AERPE,1.0,,,,,,1,,,,
Q9YCS1,Q9YCS1_AERPE,1.0,,,,,,1,,,,
Q9YBU6,Q9YBU6_AERPE,1.0,,,,,,1,,,,
Q9XX11,Q9XX11_CAEEL,1.0,,,,,,1,,,,
Q9VHW6,Q9VHW6_DROME,1.0,,,,,,1,,,,
Q9XVS1,MCES_CAEEL,1.0,,,,,,1,,,,
Q9X6G2,RSMJ_SALTY,1.0,,,,,,1,,,,
Q9WVG6,CARM1_MOUSE,1.0,,,,,,1,,,,
Q9VQX9,Q9VQX9_DROME,1.0,,,,,,1,,,,
Q9VJQ4,MCES_DROME,1.0,,,,,,1,,,,
Q9VJ34,GSTCD_DROME,1.0,,,,,,1,,,,
Q97XG4,Q97XG4_SULSO,1.0,,,,,,1,,,,
Q97X54,Q97X54_SULSO,1.0,,,,,,1,,,,
Q8TIY0,Q8TIY0_METAC,1.0,,,,,,1,,,,
Q8TUN6,Q8TUN6_METAC,1.0,,,,,,1,,,,
Q8TYQ3,Q8TYQ3_METKA,1.0,,,,,,1,,,,
Q8TYA6,Q8TYA6_METKA,1.0,,,,,,1,,,,
Q8TY53,Q8TY53_METKA,1.0,,,,,,1,,,,
Q8TXM5,Q8TXM5_METKA,1.0,,,,,,1,,,,
Q8TX32,Q8TX32_METKA,1.0,,,,,,1,,,,
Q8TUS0,Q8TUS0_METKA,1.0,,,,,,1,,,,
Q8TUC4,Q8TUC4_METAC,1.0,,,,,,1,,,,
Q8TZ91,Q8TZ91_METKA,1.0,,,,,,1,,,,
Q8TU78,Q8TU78_METAC,1.0,,,,,,1,,,,
Q8TTX8,Q8TTX8_METAC,1.0,,,,,,1,,,,
Q8TTX2,Q8TTX2_METAC,1.0,,,,,,1,,,,
Q8TTA2,Q8TTA2_METAC,1.0,,,,,,1,,,,
Q8TSM6,Q8TSM6_METAC,1.0,,,,,,1,,,,
Q8TSJ2,Q8TSJ2_METAC,1.0,,,,,,1,,,,
Q8TYX8,Q8TYX8_METKA,1.0,,,,,,1,,,,
Q8U1N0,Q8U1N0_PYRFU,1.0,,,,,,1,,,,
Q8TS11,Q8TS11_METAC,1.0,,,,,,1,,,,
Q8WXB1,MT21A_HUMAN,1.0,,,,,,1,,,,
Q8YK33,Q8YK33_NOSS1,1.0,,,,,,1,,,,
Q8YJA4,Q8YJA4_BRUME,1.0,,,,,,1,,,,
Q8YEP4,Q8YEP4_BRUME,1.0,,,,,,1,,,,
Q8XFX8,CMOA_SALTI,1.0,,,,,,1,,,,
Q8XCH6,CMOA_ECO57,1.0,,,,,,1,,,,
Q8XCH5,CMOB_ECO57,1.0,,,,,,1,,,,
Q8U8Q0,RSMJ_AGRT5,1.0,,,,,,1,,,,
Q8U1N1,Q8U1N1_PYRFU,1.0,,,,,,1,,,,
Q8U4F1,Q8U4F1_PYRFU,1.0,,,,,,1,,,,
Q8U3W2,Q8U3W2_PYRFU,1.0,,,,,,1,,,,
Q8U2W1,Q8U2W1_PYRFU,1.0,,,,,,1,,,,
Q8U2U1,Q8U2U1_PYRFU,1.0,,,,,,1,,,,
Q8U2I7,Q8U2I7_PYRFU,1.0,,,,,,1,,,,
Q8U1Z5,Q8U1Z5_PYRFU,1.0,,,,,,1,,,,
Q8TSF7,Q8TSF7_METAC,1.0,,,,,,1,,,,
Q8TRP8,Q8TRP8_METAC,1.0,,,,,,1,,,,
Q8YLR7,Q8YLR7_NOSS1,1.0,,,,,,1,,,,
Q8TKE7,Q8TKE7_METAC,1.0,,,,,,1,,,,
Q8TM87,Q8TM87_METAC,1.0,,,,,,1,,,,
Q8TLY8,Q8TLY8_METAC,1.0,,,,,,1,,,,
Q8TLW7,Q8TLW7_METAC,1.0,,,,,,1,,,,
Q8TLV1,Q8TLV1_METAC,1.0,,,,,,1,,,,
Q8TKQ2,Q8TKQ2_METAC,1.0,,,,,,1,,,,
Q8TKF3,Q8TKF3_METAC,1.0,,,,,,1,,,,
Q8TKE0,Q8TKE0_METAC,1.0,,,,,,1,,,,
Q8TMC9,Q8TMC9_METAC,1.0,,,,,,1,,,,
Q8TKD9,Q8TKD9_METAC,1.0,,,,,,1,,,,
Q8TK82,Q8TK82_METAC,1.0,,,,,,1,,,,
Q8TJW5,Q8TJW5_METAC,1.0,,,,,,1,,,,
Q8TJ84,Q8TJ84_METAC,1.0,,,,,,1,,,,
Q8TJ73,Q8TJ73_METAC,1.0,,,,,,1,,,,
Q8TJ56,Q8TJ56_METAC,1.0,,,,,,1,,,,
Q8TM93,Q8TM93_METAC,1.0,,,,,,1,,,,
Q8TMW2,Q8TMW2_METAC,1.0,,,,,,1,,,,
Q8TRJ7,Q8TRJ7_METAC,1.0,,,,,,1,,,,
Q8TQ19,Q8TQ19_METAC,1.0,,,,,,1,,,,
Q8TRD2,Q8TRD2_METAC,1.0,,,,,,1,,,,
Q8TRC9,Q8TRC9_METAC,1.0,,,,,,1,,,,
Q8TR64,Q8TR64_METAC,1.0,,,,,,1,,,,
Q8TR37,Q8TR37_METAC,1.0,,,,,,1,,,,
Q8TR24,Q8TR24_METAC,1.0,,,,,,1,,,,
Q8TQB4,Q8TQB4_METAC,1.0,,,,,,1,,,,
Q8TPV3,Q8TPV3_METAC,1.0,,,,,,1,,,,
Q8TN18,Q8TN18_METAC,1.0,,,,,,1,,,,
Q8TPQ8,Q8TPQ8_METAC,1.0,,,,,,1,,,,
Q8TPG7,Q8TPG7_METAC,1.0,,,,,,1,,,,
Q8TNZ0,Q8TNZ0_METAC,1.0,,,,,,1,,,,
Q8TNX6,Q8TNX6_METAC,1.0,,,,,,1,,,,
Q8TNX5,Q8TNX5_METAC,1.0,,,,,,1,,,,
Q8TNX2,Q8TNX2_METAC,1.0,,,,,,1,,,,
Q8YLD2,Q8YLD2_NOSS1,1.0,,,,,,1,,,,
Q8YMI7,Q8YMI7_NOSS1,1.0,,,,,,1,,,,
Q97WT7,Q97WT7_SULSO,1.0,,,,,,1,,,,
Q95K79,ALKB8_MACFA,1.0,,,,,,,,1,,
Q96YR2,Q96YR2_SULTO,1.0,,,,,,1,,,,
Q96YJ7,Q96YJ7_SULTO,1.0,,,,,,1,,,,
Q96U55,Q96U55_NEUCS,1.0,,,,,,1,,,,
Q96RS0,TGS1_HUMAN,1.0,,,,,,1,,,,
Q96LA8,ANM6_HUMAN,1.0,,,,,,1,,,,
Q96AZ1,MT21B_HUMAN,1.0,,,,,,1,,,,
Q94JS4,SMT3B_ARATH,1.0,,,,,,1,,,,
Q96YY8,Q96YY8_SULTO,1.0,,,,,,1,,,,
Q94A09,Q94A09_ARATH,1.0,1,,,,,,,,,
Q944H0,PEAM2_ARATH,1.0,,,,,,1,,,,
Q941B1,Q941B1_ARATH,1.0,,,,,,1,,,,
Q93JT2,TPMT_PSEU5,1.0,,,,,,1,,,,
Q923W1,TGS1_MOUSE,1.0,,,,,,1,,,,
Q922X9,ANM7_MOUSE,1.0,,,,,,1,,,,
Q96YY3,Q96YY3_SULTO,1.0,,,,,,1,,,,
Q96Z64,Q96Z64_SULTO,1.0,,,,,,1,,,,
Q92056,ASMT_CHICK,1.0,,,,,,1,,,,
Q97AF9,Q97AF9_THEVO,1.0,,,,,,1,,,,
Q97WN4,Q97WN4_SULSO,1.0,,,,,,1,,,,
Q97WH3,Q97WH3_SULSO,1.0,,,,,,1,,,,
Q97CA9,Q97CA9_THEVO,1.0,,,,,,1,,,,
Q97C58,Q97C58_THEVO,1.0,,,,,,1,,,,
Q97B84,Q97B84_THEVO,1.0,,,,,,1,,,,
Q97B31,Q97B31_THEVO,1.0,,,,,,1,,,,
Q97AC2,Q97AC2_THEVO,1.0,,,,,,1,,,,
Q96Z67,Q96Z67_SULTO,1.0,,,,,,1,,,,
Q97AB1,Q97AB1_THEVO,1.0,,,,,,1,,,,
Q97A94,Q97A94_THEVO,1.0,,,,,,1,,,,
Q978I5,Q978I5_THEVO,1.0,,,,,,1,,,,
Q974G7,Q974G7_SULTO,1.0,,,,,,1,,,,
Q973X3,Q973X3_SULTO,1.0,,,,,,1,,,,
Q970H4,Q970H4_SULTO,1.0,,,,,,1,,,,
Q922H1,ANM3_MOUSE,1.0,,,,,,1,,,,
Q91YR5,MET13_MOUSE,1.0,,,,,,1,,,,
Q8YQR9,Q8YQR9_NOSS1,1.0,,,,,,1,,,,
Q8YV60,Q8YV60_NOSS1,1.0,,,,,,1,,,,
Q8YYS4,Q8YYS4_NOSS1,1.0,,,,,,1,,,,
Q8YWT0,Q8YWT0_NOSS1,1.0,,,,,,1,,,,
Q8YW13,Q8YW13_NOSS1,1.0,,,,,,1,,,,
Q8YVJ0,Q8YVJ0_NOSS1,1.0,,,,,,1,,,,
Q8YVG5,Q8YVG5_NOSS1,1.0,,,,,,1,,,,
Q8YV96,Q8YV96_NOSS1,1.0,,,,,,1,,,,
Q8YTS3,Q8YTS3_NOSS1,1.0,,,,,,1,,,,
Q8YZ66,Q8YZ66_NOSS1,1.0,,,,,,1,,,,
Q8YT68,Q8YT68_NOSS1,1.0,,,,,,1,,,,
Q8YT67,Q8YT67_NOSS1,1.0,,,,,,1,,,,
Q8YSR8,Q8YSR8_NOSS1,1.0,,,,,,1,,,,
Q8YSP6,Q8YSP6_NOSS1,1.0,,,,,,1,,,,
Q8YSJ0,Q8YSJ0_NOSS1,1.0,,,,,,1,,,,
Q8YRC1,Q8YRC1_NOSS1,1.0,,,,,,1,,,,
Q8YZ62,Q8YZ62_NOSS1,1.0,,,,,,1,,,,
Q8YZX9,Q8YZX9_NOSS1,1.0,,,,,,1,,,,
Q8ZZ43,Q8ZZ43_PYRAE,1.0,,,,,,1,,,,
Q8ZTJ8,Q8ZTJ8_PYRAE,1.0,,,,,,1,,,,
Q8ZY67,Q8ZY67_PYRAE,1.0,,,,,,1,,,,
Q8ZXT7,Q8ZXT7_PYRAE,1.0,,,,,,1,,,,
Q8ZXQ0,Q8ZXQ0_PYRAE,1.0,,,,,,1,,,,
Q8ZXL0,Q8ZXL0_PYRAE,1.0,,,,,,1,,,,
Q8ZUF7,Q8ZUF7_PYRAE,1.0,,,,,,1,,,,
Q8ZU25,Q8ZU25_PYRAE,1.0,,,,,,1,,,,
Q8ZT10,Q8ZT10_PYRAE,1.0,,,,,,1,,,,
Q8Z0S1,Q8Z0S1_NOSS1,1.0,,,,,,1,,,,
Q8ZS82,Q8ZS82_NOSS1,1.0,,,,,,1,,,,
Q8ZS64,Q8ZS64_NOSS1,1.0,,,,,,1,,,,
Q8ZNV1,CMOB_SALTY,1.0,,,,,,1,,,,
Q8ZA46,RSMJ_YERPE,1.0,,,,,,1,,,,
Q8Z5W0,CMOB_SALTI,1.0,,,,,,1,,,,
Q8Z270,RSMJ_SALTI,1.0,,,,,,1,,,,
Q6ZIX2,SMT1_ORYSJ,1.0,,,,,,1,,,,
Q6ZE71,Q6ZE71_SYNY3,1.0,,,,,,1,,,,
Q6Z9U7,MCES1_ORYSJ,1.0,,,,,,1,,,,
Q55GC0,Q55GC0_DICDI,1.0,,,,,,1,,,,
Q57N92,CMOA_SALCH,1.0,,,,,,1,,,,
Q57N91,CMOB_SALCH,1.0,,,,,,1,,,,
Q57IN4,RSMJ_SALCH,1.0,,,,,,1,,,,
Q57551,Y086_METJA,1.0,,,,,,1,,,,
Q57060,Y095_HAEIN,1.0,,,,,,1,,,,
Q562C4,MET7B_RAT,1.0,,,,,,1,,,,
Q55GB9,Q55GB9_DICDI,1.0,,,,,,1,,,,
Q57UL4,Q57UL4_TRYB2,1.0,,,,,,1,,,,
Q55EX9,Y8948_DICDI,1.0,,,,,,1,,,,
Q55ES6,Q55ES6_DICDI,1.0,,,,,,1,,,,
Q55DA6,WBS22_DICDI,1.0,,,,,,1,,,,
Q55818,Q55818_SYNY3,1.0,,,,,,1,,,,
Q55809,Q55809_SYNY3,1.0,,,,,,1,,,,
Q55423,Y829_SYNY3,1.0,,,,,,1,,,,
Q57U70,Q57U70_TRYB2,1.0,,,,,,1,,,,
Q57V03,Q57V03_TRYB2,1.0,,,,,,1,,,,
Q552E3,Q552E3_DICDI,1.0,,,,,,1,,,,
Q59QP1,Q59QP1_CANAL,1.0,,,,,,1,,,,
Q5A1M9,Q5A1M9_CANAL,1.0,,,,,,1,,,,
Q5A0K3,Q5A0K3_CANAL,1.0,,,,,,1,,,,
Q59Y19,Q59Y19_CANAL,1.0,,,,,,1,,,,
Q59VI1,Q59VI1_CANAL,1.0,,,,,,1,,,,
Q59TS3,Q59TS3_CANAL,1.0,,,,,,1,,,,
Q59TN6,Q59TN6_CANAL,1.0,,,,,,1,,,,
Q58DP0,WBS22_BOVIN,1.0,,,,,,1,,,,
Q58055,Y638_METJA,1.0,,,,,,1,,,,
Q58AF1,Q58AF1_RALME,1.0,,,,,,1,,,,
Q58648,Y1252_METJA,1.0,,,,,,1,,,,
Q58523,Y1123_METJA,1.0,,,,,,1,,,,
Q583K3,Q583K3_TRYB2,1.0,,,,,,1,,,,
Q58316,Y906_METJA,1.0,,,,,,1,,,,
Q582G4,ANM7_TRYB2,1.0,,,,,,1,,,,
Q553T0,Q553T0_DICDI,1.0,,,,,,1,,,,
Q54Y84,Q54Y84_DICDI,1.0,,,,,,1,,,,
Q5A943,Q5A943_CANAL,1.0,,,,,,1,,,,
Q4ZZK2,Q4ZZK2_PSEU2,1.0,,,,,,1,,,,
Q54BE3,Q54BE3_DICDI,1.0,,,,,,1,,,,
Q54BE2,Q54BE2_DICDI,1.0,,,,,,1,,,,
Q54B59,OMT12_DICDI,1.0,,,,,,1,,,,
Q53MG1,Q53MG1_ORYSJ,1.0,,,,,,1,,,,
Q504A5,TPMT_DANRE,1.0,,,,,,1,,,,
Q501J2,F173A_MOUSE,1.0,,,,,,1,,,,
Q4ZZC5,Q4ZZC5_PSEU2,1.0,,,,,,1,,,,
Q54D70,Q54D70_DICDI,1.0,,,,,,1,,,,
Q4ZZ79,Q4ZZ79_PSEU2,1.0,,,,,,1,,,,
Q4ZYR1,Q4ZYR1_PSEU2,1.0,,,,,,1,,,,
Q4ZXZ5,Q4ZXZ5_PSEU2,1.0,,,,,,1,,,,
Q4ZWU6,RSMJ_PSEU2,1.0,,,,,,1,,,,
Q4ZWU1,Q4ZWU1_PSEU2,1.0,,,,,,1,,,,
Q4ZVL2,Q4ZVL2_PSEU2,1.0,,,,,,1,,,,
Q54CP1,RRP8_DICDI,1.0,,,,,,1,,,,
Q54EF2,ANM1_DICDI,1.0,,,,,,1,,,,
Q54Y13,Q54Y13_DICDI,1.0,,,,,,1,,,,
Q54IS7,Q54IS7_DICDI,1.0,,,,,,1,,,,
Q54VE3,Q54VE3_DICDI,1.0,,,,,,1,,,,
Q54QC2,Q54QC2_DICDI,1.0,,,,,,1,,,,
Q54MJ5,Q54MJ5_DICDI,1.0,,,,,,1,,,,
Q54MJ4,Q54MJ4_DICDI,1.0,,,,,,1,,,,
Q54JW0,NDUF5_DICDI,1.0,,,,,,1,,,,
Q54JJ5,Q54JJ5_DICDI,1.0,,,,,,1,,,,
Q54IL6,Q54IL6_DICDI,1.0,,,,,,1,,,,
Q54EN8,Q54EN8_DICDI,1.0,,,,,,1,,,,
Q54I98,SMT1_DICDI,1.0,,,,,,1,,,,
Q54HI0,ANM2_DICDI,1.0,,,,,,1,,,,
Q54GQ3,Q54GQ3_DICDI,1.0,,,,,,1,,,,
Q54GQ2,Q54GQ2_DICDI,1.0,,,,,,1,,,,
Q54ET9,Q54ET9_DICDI,1.0,,,,,,1,,,,
Q54EP8,Q54EP8_DICDI,1.0,,,,,,1,,,,
Q5A386,Q5A386_CANAL,1.0,,,,,,1,,,,
Q5A9X0,Q5A9X0_CANAL,1.0,,,,,,1,,,,
Q4ZQC3,TPMT_PSEU2,1.0,,,,,,1,,,,
Q5E949,Q5E949_BOVIN,1.0,,,,,,1,,,,
Q5F7L0,Q5F7L0_NEIG1,1.0,,,,,,1,,,,
Q5F7B7,RSMJ_NEIG1,1.0,,,,,,1,,,,
Q5F6R8,Q5F6R8_NEIG1,1.0,,,,,,1,,,,
Q5F642,Q5F642_NEIG1,1.0,,,,,,1,,,,
Q5F492,Q5F492_CHICK,1.0,,,,,,1,,,,
Q5E9L5,ANM6_BOVIN,1.0,,,,,,1,,,,
Q5E8R9,RSMJ_VIBF1,1.0,,,,,,1,,,,
Q5F900,Q5F900_NEIG1,1.0,,,,,,1,,,,
Q5E6K9,Q5E6K9_VIBF1,1.0,,,,,,1,,,,
Q5E6A4,CMOB_VIBF1,1.0,,,,,,1,,,,
Q5E6A3,CMOA_VIBF1,1.0,,,,,,1,,,,
Q5E5V7,Q5E5V7_VIBF1,1.0,,,,,,1,,,,
Q5E5R1,Q5E5R1_VIBF1,1.0,,,,,,1,,,,
Q5E4N9,TPMT_VIBF1,1.0,,,,,,1,,,,
Q5F857,Q5F857_NEIG1,1.0,,,,,,1,,,,
Q5FEG1,Q5FEG1_EHRRW,1.0,,,,,,1,,,,
Q5E3G4,Q5E3G4_VIBF1,1.0,,,,,,1,,,,
Q5HKH1,Q5HKH1_STAEQ,1.0,,,,,,1,,,,
Q5HTA9,Q5HTA9_CAMJR,1.0,,,,,,1,,,,
Q5HS55,Q5HS55_STAEQ,1.0,,,,,,1,,,,
Q5HNV6,Q5HNV6_STAEQ,1.0,,,,,,1,,,,
Q5HNP8,Q5HNP8_STAEQ,1.0,,,,,,1,,,,
Q5HNE8,Q5HNE8_STAEQ,1.0,,,,,,1,,,,
Q5HMV4,CMOA_STAEQ,1.0,,,,,,1,,,,
Q5HJA9,Q5HJA9_STAAC,1.0,,,,,,1,,,,
Q5FF04,Q5FF04_EHRRG,1.0,,,,,,1,,,,
Q5HFH0,Q5HFH0_STAAC,1.0,,,,,,1,,,,
Q5HF13,Q5HF13_STAAC,1.0,,,,,,1,,,,
Q5HD82,Q5HD82_STAAC,1.0,,,,,,1,,,,
Q5HCF5,Q5HCF5_EHRRW,1.0,,,,,,1,,,,
Q5FT39,TPMT_GLUOX,1.0,,,,,,1,,,,
Q5FHM7,Q5FHM7_EHRRG,1.0,,,,,,1,,,,
Q5E3V5,Q5E3V5_VIBF1,1.0,,,,,,1,,,,
Q5E189,Q5E189_VIBF1,1.0,,,,,,1,,,,
Q5AA16,Q5AA16_CANAL,1.0,,,,,,1,,,,
Q5B3A6,Q5B3A6_EMENI,1.0,,,,,,1,,,,
Q5BA73,Q5BA73_EMENI,1.0,,,,,,1,,,,
Q5B8N4,Q5B8N4_EMENI,1.0,,,,,,1,,,,
Q5B6W3,Q5B6W3_EMENI,1.0,,,,,,1,,,,
Q5B6H9,Q5B6H9_EMENI,1.0,,,,,,1,,,,
Q5B4A5,Q5B4A5_EMENI,1.0,,,,,,1,,,,
Q5B3G2,Q5B3G2_EMENI,1.0,,,,,,1,,,,
Q5B2W1,Q5B2W1_EMENI,1.0,,,,,,1,,,,
Q5BCW6,Q5BCW6_EMENI,1.0,,,,,,1,,,,
Q5B0Z1,Q5B0Z1_EMENI,1.0,,,,,,1,,,,
Q5AX34,Q5AX34_EMENI,1.0,,,,,,1,,,,
Q5AX05,Q5AX05_EMENI,1.0,,,,,,1,,,,
Q5AT49,Q5AT49_EMENI,1.0,,,,,,1,,,,
Q5AP61,Q5AP61_CANAL,1.0,,,,,,1,,,,
Q5ADX5,MCES_CANAL,1.0,,,,,,1,,,,
Q5BC14,Q5BC14_EMENI,1.0,,,,,,1,,,,
Q5BD14,Q5BD14_EMENI,1.0,,,,,,1,,,,
Q5E0E7,Q5E0E7_VIBF1,1.0,,,,,,1,,,,
Q5CB51,Q5CB51_CHLRE,1.0,,,,,,1,,,,
Q5DZI0,Q5DZI0_VIBF1,1.0,,,,,,1,,,,
Q5DGT9,Q5DGT9_SCHJA,1.0,,,,,,1,,,,
Q5DFY1,Q5DFY1_SCHJA,1.0,,,,,,1,,,,
Q5DFB8,Q5DFB8_SCHJA,1.0,,,,,,1,,,,
Q5DD79,Q5DD79_SCHJA,1.0,,,,,,1,,,,
Q5D9D3,Q5D9D3_SCHJA,1.0,,,,,,1,,,,
Q5C3J2,Q5C3J2_SCHJA,1.0,,,,,,1,,,,
Q5BE27,Q5BE27_EMENI,1.0,,,,,,1,,,,
Q5C1Y9,Q5C1Y9_SCHJA,1.0,,,,,,1,,,,
Q5BXW0,Q5BXW0_SCHJA,1.0,,,,,,1,,,,
Q5BVR4,Q5BVR4_SCHJA,1.0,,,,,,1,,,,
Q5BLD8,MT21A_DANRE,1.0,,,,,,1,,,,
Q5BJ69,Q5BJ69_XENTR,1.0,,,,,,1,,,,
Q5BET5,Q5BET5_EMENI,1.0,,,,,,1,,,,
Q4ZS38,Q4ZS38_PSEU2,1.0,,,,,,1,,,,
Q4ZPE6,CMOA_PSEU2,1.0,,,,,,1,,,,
Q6Z8K5,Q6Z8K5_ORYSJ,1.0,1,,,,,,,,,
Q4FRG6,Q4FRG6_PSYA2,1.0,,,,,,1,,,,
Q4J8A8,Q4J8A8_SULAC,1.0,,,,,,1,,,,
Q4J7L0,Q4J7L0_SULAC,1.0,,,,,,1,,,,
Q4J6D3,Q4J6D3_SULAC,1.0,,,,,,1,,,,
Q4GZA6,Q4GZA6_TRYB2,1.0,,,,,,1,,,,
Q4GYA9,Q4GYA9_TRYB2,1.0,,,,,,1,,,,
Q4FUR5,Q4FUR5_PSYA2,1.0,,,,,,1,,,,
Q4FR06,RSMJ_PSYA2,1.0,,,,,,1,,,,
Q4J8M8,Q4J8M8_SULAC,1.0,,,,,,1,,,,
Q4FQR1,Q4FQR1_PSYA2,1.0,,,,,,1,,,,
Q4FQB2,CMOB_PSYA2,1.0,,,,,,1,,,,
Q4FQB1,CMOA_PSYA2,1.0,,,,,,1,,,,
Q4FQ11,Q4FQ11_PSYA2,1.0,,,,,,1,,,,
Q4FPT0,Q4FPT0_PSYA2,1.0,,,,,,1,,,,
Q4FKP8,Q4FKP8_TRYB2,1.0,,,,,,1,,,,
Q4J8C1,Q4J8C1_SULAC,1.0,,,,,,1,,,,
Q4JA03,Q4JA03_SULAC,1.0,,,,,,1,,,,
Q4AE70,CARM1_RAT,1.0,,,,,,1,,,,
Q4K4I8,Q4K4I8_PSEF5,1.0,,,,,,1,,,,
Q4KBI0,Q4KBI0_PSEF5,1.0,,,,,,1,,,,
Q4KB32,Q4KB32_PSEF5,1.0,,,,,,1,,,,
Q4K8U2,TPMT_PSEF5,1.0,,,,,,1,,,,
Q4K6X7,CMOA_PSEF5,1.0,,,,,,1,,,,
Q4K6X6,CMOB_PSEF5,1.0,,,,,,1,,,,
Q4K4T5,Q4K4T5_PSEF5,1.0,,,,,,1,,,,
Q4K4D2,Q4K4D2_PSEF5,1.0,,,,,,1,,,,
Q4JBP3,Q4JBP3_SULAC,1.0,,,,,,1,,,,
Q4K3C9,Q4K3C9_PSEF5,1.0,,,,,,1,,,,
Q4JXZ4,Q4JXZ4_CORJK,1.0,,,,,,1,,,,
Q4JUK9,Q4JUK9_CORJK,1.0,,,,,,1,,,,
Q4JUE8,Q4JUE8_CORJK,1.0,,,,,,1,,,,
Q4JCF0,Q4JCF0_SULAC,1.0,,,,,,1,,,,
Q4JCE6,Q4JCE6_SULAC,1.0,,,,,,1,,,,
Q4FKJ2,Q4FKJ2_TRYB2,1.0,,,,,,1,,,,
Q4A0Q5,Q4A0Q5_STAS1,1.0,,,,,,1,,,,
Q4KCD2,Q4KCD2_PSEF5,1.0,,,,,,1,,,,
Q47ZA0,Q47ZA0_COLP3,1.0,,,,,,1,,,,
Q483C9,CMOA_COLP3,1.0,,,,,,1,,,,
Q48363,Q48363_STAAM,1.0,,,,,,1,,,,
Q481F8,Q481F8_COLP3,1.0,,,,,,1,,,,
Q481D6,Q481D6_COLP3,1.0,,,,,,1,,,,
Q480H1,Q480H1_COLP3,1.0,,,,,,1,,,,
Q47ZH6,Q47ZH6_COLP3,1.0,,,,,,1,,,,
Q47YY8,Q47YY8_COLP3,1.0,,,,,,1,,,,
Q483N6,Q483N6_COLP3,1.0,,,,,,1,,,,
Q47TX1,Q47TX1_THEFY,1.0,,,,,,1,,,,
Q47TM6,Q47TM6_THEFY,1.0,,,,,,1,,,,
Q47SF7,Q47SF7_THEFY,1.0,,,,,,1,,,,
Q47RZ4,Q47RZ4_THEFY,1.0,,,,,,1,,,,
Q47PF0,Q47PF0_THEFY,1.0,,,,,,1,,,,
Q47PB3,Q47PB3_THEFY,1.0,,,,,,1,,,,
Q483D0,CMOB_COLP3,1.0,,,,,,1,,,,
Q48AK7,RSMJ_COLP3,1.0,,,,,,1,,,,
Q49YJ1,Q49YJ1_STAS1,1.0,,,,,,1,,,,
Q48JH7,Q48JH7_PSE14,1.0,,,,,,1,,,,
Q49Y32,Q49Y32_STAS1,1.0,,,,,,1,,,,
Q49UM9,Q49UM9_STAS1,1.0,,,,,,1,,,,
Q48PN5,Q48PN5_PSE14,1.0,,,,,,1,,,,
Q48PA2,Q48PA2_PSE14,1.0,,,,,,1,,,,
Q48MZ4,Q48MZ4_PSE14,1.0,,,,,,1,,,,
Q48KX7,Q48KX7_PSE14,1.0,,,,,,1,,,,
Q48F48,Q48F48_PSE14,1.0,,,,,,1,,,,
Q48CH4,Q48CH4_PSE14,1.0,,,,,,1,,,,
Q48F42,RSMJ_PSE14,1.0,,,,,,1,,,,
Q48EV8,CMOA_PSE14,1.0,,,,,,1,,,,
Q48EV7,CMOB_PSE14,1.0,,,,,,1,,,,
Q48ER0,Q48ER0_PSE14,1.0,,,,,,1,,,,
Q48CY3,Q48CY3_PSE14,1.0,,,,,,1,,,,
Q48CS4,Q48CS4_PSE14,1.0,,,,,,1,,,,
Q4KCA1,Q4KCA1_PSEF5,1.0,,,,,,1,,,,
Q4KCP8,Q4KCP8_PSEF5,1.0,,,,,,1,,,,
Q4ZPE5,CMOB_PSEU2,1.0,,,,,,1,,,,
Q4SM98,Q4SM98_TETNG,1.0,,,,,,1,,,,
Q4UDF2,Q4UDF2_THEAN,1.0,,,,,,1,,,,
Q4UD36,Q4UD36_THEAN,1.0,,,,,,1,,,,
Q4UCC8,Q4UCC8_THEAN,1.0,,,,,,1,,,,
Q4T8Z8,Q4T8Z8_TETNG,1.0,,,,,,1,,,,
Q4SVD7,Q4SVD7_TETNG,1.0,,,,,,1,,,,
Q4SPM2,Q4SPM2_TETNG,1.0,,,,,,1,,,,
Q4SKI1,Q4SKI1_TETNG,1.0,,,,,,1,,,,
Q4UF97,Q4UF97_THEAN,1.0,,,,,,1,,,,
Q4SK87,Q4SK87_TETNG,1.0,,,,,,1,,,,
Q4SK29,Q4SK29_TETNG,1.0,,,,,,1,,,,
Q4SEM2,Q4SEM2_TETNG,1.0,,,,,,,,1,,
Q4S6E4,Q4S6E4_TETNG,1.0,,,,,,1,,,,
Q4S068,Q4S068_TETNG,1.0,,,,,,1,,,,
Q4RXZ2,Q4RXZ2_TETNG,1.0,,,,,,1,,,,
Q4UE30,Q4UE30_THEAN,1.0,,,,,,1,,,,
Q4UHA9,Q4UHA9_THEAN,1.0,,,,,,1,,,,
Q4RW76,Q4RW76_TETNG,1.0,,,,,,1,,,,
Q4UZP3,Q4UZP3_XANC8,1.0,,,,,,1,,,,
Q4ZPA4,Q4ZPA4_PSEU2,1.0,,,,,,1,,,,
Q4ZMB1,Q4ZMB1_PSEU2,1.0,,,,,,1,,,,
Q4XZM5,Q4XZM5_PLACH,1.0,1,,,,,,,,,
Q4WN42,MCES_ASPFU,1.0,,,,,,1,,,,
Q4V6Z1,Q4V6Z1_DROME,1.0,,,,,,1,,,,
Q4V180,Q4V180_BACCZ,1.0,,,,,,1,,,,
Q4UZD0,Q4UZD0_XANC8,1.0,,,,,,1,,,,
Q4USP1,Q4USP1_XANC8,1.0,,,,,,1,,,,
Q4UYG3,Q4UYG3_XANC8,1.0,,,,,,1,,,,
Q4UTX6,Q4UTX6_XANC8,1.0,,,,,,1,,,,
Q4UTM0,Q4UTM0_XANC8,1.0,,,,,,1,,,,
Q4UTL8,Q4UTL8_XANC8,1.0,,,,,,1,,,,
Q4UTI6,Q4UTI6_XANC8,1.0,,,,,,1,,,,
Q4UST1,TPMT_XANC8,1.0,,,,,,1,,,,
Q4RXZ0,Q4RXZ0_TETNG,1.0,,,,,,1,,,,
Q4RRJ8,Q4RRJ8_TETNG,1.0,,,,,,1,,,,
Q4KD14,Q4KD14_PSEF5,1.0,,,,,,1,,,,
Q4KJH3,Q4KJH3_PSEF5,1.0,,,,,,1,,,,
Q4N649,Q4N649_THEPA,1.0,,,,,,1,,,,
Q4N5G1,Q4N5G1_THEPA,1.0,,,,,,1,,,,
Q4L8T9,Q4L8T9_STAHJ,1.0,,,,,,1,,,,
Q4L7A6,Q4L7A6_STAHJ,1.0,,,,,,1,,,,
Q4L6U2,Q4L6U2_STAHJ,1.0,,,,,,1,,,,
Q4KK48,Q4KK48_PSEF5,1.0,,,,,,1,,,,
Q4KIV8,Q4KIV8_PSEF5,1.0,,,,,,1,,,,
Q4QJZ2,Q4QJZ2_HAEI8,1.0,,,,,,1,,,,
Q4KHW6,Q4KHW6_PSEF5,1.0,,,,,,1,,,,
Q4KHJ7,RSMJ_PSEF5,1.0,,,,,,1,,,,
Q4KHI8,Q4KHI8_PSEF5,1.0,,,,,,1,,,,
Q4KGZ8,Q4KGZ8_PSEF5,1.0,,,,,,1,,,,
Q4KGS8,Q4KGS8_PSEF5,1.0,,,,,,1,,,,
Q4KF06,Q4KF06_PSEF5,1.0,,,,,,1,,,,
Q4N8A4,Q4N8A4_THEPA,1.0,,,,,,1,,,,
Q4QJZ4,Q4QJZ4_HAEI8,1.0,,,,,,1,,,,
Q4RRH2,Q4RRH2_TETNG,1.0,,,,,,1,,,,
Q4RIX7,Q4RIX7_TETNG,1.0,,,,,,1,,,,
Q4RQU6,Q4RQU6_TETNG,1.0,,,,,,1,,,,
Q4RQQ7,Q4RQQ7_TETNG,1.0,,,,,,1,,,,
Q4RPF1,Q4RPF1_TETNG,1.0,,,,,,1,,,,
Q4RLZ9,Q4RLZ9_TETNG,1.0,,,,,,1,,,,
Q4RKL4,Q4RKL4_TETNG,1.0,,,,,,1,,,,
Q4RJE6,Q4RJE6_TETNG,1.0,,,,,,1,,,,
Q4RFZ1,Q4RFZ1_TETNG,1.0,,,,,,1,,,,
Q4QK61,CMOB_HAEI8,1.0,,,,,,1,,,,
Q4QP89,Q4QP89_HAEI8,1.0,,,,,,1,,,,
Q4QNL9,CMOA_HAEI8,1.0,,,,,,1,,,,
Q4QMY3,Q4QMY3_HAEI8,1.0,,,,,,1,,,,
Q4QM52,RSMJ_HAEI8,1.0,,,,,,1,,,,
Q4QLZ7,Q4QLZ7_HAEI8,1.0,,,,,,1,,,,
Q4QKR1,Q4QKR1_HAEI8,1.0,,,,,,1,,,,
Q5HUI4,CMOB_CAMJR,1.0,,,,,,1,,,,
Q5HVI0,CMOA_CAMJR,1.0,,,,,,1,,,,
Q5HWG7,Q5HWG7_CAMJR,1.0,,,,,,1,,,,
Q65GT8,Y2856_BACLD,1.0,,,,,,1,,,,
Q65MM6,Q65MM6_BACLD,1.0,,,,,,1,,,,
Q65J69,Q65J69_BACLD,1.0,,,,,,1,,,,
Q65IF2,Q65IF2_BACLD,1.0,,,,,,1,,,,
Q65H39,Q65H39_BACLD,1.0,,,,,,1,,,,
Q65GZ7,Q65GZ7_BACLD,1.0,,,,,,1,,,,
Q65GU3,Q65GU3_BACLD,1.0,,,,,,1,,,,
Q63G27,Q63G27_BACCZ,1.0,,,,,,1,,,,
Q65PY5,RSMJ_MANSM,1.0,,,,,,1,,,,
Q63EF9,Q63EF9_BACCZ,1.0,,,,,,1,,,,
Q63EB6,Q63EB6_BACCZ,1.0,,,,,,1,,,,
Q63E94,Q63E94_BACCZ,1.0,,,,,,1,,,,
Q63DT8,Q63DT8_BACCZ,1.0,,,,,,1,,,,
Q63C89,Q63C89_BACCZ,1.0,,,,,,1,,,,
Q63C62,Q63C62_BACCZ,1.0,,,,,,1,,,,
Q65P11,Q65P11_BACLD,1.0,,,,,,1,,,,
Q65RA9,Q65RA9_MANSM,1.0,,,,,,1,,,,
Q63BH2,Q63BH2_BACCZ,1.0,,,,,,1,,,,
Q66B88,CMOA1_YERPS,1.0,,,,,,1,,,,
Q6BMH4,MCES_DEBHA,1.0,,,,,,1,,,,
Q6AYB9,Q6AYB9_RAT,1.0,,,,,,1,,,,
Q6AWU6,HOL3_ARATH,1.0,,,,,,1,,,,
Q6AL31,RSMJ_DESPS,1.0,,,,,,1,,,,
Q6AIL1,CMOA_DESPS,1.0,,,,,,1,,,,
Q6AIL0,CMOB_DESPS,1.0,,,,,,1,,,,
Q66AU8,CMOB_YERPS,1.0,,,,,,1,,,,
Q65SW5,Q65SW5_MANSM,1.0,,,,,,1,,,,
Q66AU7,CMOA2_YERPS,1.0,,,,,,1,,,,
Q664F4,RSMJ_YERPS,1.0,,,,,,1,,,,
Q65VD6,Q65VD6_MANSM,1.0,,,,,,1,,,,
Q65UP7,CMOA_MANSM,1.0,,,,,,1,,,,
Q65UH7,CMOB_MANSM,1.0,,,,,,1,,,,
Q65U08,Q65U08_MANSM,1.0,,,,,,1,,,,
Q63C02,Q63C02_BACCZ,1.0,,,,,,1,,,,
Q63B96,Q63B96_BACCZ,1.0,,,,,,1,,,,
Q6C2D9,ERG6_YARLI,1.0,,,,,,1,,,,
Q5ZWJ6,Q5ZWJ6_LEGPH,1.0,,,,,,1,,,,
Q603L5,CMOB_METCA,1.0,,,,,,1,,,,
Q60354,Y046_METJA,1.0,,,,,,1,,,,
Q60353,Y045_METJA,1.0,,,,,,1,,,,
Q5ZZ32,Q5ZZ32_LEGPH,1.0,,,,,,1,,,,
Q5ZYS9,Q5ZYS9_LEGPH,1.0,,,,,,1,,,,
Q5ZY52,Q5ZY52_LEGPH,1.0,,,,,,1,,,,
Q5ZUH5,Q5ZUH5_LEGPH,1.0,,,,,,1,,,,
Q60AQ2,TPMT_METCA,1.0,,,,,,1,,,,
Q5ZUG1,RSMJ_LEGPH,1.0,,,,,,1,,,,
Q5ZU72,Q5ZU72_LEGPH,1.0,,,,,,1,,,,
Q5ZTK3,Q5ZTK3_LEGPH,1.0,,,,,,1,,,,
Q5ZTK2,Q5ZTK2_LEGPH,1.0,,,,,,1,,,,
Q5ZT34,BIOC_LEGPH,1.0,,,,,,1,,,,
Q5ZSX0,Q5ZSX0_LEGPH,1.0,,,,,,1,,,,
Q605H3,CMOA_METCA,1.0,,,,,,1,,,,
Q62TR3,Q62TR3_BACLD,1.0,,,,,,1,,,,
Q63B08,Q63B08_BACCZ,1.0,,,,,,1,,,,
Q637U8,Q637U8_BACCZ,1.0,,,,,,1,,,,
Q63AF1,Q63AF1_BACCZ,1.0,,,,,,1,,,,
Q63A93,Q63A93_BACCZ,1.0,,,,,,1,,,,
Q63A59,Q63A59_BACCZ,1.0,,,,,,1,,,,
Q639N2,Q639N2_BACCZ,1.0,,,,,,1,,,,
Q638M2,Q638M2_BACCZ,1.0,,,,,,1,,,,
Q638K9,Q638K9_BACCZ,1.0,,,,,,1,,,,
Q637P1,Q637P1_BACCZ,1.0,,,,,,1,,,,
Q63009,ANM1_RAT,1.0,,,,,,1,,,,
Q637H6,Q637H6_BACCZ,1.0,,,,,,1,,,,
Q635G6,Q635G6_BACCZ,1.0,,,,,,1,,,,
Q634L3,Q634L3_BACCZ,1.0,,,,,,1,,,,
Q634G9,Y4119_BACCZ,1.0,,,,,,1,,,,
Q632U2,Q632U2_BACCZ,1.0,,,,,,1,,,,
Q630W7,Q630W7_BACCZ,1.0,,,,,,1,,,,
Q6BRB7,ERG6_DEBHA,1.0,,,,,,1,,,,
Q6C6X6,TPMT_YARLI,1.0,,,,,,1,,,,
Q5HWK4,Q5HWK4_CAMJR,1.0,,,,,,1,,,,
Q6LY14,Q6LY14_METMP,1.0,,,,,,1,,,,
Q6MAV1,Q6MAV1_PARUW,1.0,,,,,,1,,,,
Q6MAQ5,Q6MAQ5_PARUW,1.0,,,,,,1,,,,
Q6M9P3,Q6M9P3_PARUW,1.0,,,,,,1,,,,
Q6M924,Q6M924_NEUCS,1.0,,,,,,1,,,,
Q6LYW1,Q6LYW1_METMP,1.0,,,,,,1,,,,
Q6LY18,Q6LY18_METMP,1.0,,,,,,1,,,,
Q6LXL1,Q6LXL1_METMP,1.0,,,,,,1,,,,
Q6MC62,Q6MC62_PARUW,1.0,,,,,,1,,,,
Q6LX24,Q6LX24_METMP,1.0,,,,,,1,,,,
Q6LWJ2,Q6LWJ2_METMP,1.0,,,,,,1,,,,
Q6LT56,CMOB_PHOPR,1.0,,,,,,1,,,,
Q6LT55,CMOA_PHOPR,1.0,,,,,,1,,,,
Q6LRI5,TPMT_PHOPR,1.0,,,,,,1,,,,
Q6LLM4,RSMJ_PHOPR,1.0,,,,,,1,,,,
Q6MBZ1,Q6MBZ1_PARUW,1.0,,,,,,1,,,,
Q6MCC9,Q6MCC9_PARUW,1.0,,,,,,1,,,,
Q6L307,Q6L307_PICTO,1.0,,,,,,1,,,,
Q6PAK3,ANM8_MOUSE,1.0,,,,,,1,,,,
Q6Z2U2,Q6Z2U2_ORYSJ,1.0,,,,,,1,,,,
Q6WEE4,Q6WEE4_CHLRE,1.0,,,,,,1,,,,
Q6VPQ2,Q6VPQ2_CHLRE,1.0,,,,,,1,,,,
Q6UX53,MET7B_HUMAN,1.0,,,,,,1,,,,
Q6T755,Q6T755_PLAFA,1.0,,,,,,1,,,,
Q6PFN7,Q6PFN7_DANRE,1.0,,,,,,1,,,,
Q6P804,Q6P804_XENTR,1.0,,,,,,1,,,,
Q6MQB7,RSMJ_BDEBA,1.0,,,,,,1,,,,
Q6P607,Q6P607_DANRE,1.0,,,,,,1,,,,
Q6P4H8,F173B_HUMAN,1.0,,,,,,1,,,,
Q6P2P2,ANM9_HUMAN,1.0,,,,,,1,,,,
Q6NZB1,ANM6_MOUSE,1.0,,,,,,1,,,,
Q6N453,RSMJ_RHOPA,1.0,,,,,,1,,,,
Q6MV44,Q6MV44_NEUCS,1.0,,,,,,1,,,,
Q6L330,Q6L330_PICTO,1.0,,,,,,1,,,,
Q6L2V4,Q6L2V4_PICTO,1.0,,,,,,1,,,,
Q6CC11,MCES_YARLI,1.0,,,,,,1,,,,
Q6F7K6,Q6F7K6_ACIAD,1.0,,,,,,1,,,,
Q6FDV0,BIOC_ACIAD,1.0,,,,,,1,,,,
Q6FCR1,Q6FCR1_ACIAD,1.0,,,,,,1,,,,
Q6FC04,Q6FC04_ACIAD,1.0,,,,,,1,,,,
Q6FBP9,Q6FBP9_ACIAD,1.0,,,,,,1,,,,
Q6F8H8,TPMT_ACIAD,1.0,,,,,,1,,,,
Q6F8B1,Q6F8B1_ACIAD,1.0,,,,,,1,,,,
Q6F7B0,Q6F7B0_ACIAD,1.0,,,,,,1,,,,
Q6FEB3,RSMJ_ACIAD,1.0,,,,,,1,,,,
Q6DC04,CARM1_DANRE,1.0,,,,,,1,,,,
Q6DB47,RSMJ_PECAS,1.0,,,,,,1,,,,
Q6D483,CMOA_PECAS,1.0,,,,,,1,,,,
Q6D482,CMOB_PECAS,1.0,,,,,,1,,,,
Q6CYB3,ERG6_KLULA,1.0,,,,,,1,,,,
Q6CKI0,MCES_KLULA,1.0,,,,,,1,,,,
Q6FE45,Q6FE45_ACIAD,1.0,,,,,,1,,,,
Q6FEP3,Q6FEP3_ACIAD,1.0,,,,,,1,,,,
Q6L2U7,Q6L2U7_PICTO,1.0,,,,,,1,,,,
Q6GK44,Q6GK44_STAAR,1.0,,,,,,1,,,,
Q6L2C1,Q6L2C1_PICTO,1.0,,,,,,1,,,,
Q6L0M7,Q6L0M7_PICTO,1.0,,,,,,1,,,,
Q6L049,Q6L049_PICTO,1.0,,,,,,1,,,,
Q6K833,MCES2_ORYSJ,1.0,,,,,,1,,,,
Q6HDF0,Y4108_BACHK,1.0,,,,,,1,,,,
Q6GKQ1,Q6GKQ1_STAAR,1.0,,,,,,1,,,,
Q6GGB0,Q6GGB0_STAAR,1.0,,,,,,1,,,,
Q6FEQ4,Q6FEQ4_ACIAD,1.0,,,,,,1,,,,
Q6GFU0,Q6GFU0_STAAR,1.0,,,,,,1,,,,
Q6GDW6,Q6GDW6_STAAR,1.0,,,,,,1,,,,
Q6GCK5,Q6GCK5_STAAS,1.0,,,,,,1,,,,
Q6G8X7,Q6G8X7_STAAS,1.0,,,,,,1,,,,
Q6G8G6,Q6G8G6_STAAS,1.0,,,,,,1,,,,
Q6G6K1,Q6G6K1_STAAS,1.0,,,,,,1,,,,
Q5ZSI4,Q5ZSI4_LEGPH,1.0,,,,,,1,,,,
Q5ZS26,Q5ZS26_LEGPH,1.0,,,,,,1,,,,
Q5ZRP5,TPMT_LEGPH,1.0,,,,,,1,,,,
Q5NEV4,RSMJ_FRATT,1.0,,,,,,1,,,,
Q5P4R0,Q5P4R0_AROAE,1.0,,,,,,1,,,,
Q5NZF7,Q5NZF7_AROAE,1.0,,,,,,1,,,,
Q5NZ51,Q5NZ51_AROAE,1.0,,,,,,1,,,,
Q5NYP5,Q5NYP5_AROAE,1.0,,,,,,1,,,,
Q5NY87,Q5NY87_AROAE,1.0,,,,,,1,,,,
Q5NY41,Q5NY41_AROAE,1.0,,,,,,1,,,,
Q5NEH3,TPMT_FRATT,1.0,,,,,,1,,,,
Q5P6K2,Q5P6K2_AROAE,1.0,,,,,,1,,,,
Q5N5T1,Q5N5T1_SYNP6,1.0,,,,,,1,,,,
Q5N4X2,Q5N4X2_SYNP6,1.0,,,,,,1,,,,
Q5N3K3,Q5N3K3_SYNP6,1.0,,,,,,1,,,,
Q5N3A9,Q5N3A9_SYNP6,1.0,,,,,,1,,,,
Q5N2B0,Q5N2B0_SYNP6,1.0,,,,,,1,,,,
Q5N2A0,Q5N2A0_SYNP6,1.0,,,,,,1,,,,
Q5P5H1,Q5P5H1_AROAE,1.0,,,,,,1,,,,
Q5P6S1,Q5P6S1_AROAE,1.0,,,,,,1,,,,
Q5N227,Q5N227_SYNP6,1.0,,,,,,1,,,,
Q5R0Q5,CMOB_IDILO,1.0,,,,,,1,,,,
Q5SLS0,Q5SLS0_THET8,1.0,,,,,,1,,,,
Q5SL11,Q5SL11_THET8,1.0,,,,,,1,,,,
Q5SHK1,Q5SHK1_THET8,1.0,,,,,,1,,,,
Q5RGQ2,ANM8B_DANRE,1.0,,,,,,1,,,,
Q5RBJ3,TPMT_PONPY,1.0,,,,,,1,,,,
Q5R0Q6,CMOA_IDILO,1.0,,,,,,1,,,,
Q5QV55,RSMJ_IDILO,1.0,,,,,,1,,,,
Q5P7M5,Q5P7M5_AROAE,1.0,,,,,,1,,,,
Q5Q0D4,Q5Q0D4_ARATH,1.0,,,,,,1,,,,
Q5PMY9,CMOB_SALPA,1.0,,,,,,1,,,,
Q5PMY8,CMOA_SALPA,1.0,,,,,,1,,,,
Q5PJN8,RSMJ_SALPA,1.0,,,,,,1,,,,
Q5PAX9,Q5PAX9_ANAMM,1.0,,,,,,1,,,,
Q5P9D1,Q5P9D1_ANAMM,1.0,,,,,,1,,,,
Q5N237,Q5N237_SYNP6,1.0,,,,,,1,,,,
Q5N212,Q5N212_SYNP6,1.0,,,,,,1,,,,
Q5ZJ77,Q5ZJ77_CHICK,1.0,,,,,,1,,,,
Q5JG60,Q5JG60_THEKO,1.0,,,,,,1,,,,
Q5KWV8,Y2543_GEOKA,1.0,,,,,,1,,,,
Q5JJ79,Q5JJ79_THEKO,1.0,,,,,,1,,,,
Q5JHQ2,Q5JHQ2_THEKO,1.0,,,,,,1,,,,
Q5JH73,Q5JH73_THEKO,1.0,,,,,,1,,,,
Q5JGN8,Q5JGN8_THEKO,1.0,,,,,,1,,,,
Q5JG68,Q5JG68_THEKO,1.0,,,,,,1,,,,
Q5JG14,Q5JG14_THEKO,1.0,,,,,,1,,,,
Q5LFK0,Q5LFK0_BACFN,1.0,,,,,,1,,,,
Q5JFQ4,Q5JFQ4_THEKO,1.0,,,,,,1,,,,
Q5JEU8,Q5JEU8_THEKO,1.0,,,,,,1,,,,
Q5JED8,Q5JED8_THEKO,1.0,,,,,,1,,,,
Q5I0W6,Q5I0W6_MOUSE,1.0,,,,,,1,,,,
Q5I031,Q5I031_XENTR,1.0,,,,,,1,,,,
Q5HZ60,MCES2_ARATH,1.0,,,,,,1,,,,
Q5LEY3,Q5LEY3_BACFN,1.0,,,,,,1,,,,
Q5LGJ3,Q5LGJ3_BACFN,1.0,,,,,,1,,,,
Q5N1D8,Q5N1D8_SYNP6,1.0,,,,,,1,,,,
Q5M386,Q5M386_STRT2,1.0,,,,,,1,,,,
Q5N0E1,Q5N0E1_SYNP6,1.0,,,,,,1,,,,
Q5N0B8,Q5N0B8_SYNP6,1.0,,,,,,1,,,,
Q5MZY8,Q5MZY8_SYNP6,1.0,,,,,,1,,,,
Q5MZI7,Q5MZI7_SYNP6,1.0,,,,,,1,,,,
Q5M789,Q5M789_XENTR,1.0,,,,,,1,,,,
Q5M5F5,Q5M5F5_STRT2,1.0,,,,,,1,,,,
Q5M322,Q5M322_STRT2,1.0,,,,,,1,,,,
Q5LXX9,Q5LXX9_STRT1,1.0,,,,,,1,,,,
Q5M2Z6,Q5M2Z6_STRT2,1.0,,,,,,1,,,,
Q5M2I1,Q5M2I1_STRT2,1.0,,,,,,1,,,,
Q5M0W8,Q5M0W8_STRT1,1.0,,,,,,1,,,,
Q5LYM3,Q5LYM3_STRT1,1.0,,,,,,1,,,,
Q5LYF9,Q5LYF9_STRT1,1.0,,,,,,1,,,,
Q5LYD3,Q5LYD3_STRT1,1.0,,,,,,1,,,,
Q5TEU4,NDUF5_HUMAN,1.0,,,,,,1,,,,
Q5TX98,Q5TX98_ANOGA,1.0,,,,,,1,,,,
Q5U2U7,MCES_RAT,1.0,,,,,,1,,,,
Q5WVB0,Q5WVB0_LEGPL,1.0,,,,,,1,,,,
Q5WZY8,Q5WZY8_LEGPL,1.0,,,,,,1,,,,
Q5WZP7,Q5WZP7_LEGPL,1.0,,,,,,1,,,,
Q5WZ24,Q5WZ24_LEGPL,1.0,,,,,,1,,,,
Q5WWE8,Q5WWE8_LEGPL,1.0,,,,,,1,,,,
Q5WVM8,Q5WVM8_LEGPL,1.0,,,,,,1,,,,
Q5WVL3,RSMJ_LEGPL,1.0,,,,,,1,,,,
Q5WUT2,Q5WUT2_LEGPL,1.0,,,,,,1,,,,
Q5X154,TPMT_LEGPA,1.0,,,,,,1,,,,
Q5WUT1,Q5WUT1_LEGPL,1.0,,,,,,1,,,,
Q5WUB7,Q5WUB7_LEGPL,1.0,,,,,,1,,,,
Q5WU52,Q5WU52_LEGPL,1.0,,,,,,1,,,,
Q5WTR8,Q5WTR8_LEGPL,1.0,,,,,,1,,,,
Q5WTA5,Q5WTA5_LEGPL,1.0,,,,,,1,,,,
Q5WSX9,TPMT_LEGPL,1.0,,,,,,1,,,,
Q5X0S7,Q5X0S7_LEGPA,1.0,,,,,,1,,,,
Q5X1J6,Q5X1J6_LEGPA,1.0,,,,,,1,,,,
Q5U4E8,ANM7_RAT,1.0,,,,,,1,,,,
Q5X677,Q5X677_LEGPA,1.0,,,,,,1,,,,
Q5ZIB9,ANM7_CHICK,1.0,,,,,,1,,,,
Q5ZI10,Q5ZI10_CHICK,1.0,,,,,,1,,,,
Q5XJQ2,Q5XJQ2_DANRE,1.0,,,,,,1,,,,
Q5X8K8,Q5X8K8_LEGPA,1.0,,,,,,1,,,,
Q5X895,Q5X895_LEGPA,1.0,,,,,,1,,,,
Q5X7M1,Q5X7M1_LEGPA,1.0,,,,,,1,,,,
Q5X494,Q5X494_LEGPA,1.0,,,,,,1,,,,
Q5X1Z4,Q5X1Z4_LEGPA,1.0,,,,,,1,,,,
Q5X479,RSMJ_LEGPA,1.0,,,,,,1,,,,
Q5X3W7,Q5X3W7_LEGPA,1.0,,,,,,1,,,,
Q5X3D9,Q5X3D9_LEGPA,1.0,,,,,,1,,,,
Q5X3D8,Q5X3D8_LEGPA,1.0,,,,,,1,,,,
Q5X2V8,Q5X2V8_LEGPA,1.0,,,,,,1,,,,
Q5X2D1,Q5X2D1_LEGPA,1.0,,,,,,1,,,,
Q5WS65,Q5WS65_LEGPA,1.0,,,,,,1,,,,
Q5WS23,Q5WS23_LEGPA,1.0,,,,,,1,,,,
Q5WLD9,Q5WLD9_BACSK,1.0,,,,,,1,,,,
Q5V1A2,Q5V1A2_HALMA,1.0,,,,,,1,,,,
Q5V6L1,Q5V6L1_HALMA,1.0,,,,,,1,,,,
Q5V652,Q5V652_HALMA,1.0,,,,,,1,,,,
Q5V5F6,Q5V5F6_HALMA,1.0,,,,,,1,,,,
Q5V4S5,Q5V4S5_HALMA,1.0,,,,,,1,,,,
Q5V4J2,Q5V4J2_HALMA,1.0,,,,,,1,,,,
Q5V3G9,Q5V3G9_HALMA,1.0,,,,,,1,,,,
Q5V0S9,Q5V0S9_HALMA,1.0,,,,,,1,,,,
Q5WLD7,Q5WLD7_BACSK,1.0,,,,,,1,,,,
Q5UZQ4,Q5UZQ4_HALMA,1.0,,,,,,1,,,,
Q5UYU0,Q5UYU0_HALMA,1.0,,,,,,1,,,,
Q5UY40,Q5UY40_HALMA,1.0,,,,,,1,,,,
Q5UXZ5,Q5UXZ5_HALMA,1.0,,,,,,1,,,,
Q5UR03,YL905_MIMIV,1.0,1,,,,,,,,,
Q5U4F0,RRP8_RAT,1.0,,,,,,1,,,,
Q5V6Y7,Q5V6Y7_HALMA,1.0,,,,,,1,,,,
Q5VLE3,Q5VLE3_EMEND,1.0,,,,,,1,,,,
Q5WAJ4,Q5WAJ4_BACSK,1.0,,,,,,1,,,,
Q5WAS5,Q5WAS5_BACSK,1.0,,,,,,1,,,,
Q5WCE8,Q5WCE8_BACSK,1.0,,,,,,1,,,,
Q5WCG7,Q5WCG7_BACSK,1.0,,,,,,1,,,,
Q5WCS1,Q5WCS1_BACSK,1.0,,,,,,1,,,,
Q5WDQ6,Q5WDQ6_BACSK,1.0,,,,,,1,,,,
Q5WE02,Q5WE02_BACSK,1.0,,,,,,1,,,,
Q5WFJ7,Q5WFJ7_BACSK,1.0,,,,,,1,,,,
Q5WFY5,Q5WFY5_BACSK,1.0,,,,,,1,,,,
Q5WGH3,Q5WGH3_BACSK,1.0,,,,,,1,,,,
Q5WGP3,Q5WGP3_BACSK,1.0,,,,,,1,,,,
Q5WGP8,Q5WGP8_BACSK,1.0,,,,,,1,,,,
Q5WHF6,Q5WHF6_BACSK,1.0,,,,,,1,,,,
Q5WHH6,Q5WHH6_BACSK,1.0,,,,,,1,,,,
Q5WKR2,Q5WKR2_BACSK,1.0,,,,,,1,,,,
Q0TKA7,Q0TKA7_ECOL5,1.0,,,,,,1,,,,
Q0TJS1,Q0TJS1_ECOL5,1.0,,,,,,1,,,,
Q0TJD2,Q0TJD2_ECOL5,1.0,,,,,,1,,,,
C4XU74,C4XU74_DESMR,1.0,,,,,,1,,,,
C4Z8A1,C4Z8A1_EUBR3,1.0,,,,,,1,,,,
C4Z7M4,C4Z7M4_EUBE2,1.0,,,,,,1,,,,
C4Z4M5,C4Z4M5_EUBE2,1.0,,,,,,1,,,,
C4Z3P4,C4Z3P4_EUBE2,1.0,,,,,,1,,,,
C4Z3G5,C4Z3G5_EUBE2,1.0,,,,,,1,,,,
C4Z2L9,C4Z2L9_EUBE2,1.0,,,,,,1,,,,
C4XTE8,C4XTE8_DESMR,1.0,,,,,,1,,,,
C4ZI57,C4ZI57_EUBR3,1.0,,,,,,1,,,,
C4XT35,C4XT35_DESMR,1.0,,,,,,1,,,,
C4XRZ2,C4XRZ2_DESMR,1.0,,,,,,1,,,,
C4XPD9,C4XPD9_DESMR,1.0,,,,,,1,,,,
C4XNR0,C4XNR0_DESMR,1.0,,,,,,1,,,,
C4XJT4,C4XJT4_DESMR,1.0,,,,,,1,,,,
C4XJ82,C4XJ82_DESMR,1.0,,,,,,1,,,,
C4ZF89,C4ZF89_EUBR3,1.0,,,,,,1,,,,
C4ZJT0,C4ZJT0_THASP,1.0,,,,,,1,,,,
C4XIN1,C4XIN1_DESMR,1.0,,,,,,1,,,,
C4ZRV0,C4ZRV0_ECOBW,1.0,,,,,,1,,,,
C5A2C6,C5A2C6_THEGJ,1.0,,,,,,1,,,,
C4ZZH8,C4ZZH8_ECOBW,1.0,,,,,,1,,,,
C4ZXU8,C4ZXU8_ECOBW,1.0,,,,,,1,,,,
C4ZW44,RSMJ_ECOBW,1.0,,,,,,1,,,,
C4ZVG9,C4ZVG9_ECOBW,1.0,,,,,,1,,,,
C4ZVF1,C4ZVF1_ECOBW,1.0,,,,,,1,,,,
C4ZRU7,C4ZRU7_ECOBW,1.0,,,,,,1,,,,
C4ZJZ3,C4ZJZ3_THASP,1.0,,,,,,1,,,,
C4ZQF5,CMOB_ECOBW,1.0,,,,,,1,,,,
C4ZQF4,CMOA_ECOBW,1.0,,,,,,1,,,,
C4ZQ47,C4ZQ47_ECOBW,1.0,,,,,,1,,,,
C4ZP97,C4ZP97_THASP,1.0,,,,,,1,,,,
C4ZL82,C4ZL82_THASP,1.0,,,,,,1,,,,
C4ZK38,C4ZK38_THASP,1.0,,,,,,1,,,,
C4XJ22,C4XJ22_DESMR,1.0,,,,,,1,,,,
C4XID0,C4XID0_DESMR,1.0,,,,,,1,,,,
C5A457,C5A457_THEGJ,1.0,,,,,,1,,,,
C4LEQ8,C4LEQ8_TOLAT,1.0,,,,,,1,,,,
C4LIG4,C4LIG4_CORK4,1.0,,,,,,1,,,,
C4LHU6,C4LHU6_CORK4,1.0,,,,,,1,,,,
C4LHI8,C4LHI8_CORK4,1.0,,,,,,1,,,,
C4LFR7,C4LFR7_TOLAT,1.0,,,,,,1,,,,
C4LF39,C4LF39_TOLAT,1.0,,,,,,1,,,,
C4LES3,C4LES3_TOLAT,1.0,,,,,,1,,,,
C4LDC9,C4LDC9_TOLAT,1.0,,,,,,1,,,,
C4LL61,C4LL61_CORK4,1.0,,,,,,1,,,,
C4LD98,C4LD98_TOLAT,1.0,,,,,,1,,,,
C4LD58,RSMJ_TOLAT,1.0,,,,,,1,,,,
C4LC59,C4LC59_TOLAT,1.0,,,,,,1,,,,
C4LBI0,C4LBI0_TOLAT,1.0,,,,,,1,,,,
C4LBH9,CMOB_TOLAT,1.0,,,,,,1,,,,
C4L4S4,C4L4S4_EXISA,1.0,,,,,,1,,,,
C4LJK3,C4LJK3_CORK4,1.0,,,,,,1,,,,
C4PLY5,C4PLY5_CHLTZ,1.0,,,,,,1,,,,
C4XHB5,C4XHB5_DESMR,1.0,,,,,,1,,,,
C4R2A1,C4R2A1_PICPG,1.0,,,,,,1,,,,
C4XGX6,C4XGX6_DESMR,1.0,,,,,,1,,,,
C4R8I6,C4R8I6_PICPG,1.0,,,,,,1,,,,
C4R4M9,C4R4M9_PICPG,1.0,,,,,,1,,,,
C4R4C9,C4R4C9_PICPG,1.0,,,,,,1,,,,
C4R482,C4R482_PICPG,1.0,,,,,,1,,,,
C4R472,C4R472_PICPG,1.0,,,,,,1,,,,
C4R0K3,C4R0K3_PICPG,1.0,,,,,,1,,,,
C4PNZ4,C4PNZ4_CHLTZ,1.0,,,,,,1,,,,
C4QZW0,C4QZW0_PICPG,1.0,,,,,,1,,,,
C4QY47,C4QY47_PICPG,1.0,,,,,,1,,,,
C4QXS9,C4QXS9_PICPG,1.0,,,,,,1,,,,
C4QV15,C4QV15_PICPG,1.0,,,,,,1,,,,
C4PQM0,C4PQM0_CHLTJ,1.0,,,,,,1,,,,
C4PPE2,C4PPE2_CHLTJ,1.0,,,,,,1,,,,
C5A2J6,C5A2J6_THEGJ,1.0,,,,,,1,,,,
C5A4F0,C5A4F0_THEGJ,1.0,,,,,,1,,,,
C4L3U7,C4L3U7_EXISA,1.0,,,,,,1,,,,
C5BB22,RSMJ_EDWI9,1.0,,,,,,1,,,,
C5BHU7,C5BHU7_TERTT,1.0,,,,,,1,,,,
C5BHU2,C5BHU2_TERTT,1.0,,,,,,1,,,,
C5BHU1,C5BHU1_TERTT,1.0,,,,,,1,,,,
C5BEV6,C5BEV6_EDWI9,1.0,,,,,,1,,,,
C5BEJ5,C5BEJ5_EDWI9,1.0,,,,,,1,,,,
C5BDX5,C5BDX5_EDWI9,1.0,,,,,,1,,,,
C5BAD0,C5BAD0_EDWI9,1.0,,,,,,1,,,,
C5BIT9,C5BIT9_TERTT,1.0,,,,,,1,,,,
C5B8S2,C5B8S2_EDWI9,1.0,,,,,,1,,,,
C5B8N4,C5B8N4_EDWI9,1.0,,,,,,1,,,,
C5B837,C5B837_EDWI9,1.0,,,,,,1,,,,
C5B836,CMOB_EDWI9,1.0,,,,,,1,,,,
C5B240,C5B240_METEA,1.0,,,,,,1,,,,
C5B0W9,C5B0W9_METEA,1.0,,,,,,1,,,,
C5BIS1,TPMT_TERTT,1.0,,,,,,1,,,,
C5BJA5,C5BJA5_TERTT,1.0,,,,,,1,,,,
C5AW92,C5AW92_METEA,1.0,,,,,,1,,,,
C5BW13,C5BW13_BEUC1,1.0,,,,,,1,,,,
C5C3J8,C5C3J8_BEUC1,1.0,,,,,,1,,,,
C5C3I5,C5C3I5_BEUC1,1.0,,,,,,1,,,,
C5C3B8,C5C3B8_BEUC1,1.0,,,,,,1,,,,
C5BZX4,C5BZX4_BEUC1,1.0,,,,,,1,,,,
C5BY52,C5BY52_BEUC1,1.0,,,,,,1,,,,
C5BXQ8,C5BXQ8_BEUC1,1.0,,,,,,1,,,,
C5BV63,C5BV63_BEUC1,1.0,,,,,,1,,,,
C5BK49,C5BK49_TERTT,1.0,,,,,,1,,,,
C5BUX8,C5BUX8_BEUC1,1.0,,,,,,1,,,,
C5BQE4,C5BQE4_TERTT,1.0,,,,,,1,,,,
C5BMZ8,BIOHC_TERTT,1.0,,,,,,1,,,,
C5BMU9,C5BMU9_TERTT,1.0,,,,,,1,,,,
C5BLS8,C5BLS8_TERTT,1.0,,,,,,1,,,,
C5BLJ7,C5BLJ7_TERTT,1.0,,,,,,1,,,,
C5B0C4,C5B0C4_METEA,1.0,,,,,,1,,,,
C5AV23,C5AV23_METEA,1.0,,,,,,1,,,,
C5A4M8,C5A4M8_THEGJ,1.0,,,,,,1,,,,
C5ABN5,C5ABN5_BURGB,1.0,,,,,,1,,,,
C5AEQ2,C5AEQ2_BURGB,1.0,,,,,,1,,,,
C5AE40,C5AE40_BURGB,1.0,,,,,,1,,,,
C5ADZ2,C5ADZ2_BURGB,1.0,,,,,,1,,,,
C5ADP4,C5ADP4_BURGB,1.0,,,,,,1,,,,
C5AD27,C5AD27_BURGB,1.0,,,,,,1,,,,
C5ABW6,C5ABW6_BURGB,1.0,,,,,,1,,,,
C5AA84,C5AA84_BURGB,1.0,,,,,,1,,,,
C5AG29,C5AG29_BURGB,1.0,,,,,,1,,,,
C5A9T0,C5A9T0_BURGB,1.0,,,,,,1,,,,
C5A721,C5A721_THEGJ,1.0,,,,,,1,,,,
C5A652,C5A652_THEGJ,1.0,,,,,,1,,,,
C5A5T3,C5A5T3_THEGJ,1.0,,,,,,1,,,,
C5A5F0,C5A5F0_THEGJ,1.0,,,,,,1,,,,
C5A5C8,C5A5C8_THEGJ,1.0,,,,,,1,,,,
C5AF11,C5AF11_BURGB,1.0,,,,,,1,,,,
C5AH15,C5AH15_BURGB,1.0,,,,,,1,,,,
C5AUR7,C5AUR7_METEA,1.0,,,,,,1,,,,
C5AQ58,C5AQ58_METEA,1.0,,,,,,1,,,,
C5AUF4,C5AUF4_METEA,1.0,,,,,,1,,,,
C5ATB3,C5ATB3_METEA,1.0,,,,,,1,,,,
C5ASJ3,C5ASJ3_METEA,1.0,,,,,,1,,,,
C5AS07,C5AS07_METEA,1.0,,,,,,1,,,,
C5ARE5,C5ARE5_METEA,1.0,,,,,,1,,,,
C5AR87,C5AR87_METEA,1.0,,,,,,1,,,,
C5APB7,C5APB7_METEA,1.0,,,,,,1,,,,
C5AH34,C5AH34_BURGB,1.0,,,,,,1,,,,
C5AP56,C5AP56_METEA,1.0,,,,,,1,,,,
C5AMM5,C5AMM5_BURGB,1.0,,,,,,1,,,,
C5ALB9,C5ALB9_BURGB,1.0,,,,,,1,,,,
C5AJL5,C5AJL5_BURGB,1.0,,,,,,1,,,,
C5AJL1,C5AJL1_BURGB,1.0,,,,,,1,,,,
C5AIH0,C5AIH0_BURGB,1.0,,,,,,1,,,,
C4L420,C4L420_EXISA,1.0,,,,,,1,,,,
C4L3D5,C4L3D5_EXISA,1.0,,,,,,1,,,,
C5C4V4,C5C4V4_BEUC1,1.0,,,,,,1,,,,
C3XW87,C3XW87_BRAFL,1.0,,,,,,1,,,,
C3Y0I3,C3Y0I3_BRAFL,1.0,,,,,,1,,,,
C3XZ32,C3XZ32_BRAFL,1.0,,,,,,1,,,,
C3XYN2,C3XYN2_BRAFL,1.0,,,,,,1,,,,
C3XW90,C3XW90_BRAFL,1.0,,,,,,1,,,,
C3XW89,C3XW89_BRAFL,1.0,,,,,,1,,,,
C3XW88,C3XW88_BRAFL,1.0,,,,,,1,,,,
C3XW86,C3XW86_BRAFL,1.0,,,,,,1,,,,
C3Y1M0,C3Y1M0_BRAFL,1.0,,,,,,1,,,,
C3XW44,C3XW44_BRAFL,1.0,,,,,,1,,,,
C3XVK5,C3XVK5_BRAFL,1.0,,,,,,1,,,,
C3XU91,C3XU91_BRAFL,1.0,,,,,,1,,,,
C3XSQ2,C3XSQ2_BRAFL,1.0,,,,,,1,,,,
C3XSQ1,C3XSQ1_BRAFL,1.0,,,,,,1,,,,
C3XSM6,C3XSM6_BRAFL,1.0,,,,,,1,,,,
C3Y1E8,C3Y1E8_BRAFL,1.0,,,,,,1,,,,
C3Y1R5,C3Y1R5_BRAFL,1.0,,,,,,1,,,,
C3RZA4,C3RZA4_PIG,1.0,,,,,,1,,,,
C3YAR7,C3YAR7_BRAFL,1.0,,,,,,1,,,,
C3YGA4,C3YGA4_BRAFL,1.0,,,,,,1,,,,
C3YCH0,C3YCH0_BRAFL,1.0,,,,,,1,,,,
C3YCG7,C3YCG7_BRAFL,1.0,,,,,,1,,,,
C3YBS7,C3YBS7_BRAFL,1.0,,,,,,1,,,,
C3YBN1,C3YBN1_BRAFL,1.0,,,,,,1,,,,
C3YBN0,C3YBN0_BRAFL,1.0,,,,,,1,,,,
C3YA14,C3YA14_BRAFL,1.0,,,,,,1,,,,
C3Y281,C3Y281_BRAFL,1.0,,,,,,1,,,,
C3Y7J1,C3Y7J1_BRAFL,1.0,,,,,,1,,,,
C3Y6Y8,C3Y6Y8_BRAFL,1.0,,,,,,1,,,,
C3Y6V7,C3Y6V7_BRAFL,1.0,,,,,,1,,,,
C3Y6L5,C3Y6L5_BRAFL,1.0,,,,,,1,,,,
C3Y5Z3,C3Y5Z3_BRAFL,1.0,,,,,,1,,,,
C3Y443,C3Y443_BRAFL,1.0,,,,,,1,,,,
C3XPR7,C3XPR7_BRAFL,1.0,,,,,,1,,,,
C3PNT9,C3PNT9_RICAE,1.0,,,,,,1,,,,
C3YMM3,C3YMM3_BRAFL,1.0,,,,,,1,,,,
C3NZJ5,C3NZJ5_BACAA,1.0,,,,,,1,,,,
C3P428,C3P428_BACAA,1.0,,,,,,1,,,,
C3P3W7,C3P3W7_BACAA,1.0,,,,,,1,,,,
C3P3Q7,C3P3Q7_BACAA,1.0,,,,,,1,,,,
C3P308,C3P308_BACAA,1.0,,,,,,1,,,,
C3P0R0,C3P0R0_BACAA,1.0,,,,,,1,,,,
C3P026,C3P026_BACAA,1.0,,,,,,1,,,,
C3NTS7,C3NTS7_VIBCJ,1.0,,,,,,1,,,,
C3P4M4,C3P4M4_BACAA,1.0,,,,,,1,,,,
C3NT82,C3NT82_VIBCJ,1.0,,,,,,1,,,,
C3NSW3,C3NSW3_VIBCJ,1.0,,,,,,1,,,,
C3NRP8,C3NRP8_VIBCJ,1.0,,,,,,1,,,,
C3NRD1,C3NRD1_VIBCJ,1.0,,,,,,1,,,,
C3NRD0,C3NRD0_VIBCJ,1.0,,,,,,1,,,,
C3NR72,C3NR72_VIBCJ,1.0,,,,,,1,,,,
C3P497,C3P497_BACAA,1.0,,,,,,1,,,,
C3P536,C3P536_BACAA,1.0,,,,,,1,,,,
C3PNN4,C3PNN4_RICAE,1.0,,,,,,1,,,,
C3PAW5,C3PAW5_BACAA,1.0,,,,,,1,,,,
C3PMC8,C3PMC8_RICAE,1.0,,,,,,1,,,,
C3PM88,C3PM88_RICAE,1.0,,,,,,1,,,,
C3PM55,C3PM55_RICAE,1.0,,,,,,1,,,,
C3PLR8,C3PLR8_RICAE,1.0,,,,,,1,,,,
C3PD79,C3PD79_BACAA,1.0,,,,,,1,,,,
C3PCA8,C3PCA8_BACAA,1.0,,,,,,1,,,,
C3PAW3,C3PAW3_BACAA,1.0,,,,,,1,,,,
C3P7Q1,C3P7Q1_BACAA,1.0,,,,,,1,,,,
C3PA05,C3PA05_BACAA,1.0,,,,,,1,,,,
C3P965,Y4623_BACAA,1.0,,,,,,1,,,,
C3P8R0,C3P8R0_BACAA,1.0,,,,,,1,,,,
C3P8N6,C3P8N6_BACAA,1.0,,,,,,1,,,,
C3P857,C3P857_BACAA,1.0,,,,,,1,,,,
C3P837,C3P837_BACAA,1.0,,,,,,1,,,,
C3YGA5,C3YGA5_BRAFL,1.0,,,,,,1,,,,
C3YPT5,C3YPT5_BRAFL,1.0,,,,,,1,,,,
C4L1U4,C4L1U4_EXISA,1.0,,,,,,1,,,,
C4KDI8,C4KDI8_THASP,1.0,,,,,,1,,,,
C4KGD6,C4KGD6_SULIK,1.0,,,,,,1,,,,
C4KGA2,C4KGA2_SULIK,1.0,,,,,,1,,,,
C4KG89,C4KG89_SULIK,1.0,,,,,,1,,,,
C4KG85,C4KG85_SULIK,1.0,,,,,,1,,,,
C4KFN3,C4KFN3_SULIK,1.0,,,,,,1,,,,
C4KFE5,C4KFE5_SULIK,1.0,,,,,,1,,,,
C4KDI5,C4KDI5_THASP,1.0,,,,,,1,,,,
C4KHV8,C4KHV8_SULIK,1.0,,,,,,1,,,,
C4KC78,C4KC78_THASP,1.0,,,,,,1,,,,
C4KAQ6,C4KAQ6_THASP,1.0,,,,,,1,,,,
C4K9D3,C4K9D3_THASP,1.0,,,,,,1,,,,
C4K8A9,C4K8A9_HAMD5,1.0,,,,,,1,,,,
C4K800,C4K800_HAMD5,1.0,,,,,,1,,,,
C4K5W3,CMOB_HAMD5,1.0,,,,,,1,,,,
C4KHK0,C4KHK0_SULIK,1.0,,,,,,1,,,,
C4KI63,C4KI63_SULIK,1.0,,,,,,1,,,,
C4K5L7,BIOC_HAMD5,1.0,,,,,,1,,,,
C4KSQ6,C4KSQ6_BURPE,1.0,,,,,,1,,,,
C4KYP7,C4KYP7_EXISA,1.0,,,,,,1,,,,
C4KYH6,C4KYH6_BURPE,1.0,,,,,,1,,,,
C4KY22,C4KY22_BURPE,1.0,,,,,,1,,,,
C4KW38,C4KW38_BURPE,1.0,,,,,,1,,,,
C4KV34,C4KV34_BURPE,1.0,,,,,,1,,,,
C4KT08,C4KT08_BURPE,1.0,,,,,,1,,,,
C4KSN9,C4KSN9_BURPE,1.0,,,,,,1,,,,
C4KJH6,C4KJH6_SULIK,1.0,,,,,,1,,,,
C4KQI5,C4KQI5_BURPE,1.0,,,,,,1,,,,
C4KQ94,C4KQ94_BURPE,1.0,,,,,,1,,,,
C4KPG2,C4KPG2_BURPE,1.0,,,,,,1,,,,
C4KPC9,C4KPC9_BURPE,1.0,,,,,,1,,,,
C4KMA4,C4KMA4_BURPE,1.0,,,,,,1,,,,
C4KL22,C4KL22_SULIK,1.0,,,,,,1,,,,
C4K5W2,CMOA_HAMD5,1.0,,,,,,1,,,,
C4K274,C4K274_RICPU,1.0,,,,,,1,,,,
C3YPV1,C3YPV1_BRAFL,1.0,,,,,,1,,,,
C3YVL9,C3YVL9_BRAFL,1.0,,,,,,1,,,,
C3Z583,C3Z583_BRAFL,1.0,,,,,,1,,,,
C3Z1A5,C3Z1A5_BRAFL,1.0,,,,,,1,,,,
C3YZC3,C3YZC3_BRAFL,1.0,,,,,,1,,,,
C3YYE5,C3YYE5_BRAFL,1.0,,,,,,1,,,,
C3YW83,C3YW83_BRAFL,1.0,,,,,,1,,,,
C3YVM6,C3YVM6_BRAFL,1.0,,,,,,1,,,,
C3YVK8,C3YVK8_BRAFL,1.0,,,,,,1,,,,
C3Z9H2,C3Z9H2_BRAFL,1.0,,,,,,1,,,,
C3YV83,C3YV83_BRAFL,1.0,,,,,,1,,,,
C3YR63,C3YR63_BRAFL,1.0,,,,,,1,,,,
C3YQN5,C3YQN5_BRAFL,1.0,,,,,,1,,,,
C3YQN4,C3YQN4_BRAFL,1.0,,,,,,1,,,,
C3YQ24,C3YQ24_BRAFL,1.0,,,,,,1,,,,
C3YQ23,C3YQ23_BRAFL,1.0,,,,,,1,,,,
C3Z905,C3Z905_BRAFL,1.0,,,,,,1,,,,
C3Z9K2,C3Z9K2_BRAFL,1.0,,,,,,1,,,,
C4K213,C4K213_RICPU,1.0,,,,,,1,,,,
C3ZSQ4,C3ZSQ4_BRAFL,1.0,,,,,,1,,,,
C4K1A7,C4K1A7_RICPU,1.0,,,,,,1,,,,
C4K0P7,C4K0P7_RICPU,1.0,,,,,,1,,,,
C4GVY8,C4GVY8_YERPN,1.0,,,,,,1,,,,
C4GQE7,C4GQE7_YERPN,1.0,,,,,,1,,,,
C3ZYX6,C3ZYX6_BRAFL,1.0,,,,,,1,,,,
C3ZV89,C3ZV89_BRAFL,1.0,,,,,,1,,,,
C3ZQR3,C3ZQR3_BRAFL,1.0,,,,,,1,,,,
C3ZB51,C3ZB51_BRAFL,1.0,,,,,,1,,,,
C3ZKH4,C3ZKH4_BRAFL,1.0,,,,,,1,,,,
C3ZI72,C3ZI72_BRAFL,1.0,,,,,,1,,,,
C3ZHD7,C3ZHD7_BRAFL,1.0,,,,,,1,,,,
C3ZFC9,C3ZFC9_BRAFL,1.0,,,,,,1,,,,
C3ZB65,C3ZB65_BRAFL,1.0,,,,,,1,,,,
C3ZB63,C3ZB63_BRAFL,1.0,,,,,,1,,,,
C5C3Q6,C5C3Q6_BEUC1,1.0,,,,,,1,,,,
C5C554,C5C554_BEUC1,1.0,,,,,,1,,,,
C6DVM3,C6DVM3_MYCTK,1.0,,,,,,1,,,,
C6BMI4,C6BMI4_RALP1,1.0,,,,,,1,,,,
C6BTX8,C6BTX8_DESAD,1.0,,,,,,1,,,,
C6BTQ0,C6BTQ0_DESAD,1.0,,,,,,1,,,,
C6BTF3,C6BTF3_DESAD,1.0,,,,,,1,,,,
C6BT15,C6BT15_DESAD,1.0,,,,,,1,,,,
C6BSS1,C6BSS1_DESAD,1.0,,,,,,1,,,,
C6BRS1,C6BRS1_DESAD,1.0,,,,,,1,,,,
C6BLK2,C6BLK2_RALP1,1.0,,,,,,1,,,,
C6BUH7,C6BUH7_DESAD,1.0,,,,,,1,,,,
C6BLA3,C6BLA3_RALP1,1.0,,,,,,1,,,,
C6BKZ3,C6BKZ3_RALP1,1.0,,,,,,1,,,,
C6BKW2,C6BKW2_RALP1,1.0,,,,,,1,,,,
C6BJ92,C6BJ92_RALP1,1.0,,,,,,1,,,,
C6BIJ2,C6BIJ2_RALP1,1.0,,,,,,1,,,,
C6BG75,C6BG75_RALP1,1.0,,,,,,1,,,,
C6BUC9,C6BUC9_DESAD,1.0,,,,,,1,,,,
C6BUW9,C6BUW9_DESAD,1.0,,,,,,1,,,,
C6BBD1,C6BBD1_RALP1,1.0,,,,,,1,,,,
C6C2A9,C6C2A9_DESAD,1.0,,,,,,1,,,,
C6C7L3,C6C7L3_DICDC,1.0,,,,,,1,,,,
C6C7H1,C6C7H1_DICDC,1.0,,,,,,1,,,,
C6C769,C6C769_DICDC,1.0,,,,,,1,,,,
C6C625,C6C625_DICDC,1.0,,,,,,1,,,,
C6C5L5,C6C5L5_DICDC,1.0,,,,,,1,,,,
C6C572,C6C572_DICDC,1.0,,,,,,1,,,,
C6C1D0,C6C1D0_DESAD,1.0,,,,,,1,,,,
C6BUY9,C6BUY9_DESAD,1.0,,,,,,1,,,,
C6C0K3,C6C0K3_DESAD,1.0,,,,,,1,,,,
C6C0A5,C6C0A5_DESAD,1.0,,,,,,1,,,,
C6BZ75,C6BZ75_DESAD,1.0,,,,,,1,,,,
C6BXT0,C6BXT0_DESAD,1.0,,,,,,1,,,,
C6BX45,C6BX45_DESAD,1.0,,,,,,1,,,,
C6BWB9,C6BWB9_DESAD,1.0,,,,,,1,,,,
C6BC24,C6BC24_RALP1,1.0,,,,,,1,,,,
C6B9X6,C6B9X6_RHILS,1.0,,,,,,1,,,,
C6C7P6,C6C7P6_DICDC,1.0,,,,,,1,,,,
C6ALM7,C6ALM7_AGGAN,1.0,,,,,,1,,,,
C6APZ4,C6APZ4_AGGAN,1.0,,,,,,1,,,,
C6APU7,C6APU7_AGGAN,1.0,,,,,,1,,,,
C6APU4,C6APU4_AGGAN,1.0,,,,,,1,,,,
C6APU0,C6APU0_AGGAN,1.0,,,,,,1,,,,
C6APF3,C6APF3_AGGAN,1.0,,,,,,1,,,,
C6AMJ8,C6AMJ8_AGGAN,1.0,,,,,,1,,,,
C6ALF8,C6ALF8_AGGAN,1.0,,,,,,1,,,,
C6AQV9,C6AQV9_AGGAN,1.0,,,,,,1,,,,
C6AKY0,C6AKY0_AGGAN,1.0,,,,,,1,,,,
C6AJQ0,C6AJQ0_AGGAN,1.0,,,,,,1,,,,
C6AGF1,C6AGF1_BIFAS,1.0,,,,,,1,,,,
C6AG79,C6AG79_BIFAS,1.0,,,,,,1,,,,
C6AE84,C6AE84_BARGA,1.0,,,,,,1,,,,
C6AC47,C6AC47_BARGA,1.0,,,,,,1,,,,
C6AQU7,C6AQU7_AGGAN,1.0,,,,,,1,,,,
C6ARI4,C6ARI4_RHILS,1.0,,,,,,1,,,,
C6B913,C6B913_RHILS,1.0,,,,,,1,,,,
C6B0M8,C6B0M8_RHILS,1.0,,,,,,1,,,,
C6B756,C6B756_RHILS,1.0,,,,,,1,,,,
C6B3S0,C6B3S0_RHILS,1.0,,,,,,1,,,,
C6B345,C6B345_RHILS,1.0,,,,,,1,,,,
C6B2Y2,C6B2Y2_RHILS,1.0,,,,,,1,,,,
C6B201,C6B201_RHILS,1.0,,,,,,1,,,,
C6B1Y4,C6B1Y4_RHILS,1.0,,,,,,1,,,,
C6AZF2,C6AZF2_RHILS,1.0,,,,,,1,,,,
C6AS87,C6AS87_RHILS,1.0,,,,,,1,,,,
C6AXW8,C6AXW8_RHILS,1.0,,,,,,1,,,,
C6AXE3,C6AXE3_RHILS,1.0,,,,,,1,,,,
C6AW62,C6AW62_RHILS,1.0,,,,,,1,,,,
C6ATV7,C6ATV7_RHILS,1.0,,,,,,1,,,,
C6ASL0,C6ASL0_RHILS,1.0,,,,,,1,,,,
C6ASH2,C6ASH2_RHILS,1.0,,,,,,1,,,,
C6C7L4,C6C7L4_DICDC,1.0,,,,,,1,,,,
C6C922,C6C922_DICDC,1.0,,,,,,1,,,,
C6A5U3,C6A5U3_BIFLB,1.0,,,,,,1,,,,
C6DJB2,RSMJ_PECCP,1.0,,,,,,1,,,,
C6DND8,C6DND8_MYCTK,1.0,,,,,,1,,,,
C6DM71,C6DM71_MYCTK,1.0,,,,,,1,,,,
C6DLN2,C6DLN2_MYCTK,1.0,,,,,,1,,,,
C6DL81,C6DL81_MYCTK,1.0,,,,,,1,,,,
C6DKZ9,C6DKZ9_PECCP,1.0,,,,,,1,,,,
C6DKQ0,C6DKQ0_PECCP,1.0,,,,,,1,,,,
C6DH10,C6DH10_PECCP,1.0,,,,,,1,,,,
C6DP16,C6DP16_MYCTK,1.0,,,,,,1,,,,
C6DG19,C6DG19_PECCP,1.0,,,,,,1,,,,
C6DFE3,C6DFE3_PECCP,1.0,,,,,,1,,,,
C6DFE2,CMOB_PECCP,1.0,,,,,,1,,,,
C6DFA8,C6DFA8_PECCP,1.0,,,,,,1,,,,
C6DDT8,C6DDT8_PECCP,1.0,,,,,,1,,,,
C6DCY4,C6DCY4_PECCP,1.0,,,,,,1,,,,
C6DNH0,C6DNH0_MYCTK,1.0,,,,,,1,,,,
C6DPZ9,C6DPZ9_MYCTK,1.0,,,,,,1,,,,
C6D9Q0,C6D9Q0_PECCP,1.0,,,,,,1,,,,
C6DSU7,C6DSU7_MYCTK,1.0,,,,,,1,,,,
C6DTT8,C6DTT8_MYCTK,1.0,,,,,,1,,,,
C6DTT1,C6DTT1_MYCTK,1.0,,,,,,1,,,,
C6DTK7,C6DTK7_MYCTK,1.0,,,,,,1,,,,
C6DTI0,C6DTI0_MYCTK,1.0,,,,,,1,,,,
C6DTH8,C6DTH8_MYCTK,1.0,,,,,,1,,,,
C6DTA6,C6DTA6_MYCTK,1.0,,,,,,1,,,,
C6DSS8,C6DSS8_MYCTK,1.0,,,,,,1,,,,
C6DQ68,C6DQ68_MYCTK,1.0,,,,,,1,,,,
C6DSR9,C6DSR9_MYCTK,1.0,,,,,,1,,,,
C6DSL2,C6DSL2_MYCTK,1.0,,,,,,1,,,,
C6DSC2,C6DSC2_MYCTK,1.0,,,,,,1,,,,
C6DSB9,C6DSB9_MYCTK,1.0,,,,,,1,,,,
C6DRM9,C6DRM9_MYCTK,1.0,,,,,,1,,,,
C6DQV3,C6DQV3_MYCTK,1.0,,,,,,1,,,,
C6DC66,C6DC66_PECCP,1.0,,,,,,1,,,,
C6D6R6,C6D6R6_PAESJ,1.0,,,,,,1,,,,
C6C9X7,C6C9X7_DICDC,1.0,,,,,,1,,,,
C6CJC7,C6CJC7_DICZE,1.0,,,,,,1,,,,
C6CUQ8,C6CUQ8_PAESJ,1.0,,,,,,1,,,,
C6CNR0,C6CNR0_DICZE,1.0,,,,,,1,,,,
C6CNF9,C6CNF9_DICZE,1.0,,,,,,1,,,,
C6CLY9,C6CLY9_DICZE,1.0,,,,,,1,,,,
C6CJG4,C6CJG4_DICZE,1.0,,,,,,1,,,,
C6CJC8,C6CJC8_DICZE,1.0,,,,,,1,,,,
C6CHX6,C6CHX6_DICZE,1.0,,,,,,1,,,,
C6CVI4,C6CVI4_PAESJ,1.0,,,,,,1,,,,
C6CH15,C6CH15_DICZE,1.0,,,,,,1,,,,
C6CFF9,C6CFF9_DICZE,1.0,,,,,,1,,,,
C6CF85,C6CF85_DICZE,1.0,,,,,,1,,,,
C6CDH0,C6CDH0_DICDC,1.0,,,,,,1,,,,
C6CCN7,C6CCN7_DICDC,1.0,,,,,,1,,,,
C6CB89,C6CB89_DICDC,1.0,,,,,,1,,,,
C6CV98,C6CV98_PAESJ,1.0,,,,,,1,,,,
C6CVW4,C6CVW4_PAESJ,1.0,,,,,,1,,,,
C6D6L4,C6D6L4_PAESJ,1.0,,,,,,1,,,,
C6D045,C6D045_PAESJ,1.0,,,,,,1,,,,
C6D5V0,C6D5V0_PAESJ,1.0,,,,,,1,,,,
C6D5H4,C6D5H4_PAESJ,1.0,,,,,,1,,,,
C6D583,C6D583_PAESJ,1.0,,,,,,1,,,,
C6D509,C6D509_PAESJ,1.0,,,,,,1,,,,
C6D4J3,C6D4J3_PAESJ,1.0,,,,,,1,,,,
C6D189,C6D189_PAESJ,1.0,,,,,,1,,,,
C6CZM4,C6CZM4_PAESJ,1.0,,,,,,1,,,,
C6CW95,C6CW95_PAESJ,1.0,,,,,,1,,,,
C6CZJ6,C6CZJ6_PAESJ,1.0,,,,,,1,,,,
C6CYS0,C6CYS0_PAESJ,1.0,,,,,,1,,,,
C6CY77,C6CY77_PAESJ,1.0,,,,,,1,,,,
C6CY70,C6CY70_PAESJ,1.0,,,,,,1,,,,
C6CX86,C6CX86_PAESJ,1.0,,,,,,1,,,,
C6CWS7,BIOC_PAESJ,1.0,,,,,,1,,,,
C6AAX3,C6AAX3_BARGA,1.0,,,,,,1,,,,
C6A5M1,C6A5M1_BIFLB,1.0,,,,,,1,,,,
C5C5U6,C5C5U6_BEUC1,1.0,,,,,,1,,,,
C5DRW7,C5DRW7_ZYGRC,1.0,,,,,,1,,,,
C5E0R3,C5E0R3_ZYGRC,1.0,,,,,,1,,,,
C5DW93,C5DW93_ZYGRC,1.0,,,,,,1,,,,
C5DW78,C5DW78_ZYGRC,1.0,,,,,,1,,,,
C5DVR2,C5DVR2_ZYGRC,1.0,,,,,,1,,,,
C5DU71,C5DU71_ZYGRC,1.0,,,,,,1,,,,
C5DRW8,C5DRW8_ZYGRC,1.0,,,,,,1,,,,
C5DRU3,C5DRU3_ZYGRC,1.0,,,,,,1,,,,
C5E2L2,C5E2L2_LACTC,1.0,,,,,,1,,,,
C5DPJ2,C5DPJ2_ZYGRC,1.0,,,,,,1,,,,
C5DN77,C5DN77_LACTC,1.0,,,,,,1,,,,
C5DN51,C5DN51_LACTC,1.0,,,,,,1,,,,
C5DMN9,C5DMN9_LACTC,1.0,,,,,,1,,,,
C5DLW9,C5DLW9_LACTC,1.0,,,,,,1,,,,
C5DLV3,C5DLV3_LACTC,1.0,,,,,,1,,,,
C5E1F4,C5E1F4_ZYGRC,1.0,,,,,,1,,,,
C5E313,C5E313_LACTC,1.0,,,,,,1,,,,
C5DJX8,C5DJX8_LACTC,1.0,,,,,,1,,,,
C5P7B7,C5P7B7_COCP7,1.0,,,,,,1,,,,
C5PA67,C5PA67_COCP7,1.0,,,,,,1,,,,
C5P9Y2,C5P9Y2_COCP7,1.0,,,,,,1,,,,
C5P9W7,C5P9W7_COCP7,1.0,,,,,,1,,,,
C5P9G9,C5P9G9_COCP7,1.0,,,,,,1,,,,
C5P8C6,C5P8C6_COCP7,1.0,,,,,,1,,,,
C5P7G0,C5P7G0_COCP7,1.0,,,,,,1,,,,
C5P6W6,C5P6W6_COCP7,1.0,,,,,,1,,,,
C5E357,C5E357_LACTC,1.0,,,,,,1,,,,
C5P6K6,C5P6K6_COCP7,1.0,,,,,,1,,,,
C5P429,C5P429_COCP7,1.0,,,,,,1,,,,
C5P3H3,C5P3H3_COCP7,1.0,,,,,,1,,,,
C5P2I1,C5P2I1_COCP7,1.0,,,,,,1,,,,
C5E4Z6,C5E4Z6_ZYGRC,1.0,,,,,,1,,,,
C5E3M0,C5E3M0_LACTC,1.0,,,,,,1,,,,
C5DJX9,C5DJX9_LACTC,1.0,,,,,,1,,,,
C5DIW5,C5DIW5_LACTC,1.0,,,,,,1,,,,
C5PEA1,C5PEA1_COCP7,1.0,,,,,,1,,,,
C5CD60,C5CD60_KOSOT,1.0,,,,,,1,,,,
C5CLL7,C5CLL7_VARPS,1.0,,,,,,1,,,,
C5CJV4,C5CJV4_VARPS,1.0,,,,,,1,,,,
C5CH90,C5CH90_KOSOT,1.0,,,,,,1,,,,
C5CH10,C5CH10_KOSOT,1.0,,,,,,1,,,,
C5CG03,C5CG03_KOSOT,1.0,,,,,,1,,,,
C5CF73,C5CF73_KOSOT,1.0,,,,,,1,,,,
C5CC08,C5CC08_MICLC,1.0,,,,,,1,,,,
C5CQH5,C5CQH5_VARPS,1.0,,,,,,1,,,,
C5C9T7,C5C9T7_MICLC,1.0,,,,,,1,,,,
C5C7Z0,C5C7Z0_MICLC,1.0,,,,,,1,,,,
C5C783,C5C783_MICLC,1.0,,,,,,1,,,,
C5C6H5,C5C6H5_BEUC1,1.0,,,,,,1,,,,
C5C6D4,C5C6D4_BEUC1,1.0,,,,,,1,,,,
C5C620,C5C620_BEUC1,1.0,,,,,,1,,,,
C5CM05,C5CM05_VARPS,1.0,,,,,,1,,,,
C5CSA9,C5CSA9_VARPS,1.0,,,,,,1,,,,
C5DCC6,C5DCC6_LACTC,1.0,,,,,,1,,,,
C5D1Q2,C5D1Q2_VARPS,1.0,,,,,,1,,,,
C5DBX8,C5DBX8_LACTC,1.0,,,,,,1,,,,
C5DAQ0,C5DAQ0_GEOSW,1.0,,,,,,1,,,,
C5D6E3,C5D6E3_GEOSW,1.0,,,,,,1,,,,
C5D611,C5D611_GEOSW,1.0,,,,,,1,,,,
C5D4Y0,Y2477_GEOSW,1.0,,,,,,1,,,,
C5D4V7,Y2453_GEOSW,1.0,,,,,,1,,,,
C5D024,C5D024_VARPS,1.0,,,,,,1,,,,
C5CSU1,C5CSU1_VARPS,1.0,,,,,,1,,,,
C5D023,C5D023_VARPS,1.0,,,,,,1,,,,
C5CYK7,C5CYK7_VARPS,1.0,,,,,,1,,,,
C5CYC0,C5CYC0_VARPS,1.0,,,,,,1,,,,
C5CVI8,C5CVI8_VARPS,1.0,,,,,,1,,,,
C5CTZ0,C5CTZ0_VARPS,1.0,,,,,,1,,,,
C5CTS5,C5CTS5_VARPS,1.0,,,,,,1,,,,
C5PBC9,C5PBC9_COCP7,1.0,,,,,,1,,,,
C5PEV0,C5PEV0_COCP7,1.0,,,,,,1,,,,
C6A5C8,C6A5C8_THESM,1.0,,,,,,1,,,,
C5YHU7,C5YHU7_SORBI,1.0,,,,,,1,,,,
C5YTK7,C5YTK7_SORBI,1.0,,,,,,1,,,,
C5YT71,C5YT71_SORBI,1.0,,,,,,1,,,,
C5YS19,C5YS19_SORBI,1.0,,,,,,1,,,,
C5YS16,C5YS16_SORBI,1.0,,,,,,1,,,,
C5YR29,C5YR29_SORBI,1.0,,,,,,1,,,,
C5YHY1,C5YHY1_SORBI,1.0,,,,,,1,,,,
C5YHU6,C5YHU6_SORBI,1.0,,,,,,1,,,,
C5YWF1,C5YWF1_SORBI,1.0,,,,,,1,,,,
C5YF73,C5YF73_SORBI,1.0,1,,,,,,,,,
C5YCH9,C5YCH9_SORBI,1.0,,,,,,1,,,,
C5YAI3,C5YAI3_SORBI,1.0,,,,,,1,,,,
C5Y6H3,C5Y6H3_SORBI,1.0,,,,,,1,,,,
C5Y1G3,C5Y1G3_SORBI,1.0,,,,,,1,,,,
C5Y0D6,C5Y0D6_SORBI,1.0,,,,,,1,,,,
C5YUY7,C5YUY7_SORBI,1.0,,,,,,1,,,,
C5Z0U3,C5Z0U3_SORBI,1.0,,,,,,1,,,,
C5XXK9,C5XXK9_SORBI,1.0,,,,,,1,,,,
C6A1I6,C6A1I6_THESM,1.0,,,,,,1,,,,
C6A565,C6A565_THESM,1.0,,,,,,1,,,,
C6A4E9,C6A4E9_THESM,1.0,,,,,,1,,,,
C6A329,C6A329_THESM,1.0,,,,,,1,,,,
C6A2Z3,C6A2Z3_THESM,1.0,,,,,,1,,,,
C6A2K3,C6A2K3_THESM,1.0,,,,,,1,,,,
C6A2B5,C6A2B5_THESM,1.0,,,,,,1,,,,
C6A0V9,C6A0V9_THESM,1.0,,,,,,1,,,,
C5Z0U6,C5Z0U6_SORBI,1.0,,,,,,1,,,,
C5Z5V1,C5Z5V1_SORBI,1.0,,,,,,1,,,,
C5Z4C8,C5Z4C8_SORBI,1.0,,,,,,1,,,,
C5Z3U7,C5Z3U7_SORBI,1.0,,,,,,1,,,,
C5Z0Y8,C5Z0Y8_SORBI,1.0,,,,,,1,,,,
C5Z0Y6,C5Z0Y6_SORBI,1.0,,,,,,1,,,,
C5Z0Y3,C5Z0Y3_SORBI,1.0,,,,,,1,,,,
C5XYU1,C5XYU1_SORBI,1.0,,,,,,1,,,,
C5XXK8,C5XXK8_SORBI,1.0,,,,,,1,,,,
C5PGV3,C5PGV3_COCP7,1.0,,,,,,1,,,,
C5WER1,C5WER1_STRDG,1.0,,,,,,1,,,,
C5WW50,C5WW50_SORBI,1.0,,,,,,1,,,,
C5WV77,C5WV77_SORBI,1.0,,,,,,1,,,,
C5WST1,C5WST1_SORBI,1.0,,,,,,1,,,,
C5WRS5,C5WRS5_SORBI,1.0,,,,,,1,,,,
C5WNP9,C5WNP9_SORBI,1.0,,,,,,1,,,,
C5WEW3,C5WEW3_STRDG,1.0,,,,,,1,,,,
C5VZD4,C5VZD4_STRSE,1.0,,,,,,1,,,,
C5WW53,C5WW53_SORBI,1.0,,,,,,1,,,,
C5VZ82,C5VZ82_STRSE,1.0,,,,,,1,,,,
C5VYA5,C5VYA5_STRSE,1.0,,,,,,1,,,,
C5VY98,C5VY98_STRSE,1.0,,,,,,1,,,,
C5VXW6,C5VXW6_STRSE,1.0,,,,,,1,,,,
C5VVW0,C5VVW0_STRSE,1.0,,,,,,1,,,,
C5PJK3,C5PJK3_COCP7,1.0,,,,,,1,,,,
C5WW51,C5WW51_SORBI,1.0,,,,,,1,,,,
C5WW55,C5WW55_SORBI,1.0,,,,,,1,,,,
C5XWH4,C5XWH4_SORBI,1.0,,,,,,1,,,,
C5XDE1,C5XDE1_SORBI,1.0,,,,,,1,,,,
C5XWH3,C5XWH3_SORBI,1.0,,,,,,1,,,,
C5XVA0,C5XVA0_SORBI,1.0,,,,,,1,,,,
C5XV99,C5XV99_SORBI,1.0,,,,,,1,,,,
C5XV42,C5XV42_SORBI,1.0,,,,,,1,,,,
C5XHH3,C5XHH3_SORBI,1.0,,,,,,1,,,,
C5XHH2,C5XHH2_SORBI,1.0,,,,,,1,,,,
C5XDE0,C5XDE0_SORBI,1.0,,,,,,1,,,,
C5WXG9,C5WXG9_SORBI,1.0,,,,,,1,,,,
C5XDC5,C5XDC5_SORBI,1.0,,,,,,1,,,,
C5XAM2,C5XAM2_SORBI,1.0,,,,,,1,,,,
C5X7D9,C5X7D9_SORBI,1.0,,,,,,1,,,,
C5X4Y6,C5X4Y6_SORBI,1.0,,,,,,1,,,,
C5WZ03,C5WZ03_SORBI,1.0,,,,,,1,,,,
C5WXL4,C5WXL4_SORBI,1.0,,,,,,1,,,,
C3NPW7,C3NPW7_VIBCJ,1.0,,,,,,1,,,,
C3NP22,C3NP22_VIBCJ,1.0,,,,,,1,,,,
C3NNB3,C3NNB3_VIBCJ,1.0,,,,,,1,,,,
B9MDF4,B9MDF4_ACIET,1.0,,,,,,1,,,,
B9RJD9,B9RJD9_RICCO,1.0,1,,,,,,,,,
B9MLL1,B9MLL1_CALBD,1.0,,,,,,1,,,,
B9MIG9,B9MIG9_ACIET,1.0,,,,,,1,,,,
B9MI64,B9MI64_ACIET,1.0,,,,,,1,,,,
B9MF26,B9MF26_ACIET,1.0,,,,,,1,,,,
B9MER7,B9MER7_ACIET,1.0,,,,,,1,,,,
B9MCP3,B9MCP3_ACIET,1.0,,,,,,1,,,,
B9W6Q3,B9W6Q3_CANDC,1.0,,,,,,1,,,,
B9MBG6,B9MBG6_ACIET,1.0,,,,,,1,,,,
B9MA58,B9MA58_ACIET,1.0,,,,,,1,,,,
B9M9N1,B9M9N1_GEODF,1.0,,,,,,1,,,,
B9M955,B9M955_GEODF,1.0,,,,,,1,,,,
B9M8U5,B9M8U5_GEODF,1.0,,,,,,1,,,,
B9M8R7,B9M8R7_GEODF,1.0,,,,,,1,,,,
B9S1Q6,B9S1Q6_RICCO,1.0,1,,,,,,,,,
B9W7R3,B9W7R3_CANDC,1.0,,,,,,1,,,,
B9M8P5,B9M8P5_GEODF,1.0,,,,,,1,,,,
B9WH67,B9WH67_CANDC,1.0,,,,,,1,,,,
C0M9P8,C0M9P8_STRE4,1.0,,,,,,1,,,,
C0M8B0,C0M8B0_STRE4,1.0,,,,,,1,,,,
C0M7P0,C0M7P0_STRE4,1.0,,,,,,1,,,,
C0LPB0,C0LPB0_SCHJA,1.0,,,,,,1,,,,
B9WMK8,B9WMK8_CANDC,1.0,,,,,,1,,,,
B9WLU0,B9WLU0_CANDC,1.0,,,,,,1,,,,
B9WG56,B9WG56_CANDC,1.0,,,,,,1,,,,
B9W946,B9W946_CANDC,1.0,,,,,,1,,,,
B9WEZ2,B9WEZ2_CANDC,1.0,,,,,,1,,,,
B9WDI5,B9WDI5_CANDC,1.0,,,,,,1,,,,
B9WD81,B9WD81_CANDC,1.0,,,,,,1,,,,
B9WCB8,B9WCB8_CANDC,1.0,,,,,,1,,,,
B9WAY0,B9WAY0_CANDC,1.0,,,,,,1,,,,
B9W9F1,B9W9F1_CANDC,1.0,,,,,,1,,,,
B9M8Q4,B9M8Q4_GEODF,1.0,,,,,,1,,,,
B9M894,B9M894_GEODF,1.0,,,,,,1,,,,
C0MG34,C0MG34_STRS7,1.0,,,,,,1,,,,
B9LF79,B9LF79_CHLSY,1.0,,,,,,1,,,,
B9LLB0,B9LLB0_CHLSY,1.0,,,,,,1,,,,
B9LKV3,B9LKV3_CHLSY,1.0,,,,,,1,,,,
B9LK39,B9LK39_CHLSY,1.0,,,,,,1,,,,
B9LIT4,B9LIT4_CHLSY,1.0,,,,,,1,,,,
B9LIE5,B9LIE5_CHLSY,1.0,,,,,,1,,,,
B9LGJ7,B9LGJ7_CHLSY,1.0,,,,,,1,,,,
B9LF56,B9LF56_CHLSY,1.0,,,,,,1,,,,
B9LPN8,B9LPN8_HALLT,1.0,,,,,,1,,,,
B9LDG0,B9LDG0_CHLSY,1.0,,,,,,1,,,,
B9LD59,B9LD59_CHLSY,1.0,,,,,,1,,,,
B9LCV8,B9LCV8_CHLSY,1.0,,,,,,1,,,,
B9LCV2,B9LCV2_CHLSY,1.0,,,,,,1,,,,
B9LAM1,B9LAM1_CHLSY,1.0,,,,,,1,,,,
B9L9I3,CMOA_NAUPA,1.0,,,,,,1,,,,
B9LMN9,B9LMN9_HALLT,1.0,,,,,,1,,,,
B9LPQ8,B9LPQ8_HALLT,1.0,,,,,,1,,,,
B9M6Y0,B9M6Y0_GEODF,1.0,,,,,,1,,,,
B9M081,B9M081_GEODF,1.0,,,,,,1,,,,
B9M575,B9M575_GEODF,1.0,,,,,,1,,,,
B9M4D6,B9M4D6_GEODF,1.0,,,,,,1,,,,
B9M1M2,B9M1M2_GEODF,1.0,,,,,,1,,,,
B9M0J3,B9M0J3_GEODF,1.0,,,,,,1,,,,
B9M0H8,B9M0H8_GEODF,1.0,,,,,,1,,,,
B9M0H7,B9M0H7_GEODF,1.0,,,,,,1,,,,
B9LZX0,B9LZX0_GEODF,1.0,,,,,,1,,,,
B9LRU8,B9LRU8_HALLT,1.0,,,,,,1,,,,
B9LUP0,B9LUP0_HALLT,1.0,,,,,,1,,,,
B9LTL9,B9LTL9_HALLT,1.0,,,,,,1,,,,
B9LTJ7,B9LTJ7_HALLT,1.0,,,,,,1,,,,
B9LSE9,B9LSE9_HALLT,1.0,,,,,,1,,,,
B9LS05,B9LS05_HALLT,1.0,,,,,,1,,,,
B9LRV2,B9LRV2_HALLT,1.0,,,,,,1,,,,
C0MFT1,C0MFT1_STRS7,1.0,,,,,,1,,,,
C0MGI6,C0MGI6_STRS7,1.0,,,,,,1,,,,
B9L8G5,CMOB_NAUPA,1.0,,,,,,1,,,,
C0Z683,C0Z683_BREBN,1.0,,,,,,1,,,,
C0Z9N0,C0Z9N0_BREBN,1.0,,,,,,1,,,,
C0Z8Z6,C0Z8Z6_BREBN,1.0,,,,,,1,,,,
C0Z8K8,C0Z8K8_BREBN,1.0,,,,,,1,,,,
C0Z7C1,C0Z7C1_BREBN,1.0,,,,,,1,,,,
C0Z787,BIOC_BREBN,1.0,,,,,,1,,,,
C0Z6V7,C0Z6V7_BREBN,1.0,,,,,,1,,,,
C0Z5X2,C0Z5X2_BREBN,1.0,,,,,,1,,,,
C0ZB12,C0ZB12_BREBN,1.0,,,,,,1,,,,
C0Z593,C0Z593_BREBN,1.0,,,,,,1,,,,
C0Z4S8,C0Z4S8_BREBN,1.0,,,,,,1,,,,
C0Z2G4,C0Z2G4_ARATH,1.0,,,,,,1,,,,
C0RKY1,C0RKY1_BRUMB,1.0,,,,,,1,,,,
C0RJA2,C0RJA2_BRUMB,1.0,,,,,,1,,,,
C0RGH5,C0RGH5_BRUMB,1.0,,,,,,1,,,,
C0ZAB8,C0ZAB8_BREBN,1.0,,,,,,1,,,,
C0ZB37,C0ZB37_BREBN,1.0,,,,,,1,,,,
C0RFC5,C0RFC5_BRUMB,1.0,,,,,,1,,,,
C0ZGI5,C0ZGI5_BREBN,1.0,,,,,,1,,,,
C0ZRR4,C0ZRR4_RHOE4,1.0,,,,,,1,,,,
C0ZNW9,C0ZNW9_RHOE4,1.0,,,,,,1,,,,
C0ZNN1,C0ZNN1_RHOE4,1.0,,,,,,1,,,,
C0ZMK8,C0ZMK8_RHOE4,1.0,,,,,,1,,,,
C0ZI50,C0ZI50_BREBN,1.0,,,,,,1,,,,
C0ZHU6,C0ZHU6_BREBN,1.0,,,,,,1,,,,
C0ZF04,C0ZF04_BREBN,1.0,,,,,,1,,,,
C0ZBF0,C0ZBF0_BREBN,1.0,,,,,,1,,,,
C0ZEY8,C0ZEY8_BREBN,1.0,,,,,,1,,,,
C0ZE90,C0ZE90_BREBN,1.0,,,,,,1,,,,
C0ZDD9,C0ZDD9_BREBN,1.0,,,,,,1,,,,
C0ZCL2,C0ZCL2_BREBN,1.0,,,,,,1,,,,
C0ZC27,C0ZC27_BREBN,1.0,,,,,,1,,,,
C0ZC25,C0ZC25_BREBN,1.0,,,,,,1,,,,
C0RFM9,C0RFM9_BRUMB,1.0,,,,,,1,,,,
C0R2B6,C0R2B6_BRAHW,1.0,,,,,,1,,,,
C0PWY4,C0PWY4_SALPC,1.0,,,,,,1,,,,
C0Q6N1,C0Q6N1_SALPC,1.0,,,,,,1,,,,
C0QET0,C0QET0_DESAH,1.0,,,,,,1,,,,
C0QEA2,C0QEA2_DESAH,1.0,,,,,,1,,,,
C0QCD4,C0QCD4_DESAH,1.0,,,,,,1,,,,
C0QBN5,C0QBN5_DESAH,1.0,,,,,,1,,,,
C0QA90,C0QA90_DESAH,1.0,,,,,,1,,,,
C0QA16,C0QA16_DESAH,1.0,,,,,,1,,,,
C0Q6M8,C0Q6M8_SALPC,1.0,,,,,,1,,,,
C0QG70,C0QG70_DESAH,1.0,,,,,,1,,,,
C0Q401,C0Q401_SALPC,1.0,,,,,,1,,,,
C0Q3X3,C0Q3X3_SALPC,1.0,,,,,,1,,,,
C0Q2E4,CMOA_SALPC,1.0,,,,,,1,,,,
C0Q2E3,CMOB_SALPC,1.0,,,,,,1,,,,
C0Q148,RSMJ_SALPC,1.0,,,,,,1,,,,
C0PXV8,C0PXV8_SALPC,1.0,,,,,,1,,,,
C0QF11,C0QF11_DESAH,1.0,,,,,,1,,,,
C0QGC8,C0QGC8_DESAH,1.0,,,,,,1,,,,
C0R0I0,C0R0I0_BRAHW,1.0,,,,,,1,,,,
C0QR22,C0QR22_PERMH,1.0,,,,,,1,,,,
C0QY84,C0QY84_BRAHW,1.0,,,,,,1,,,,
C0QY37,C0QY37_BRAHW,1.0,,,,,,1,,,,
C0QXP5,C0QXP5_BRAHW,1.0,,,,,,1,,,,
C0QWI9,C0QWI9_BRAHW,1.0,,,,,,1,,,,
C0QSH3,C0QSH3_PERMH,1.0,,,,,,1,,,,
C0QS87,C0QS87_PERMH,1.0,,,,,,1,,,,
C0QPL7,C0QPL7_PERMH,1.0,,,,,,1,,,,
C0QH96,C0QH96_DESAH,1.0,,,,,,1,,,,
C0QMC2,C0QMC2_DESAH,1.0,,,,,,1,,,,
C0QK54,C0QK54_DESAH,1.0,,,,,,1,,,,
C0QJG8,CMOA_DESAH,1.0,,,,,,1,,,,
C0QJG7,CMOB_DESAH,1.0,,,,,,1,,,,
C0QJG2,C0QJG2_DESAH,1.0,,,,,,1,,,,
C0QJ29,C0QJ29_DESAH,1.0,,,,,,1,,,,
B9L8T2,B9L8T2_NAUPA,1.0,,,,,,1,,,,
B9L7A5,B9L7A5_NAUPA,1.0,,,,,,1,,,,
C3NKC7,C3NKC7_SULIN,1.0,,,,,,1,,,,
B9HKC1,B9HKC1_POPTR,1.0,,,,,,1,,,,
B9I0Q8,B9I0Q8_POPTR,1.0,,,,,,1,,,,
B9I062,B9I062_POPTR,1.0,,,,,,1,,,,
B9HWZ1,B9HWZ1_POPTR,1.0,,,,,,1,,,,
B9HUX8,B9HUX8_POPTR,1.0,,,,,,1,,,,
B9HR13,B9HR13_POPTR,1.0,,,,,,1,,,,
B9HNR8,B9HNR8_POPTR,1.0,,,,,,1,,,,
B9HI85,B9HI85_POPTR,1.0,,,,,,1,,,,
B9I728,B9I728_POPTR,1.0,,,,,,1,,,,
B9HGT8,B9HGT8_POPTR,1.0,,,,,,1,,,,
B9HG92,B9HG92_POPTR,1.0,,,,,,1,,,,
B9HEY1,B9HEY1_POPTR,1.0,,,,,,1,,,,
B9H8V2,B9H8V2_POPTR,1.0,,,,,,1,,,,
B9H2P4,B9H2P4_POPTR,1.0,,,,,,1,,,,
B9H058,B9H058_POPTR,1.0,1,,,,,,,,,
B9I2E9,B9I2E9_POPTR,1.0,,,,,,1,,,,
B9IJ56,B9IJ56_POPTR,1.0,,,,,,1,,,,
B9GS89,B9GS89_POPTR,1.0,,,,,,1,,,,
B9IU80,B9IU80_BACCQ,1.0,,,,,,1,,,,
B9IYM1,B9IYM1_BACCQ,1.0,,,,,,1,,,,
B9IYE0,B9IYE0_BACCQ,1.0,,,,,,1,,,,
B9IY96,B9IY96_BACCQ,1.0,,,,,,1,,,,
B9IWX8,B9IWX8_BACCQ,1.0,,,,,,1,,,,
B9IVG8,B9IVG8_BACCQ,1.0,,,,,,1,,,,
B9IUH2,B9IUH2_BACCQ,1.0,,,,,,1,,,,
B9IU53,B9IU53_BACCQ,1.0,,,,,,1,,,,
B9IKD3,B9IKD3_POPTR,1.0,,,,,,1,,,,
B9IU06,B9IU06_BACCQ,1.0,,,,,,1,,,,
B9ITW1,B9ITW1_BACCQ,1.0,,,,,,1,,,,
B9ISN0,B9ISN0_BACCQ,1.0,,,,,,1,,,,
B9ISL8,B9ISL8_BACCQ,1.0,,,,,,1,,,,
W5PJC1,W5PJC1_SHEEP,1.0,,1,,,,,,,,
B9IMM0,B9IMM0_POPTR,1.0,,,,,,1,,,,
B9GYA9,B9GYA9_POPTR,1.0,,,,,,1,,,,
B9GRS0,B9GRS0_POPTR,1.0,,,,,,1,,,,
B9IYV4,B9IYV4_BACCQ,1.0,,,,,,1,,,,
B9E0D1,B9E0D1_CLOK1,1.0,,,,,,1,,,,
B9E3X2,B9E3X2_CLOK1,1.0,,,,,,1,,,,
B9E3K5,B9E3K5_CLOK1,1.0,,,,,,1,,,,
B9E322,B9E322_CLOK1,1.0,,,,,,1,,,,
B9E320,B9E320_CLOK1,1.0,,,,,,1,,,,
B9E0I4,B9E0I4_CLOK1,1.0,,,,,,1,,,,
B9E0F0,B9E0F0_CLOK1,1.0,,,,,,1,,,,
B9DZC6,B9DZC6_CLOK1,1.0,,,,,,1,,,,
B9E4E3,B9E4E3_CLOK1,1.0,,,,,,1,,,,
B9DXJ0,B9DXJ0_CLOK1,1.0,,,,,,1,,,,
B9DX43,B9DX43_CLOK1,1.0,,,,,,1,,,,
B9DTT4,B9DTT4_STRU0,1.0,,,,,,1,,,,
B9DTM9,B9DTM9_STRU0,1.0,,,,,,1,,,,
B9DT51,B9DT51_STRU0,1.0,,,,,,1,,,,
B9DNI4,B9DNI4_STACT,1.0,,,,,,1,,,,
B9E4D5,B9E4D5_CLOK1,1.0,,,,,,1,,,,
B9E5W8,B9E5W8_CLOK1,1.0,,,,,,1,,,,
B9GRR9,B9GRR9_POPTR,1.0,,,,,,1,,,,
B9F6V8,B9F6V8_ORYSJ,1.0,,,,,,1,,,,
B9GLY6,B9GLY6_POPTR,1.0,,,,,,1,,,,
B9GIY1,B9GIY1_POPTR,1.0,,,,,,1,,,,
B9GI74,B9GI74_POPTR,1.0,,,,,,1,,,,
B9GFC1,B9GFC1_POPTR,1.0,,,,,,1,,,,
B9GCB7,B9GCB7_ORYSJ,1.0,,,,,,1,,,,
B9FVT8,B9FVT8_ORYSJ,1.0,,,,,,1,,,,
B9F304,B9F304_ORYSJ,1.0,,,,,,1,,,,
B9E6Y0,B9E6Y0_MACCJ,1.0,,,,,,1,,,,
B9EYY8,B9EYY8_ORYSJ,1.0,,,,,,1,,,,
B9EC25,B9EC25_MACCJ,1.0,,,,,,1,,,,
B9E8K6,B9E8K6_MACCJ,1.0,,,,,,1,,,,
B9E8H8,B9E8H8_MACCJ,1.0,,,,,,1,,,,
B9E7H7,B9E7H7_MACCJ,1.0,,,,,,1,,,,
B9E772,B9E772_MACCJ,1.0,,,,,,1,,,,
B9IYP3,B9IYP3_BACCQ,1.0,,,,,,1,,,,
B9J0T9,B9J0T9_BACCQ,1.0,,,,,,1,,,,
B9L710,B9L710_NAUPA,1.0,,,,,,1,,,,
B9KA31,B9KA31_THENN,1.0,,,,,,1,,,,
B9KE75,B9KE75_CAMLR,1.0,,,,,,1,,,,
B9KDR2,B9KDR2_CAMLR,1.0,,,,,,1,,,,
B9KDI2,B9KDI2_CAMLR,1.0,,,,,,1,,,,
B9KBY0,B9KBY0_THENN,1.0,,,,,,1,,,,
B9KBC6,B9KBC6_THENN,1.0,,,,,,1,,,,
B9KAL7,B9KAL7_THENN,1.0,,,,,,1,,,,
B9K931,B9K931_THENN,1.0,,,,,,1,,,,
B9KF37,B9KF37_CAMLR,1.0,,,,,,1,,,,
B9K8U5,B9K8U5_THENN,1.0,,,,,,1,,,,
B9K533,B9K533_AGRVS,1.0,,,,,,1,,,,
B9K4Q8,B9K4Q8_AGRVS,1.0,,,,,,1,,,,
B9JZF9,B9JZF9_AGRVS,1.0,,,,,,1,,,,
B9JY79,B9JY79_AGRVS,1.0,,,,,,1,,,,
B9JY73,B9JY73_AGRVS,1.0,,,,,,1,,,,
B9KEC3,B9KEC3_CAMLR,1.0,,,,,,1,,,,
B9KF38,B9KF38_CAMLR,1.0,,,,,,1,,,,
B9JUV3,B9JUV3_AGRVS,1.0,,,,,,1,,,,
B9KPR8,B9KPR8_RHOSK,1.0,,,,,,1,,,,
B9L6C9,B9L6C9_NAUPA,1.0,,,,,,1,,,,
B9L1U9,B9L1U9_THERP,1.0,,,,,,1,,,,
B9L1M3,B9L1M3_THERP,1.0,,,,,,1,,,,
B9L0J8,B9L0J8_THERP,1.0,,,,,,1,,,,
B9KYH1,B9KYH1_THERP,1.0,,,,,,1,,,,
B9KXQ0,B9KXQ0_THERP,1.0,,,,,,1,,,,
B9KPI3,B9KPI3_RHOSK,1.0,,,,,,1,,,,
B9KFR5,CMOB_CAMLR,1.0,,,,,,1,,,,
B9KMJ7,B9KMJ7_RHOSK,1.0,,,,,,1,,,,
B9KLR4,B9KLR4_RHOSK,1.0,,,,,,1,,,,
B9KK04,B9KK04_RHOSK,1.0,,,,,,1,,,,
B9KIE4,B9KIE4_ANAMF,1.0,,,,,,1,,,,
B9KHA1,B9KHA1_ANAMF,1.0,,,,,,1,,,,
B9KG20,CMOA_CAMLR,1.0,,,,,,1,,,,
B9JXI7,B9JXI7_AGRVS,1.0,,,,,,1,,,,
B9JTU5,B9JTU5_AGRVS,1.0,,,,,,1,,,,
B9J0Z7,B9J0Z7_BACCQ,1.0,,,,,,1,,,,
B9J7K3,B9J7K3_AGRRK,1.0,,,,,,1,,,,
B9JF46,B9JF46_AGRRK,1.0,,,,,,1,,,,
B9JBS2,B9JBS2_AGRRK,1.0,,,,,,1,,,,
B9JBG8,B9JBG8_AGRRK,1.0,,,,,,1,,,,
B9JB83,B9JB83_AGRRK,1.0,,,,,,1,,,,
B9J8S5,B9J8S5_AGRRK,1.0,,,,,,1,,,,
B9J845,B9J845_AGRRK,1.0,,,,,,1,,,,
B9J578,B9J578_BACCQ,1.0,,,,,,1,,,,
B9JGD9,B9JGD9_AGRRK,1.0,,,,,,1,,,,
B9J417,B9J417_BACCQ,1.0,,,,,,1,,,,
B9J3Y8,B9J3Y8_BACCQ,1.0,,,,,,1,,,,
B9J383,B9J383_BACCQ,1.0,,,,,,1,,,,
B9J329,B9J329_BACCQ,1.0,,,,,,1,,,,
B9J1U8,B9J1U8_BACCQ,1.0,,,,,,1,,,,
B9J1F2,B9J1F2_BACCQ,1.0,,,,,,1,,,,
B9JFZ1,B9JFZ1_AGRRK,1.0,,,,,,1,,,,
B9JGH3,B9JGH3_AGRRK,1.0,,,,,,1,,,,
B9JTK7,B9JTK7_AGRVS,1.0,,,,,,1,,,,
B9JKW3,B9JKW3_AGRRK,1.0,,,,,,1,,,,
B9JTG0,B9JTG0_AGRVS,1.0,,,,,,1,,,,
B9JR36,B9JR36_AGRVS,1.0,,,,,,1,,,,
B9JQP9,B9JQP9_AGRRK,1.0,,,,,,1,,,,
B9JQP5,B9JQP5_AGRRK,1.0,,,,,,1,,,,
B9JP89,B9JP89_AGRRK,1.0,,,,,,1,,,,
B9JNR5,B9JNR5_AGRRK,1.0,,,,,,1,,,,
B9JK04,B9JK04_AGRRK,1.0,,,,,,1,,,,
B9JGV8,B9JGV8_AGRRK,1.0,,,,,,1,,,,
B9JJZ6,B9JJZ6_AGRRK,1.0,,,,,,1,,,,
B9JJA4,B9JJA4_AGRRK,1.0,,,,,,1,,,,
B9JIY2,B9JIY2_AGRRK,1.0,,,,,,1,,,,
B9JHI6,B9JHI6_AGRRK,1.0,,,,,,1,,,,
B9JH75,B9JH75_AGRRK,1.0,,,,,,1,,,,
B9JH70,B9JH70_AGRRK,1.0,,,,,,1,,,,
C0ZRT9,C0ZRT9_RHOE4,1.0,,,,,,1,,,,
C0ZSS8,C0ZSS8_RHOE4,1.0,,,,,,1,,,,
C0ZSZ8,C0ZSZ8_RHOE4,1.0,,,,,,1,,,,
C3KZU1,C3KZU1_CLOB6,1.0,,,,,,1,,,,
C3L5Y1,Y4640_BACAC,1.0,,,,,,1,,,,
C3L5T3,C3L5T3_BACAC,1.0,,,,,,1,,,,
C3L1W9,C3L1W9_CLOB6,1.0,,,,,,1,,,,
C3L1S5,C3L1S5_CLOB6,1.0,,,,,,1,,,,
C3L1Q0,C3L1Q0_CLOB6,1.0,,,,,,1,,,,
C3L059,C3L059_CLOB6,1.0,,,,,,1,,,,
C3KZH5,C3KZH5_CLOB6,1.0,,,,,,1,,,,
C3L9L5,C3L9L5_BACAC,1.0,,,,,,1,,,,
C3KZ55,C3KZ55_CLOB6,1.0,,,,,,1,,,,
C3KYT8,C3KYT8_CLOB6,1.0,,,,,,1,,,,
C3KWZ6,C3KWZ6_CLOB6,1.0,,,,,,1,,,,
C3KTK6,C3KTK6_CLOB6,1.0,,,,,,1,,,,
C3KRT5,C3KRT5_RHISN,1.0,,,,,,1,,,,
C3KR64,C3KR64_RHISN,1.0,,,,,,1,,,,
C3L980,C3L980_BACAC,1.0,,,,,,1,,,,
C3LA42,C3LA42_BACAC,1.0,,,,,,1,,,,
C3KNV2,C3KNV2_RHISN,1.0,,,,,,1,,,,
C3LFZ5,C3LFZ5_BACAC,1.0,,,,,,1,,,,
C3LKD3,C3LKD3_BACAC,1.0,,,,,,1,,,,
C3LIY1,C3LIY1_BACAC,1.0,,,,,,1,,,,
C3LIN3,C3LIN3_BACAC,1.0,,,,,,1,,,,
C3LIF0,C3LIF0_BACAC,1.0,,,,,,1,,,,
C3LIE8,C3LIE8_BACAC,1.0,,,,,,1,,,,
C3LGE5,C3LGE5_BACAC,1.0,,,,,,1,,,,
C3LFW4,C3LFW4_BACAC,1.0,,,,,,1,,,,
C3LAA4,C3LAA4_BACAC,1.0,,,,,,1,,,,
C3LDW1,C3LDW1_BACAC,1.0,,,,,,1,,,,
C3LD97,C3LD97_BACAC,1.0,,,,,,1,,,,
C3LBR1,C3LBR1_BACAC,1.0,,,,,,1,,,,
C3LBI3,C3LBI3_BACAC,1.0,,,,,,1,,,,
C3LAY3,C3LAY3_BACAC,1.0,,,,,,1,,,,
C3LAT3,C3LAT3_BACAC,1.0,,,,,,1,,,,
C3KQF8,C3KQF8_RHISN,1.0,,,,,,1,,,,
C3KDJ8,C3KDJ8_PSEFS,1.0,,,,,,1,,,,
C3LKM3,C3LKM3_BACAC,1.0,,,,,,1,,,,
C1FAB2,C1FAB2_ACIC5,1.0,,,,,,1,,,,
C1FRN7,C1FRN7_CLOBJ,1.0,,,,,,1,,,,
C1FQX4,C1FQX4_CLOBJ,1.0,,,,,,1,,,,
C1FNQ2,C1FNQ2_CLOBJ,1.0,,,,,,1,,,,
C1FKN6,C1FKN6_CLOBJ,1.0,,,,,,1,,,,
C1FJB5,C1FJB5_MICSR,1.0,1,,,,,,,,,
C1FG54,C1FG54_MICSR,1.0,1,,,,,,,,,
C1FA49,C1FA49_ACIC5,1.0,,,,,,1,,,,
C1FU15,C1FU15_CLOBJ,1.0,,,,,,1,,,,
C1F603,C1F603_ACIC5,1.0,,,,,,1,,,,
C1F019,C1F019_BACC3,1.0,,,,,,1,,,,
C1EYD6,C1EYD6_BACC3,1.0,,,,,,1,,,,
C1EY20,C1EY20_BACC3,1.0,,,,,,1,,,,
C1EXY8,C1EXY8_BACC3,1.0,,,,,,1,,,,
C1EXT1,C1EXT1_BACC3,1.0,,,,,,1,,,,
C1FSB9,C1FSB9_CLOBJ,1.0,,,,,,1,,,,
C1FU18,C1FU18_CLOBJ,1.0,,,,,,1,,,,
C3KCU7,C3KCU7_PSEFS,1.0,,,,,,1,,,,
C3K6Z3,CMOB_PSEFS,1.0,,,,,,1,,,,
C3KAZ5,C3KAZ5_PSEFS,1.0,,,,,,1,,,,
C3KAT6,C3KAT6_PSEFS,1.0,,,,,,1,,,,
C3K9Q1,C3K9Q1_PSEFS,1.0,,,,,,1,,,,
C3K7E7,C3K7E7_PSEFS,1.0,,,,,,1,,,,
C3K732,TPMT_PSEFS,1.0,,,,,,1,,,,
C3K6Z4,CMOA_PSEFS,1.0,,,,,,1,,,,
C3K5D4,C3K5D4_PSEFS,1.0,,,,,,1,,,,
C1FUK1,C1FUK1_CLOBJ,1.0,,,,,,1,,,,
C3K4Q4,RSMJ_PSEFS,1.0,,,,,,1,,,,
C3K3L1,C3K3L1_PSEFS,1.0,,,,,,1,,,,
C3K361,C3K361_PSEFS,1.0,,,,,,1,,,,
C3K1D4,C3K1D4_PSEFS,1.0,,,,,,1,,,,
C3JZT8,C3JZT8_PSEFS,1.0,,,,,,1,,,,
C1N0U9,C1N0U9_MICPC,1.0,1,,,,,,,,,
C3LKJ7,C3LKJ7_BACAC,1.0,,,,,,1,,,,
C3LLK9,CMOB_VIBCM,1.0,,,,,,1,,,,
C0ZTF5,C0ZTF5_RHOE4,1.0,,,,,,1,,,,
C3N637,C3N637_SULIA,1.0,,,,,,1,,,,
C3NBC6,C3NBC6_SULIY,1.0,,,,,,1,,,,
C3NB98,C3NB98_SULIY,1.0,,,,,,1,,,,
C3N8B4,C3N8B4_SULIY,1.0,,,,,,1,,,,
C3N6Y0,C3N6Y0_SULIY,1.0,,,,,,1,,,,
C3N6J2,C3N6J2_SULIA,1.0,,,,,,1,,,,
C3N6E3,C3N6E3_SULIA,1.0,,,,,,1,,,,
C3N4T7,C3N4T7_SULIA,1.0,,,,,,1,,,,
C3ND64,C3ND64_SULIY,1.0,,,,,,1,,,,
C3N4P5,C3N4P5_SULIA,1.0,,,,,,1,,,,
C3N4P1,C3N4P1_SULIA,1.0,,,,,,1,,,,
C3N478,C3N478_SULIA,1.0,,,,,,1,,,,
C3N3G9,C3N3G9_SULIA,1.0,,,,,,1,,,,
C3N0C8,C3N0C8_SULIA,1.0,,,,,,1,,,,
C3MXR3,C3MXR3_SULIM,1.0,,,,,,1,,,,
C3ND25,C3ND25_SULIY,1.0,,,,,,1,,,,
C3NDD0,C3NDD0_SULIY,1.0,,,,,,1,,,,
C3MX85,C3MX85_SULIM,1.0,,,,,,1,,,,
C3NJ92,C3NJ92_SULIN,1.0,,,,,,1,,,,
C3NKC6,C3NKC6_SULIN,1.0,,,,,,1,,,,
C3NKC0,C3NKC0_SULIN,1.0,,,,,,1,,,,
C3NKB9,C3NKB9_SULIN,1.0,,,,,,1,,,,
C3NKB8,C3NKB8_SULIN,1.0,,,,,,1,,,,
C3NKB5,C3NKB5_SULIN,1.0,,,,,,1,,,,
C3NJF7,C3NJF7_SULIN,1.0,,,,,,1,,,,
C3NIJ1,C3NIJ1_SULIN,1.0,,,,,,1,,,,
C3NEJ2,C3NEJ2_SULIY,1.0,,,,,,1,,,,
C3NIC4,C3NIC4_SULIN,1.0,,,,,,1,,,,
C3NH51,C3NH51_SULIN,1.0,,,,,,1,,,,
C3NGU3,C3NGU3_SULIN,1.0,,,,,,1,,,,
C3NGN1,C3NGN1_SULIN,1.0,,,,,,1,,,,
C3NG82,C3NG82_SULIN,1.0,,,,,,1,,,,
C3NEV1,C3NEV1_SULIY,1.0,,,,,,1,,,,
C3MX90,C3MX90_SULIM,1.0,,,,,,1,,,,
C3MX82,C3MX82_SULIM,1.0,,,,,,1,,,,
C3LLL0,CMOA_VIBCM,1.0,,,,,,1,,,,
C3LU11,C3LU11_VIBCM,1.0,,,,,,1,,,,
C3MHR4,C3MHR4_RHISN,1.0,,,,,,1,,,,
C3MGC1,C3MGC1_RHISN,1.0,,,,,,1,,,,
C3MEQ3,C3MEQ3_RHISN,1.0,,,,,,1,,,,
C3MEP8,C3MEP8_RHISN,1.0,,,,,,1,,,,
C3ME65,C3ME65_RHISN,1.0,,,,,,1,,,,
C3ME55,C3ME55_RHISN,1.0,,,,,,1,,,,
C3LT66,C3LT66_VIBCM,1.0,,,,,,1,,,,
C3MJD6,C3MJD6_SULIL,1.0,,,,,,1,,,,
C3LQL5,C3LQL5_VIBCM,1.0,,,,,,1,,,,
C3LPR5,RSMJ_VIBCM,1.0,,,,,,1,,,,
C3LPN9,C3LPN9_VIBCM,1.0,,,,,,1,,,,
C3LNV4,C3LNV4_VIBCM,1.0,,,,,,1,,,,
C3LN40,C3LN40_VIBCM,1.0,,,,,,1,,,,
C3LLS2,TPMT_VIBCM,1.0,,,,,,1,,,,
C3MHV6,C3MHV6_RHISN,1.0,,,,,,1,,,,
C3MM79,C3MM79_SULIL,1.0,,,,,,1,,,,
C3MWS5,C3MWS5_SULIM,1.0,,,,,,1,,,,
C3MQM3,C3MQM3_SULIL,1.0,,,,,,1,,,,
C3MWA1,C3MWA1_SULIM,1.0,,,,,,1,,,,
C3MVZ4,C3MVZ4_SULIM,1.0,,,,,,1,,,,
C3MVV0,C3MVV0_SULIM,1.0,,,,,,1,,,,
C3MTR8,C3MTR8_SULIM,1.0,,,,,,1,,,,
C3MTK3,C3MTK3_SULIM,1.0,,,,,,1,,,,
C3MQT7,C3MQT7_SULIL,1.0,,,,,,1,,,,
C3MQB5,C3MQB5_SULIL,1.0,,,,,,1,,,,
C3MM80,C3MM80_SULIL,1.0,,,,,,1,,,,
C3MP55,C3MP55_SULIL,1.0,,,,,,1,,,,
C3MNJ6,C3MNJ6_SULIL,1.0,,,,,,1,,,,
C3MNE4,C3MNE4_SULIL,1.0,,,,,,1,,,,
C3MM96,C3MM96_SULIL,1.0,,,,,,1,,,,
C3MM84,C3MM84_SULIL,1.0,,,,,,1,,,,
C3MM81,C3MM81_SULIL,1.0,,,,,,1,,,,
C1EXF1,C1EXF1_BACC3,1.0,,,,,,1,,,,
C1EW20,C1EW20_BACC3,1.0,,,,,,1,,,,
C1EVQ8,C1EVQ8_BACC3,1.0,,,,,,1,,,,
C1APY6,C1APY6_MYCBT,1.0,,,,,,1,,,,
C1AT25,C1AT25_RHOOB,1.0,,,,,,1,,,,
C1ARV6,C1ARV6_RHOOB,1.0,,,,,,1,,,,
C1ARK2,C1ARK2_RHOOB,1.0,,,,,,1,,,,
C1ARC0,C1ARC0_RHOOB,1.0,,,,,,1,,,,
C1AR16,C1AR16_RHOOB,1.0,,,,,,1,,,,
C1AQH5,C1AQH5_MYCBT,1.0,,,,,,1,,,,
C1APS1,C1APS1_MYCBT,1.0,,,,,,1,,,,
C1AUZ3,C1AUZ3_RHOOB,1.0,,,,,,1,,,,
C1ANL9,C1ANL9_MYCBT,1.0,,,,,,1,,,,
C1ANF9,C1ANF9_MYCBT,1.0,,,,,,1,,,,
C1ANE5,C1ANE5_MYCBT,1.0,,,,,,1,,,,
C1AN50,C1AN50_MYCBT,1.0,,,,,,1,,,,
C1AN48,C1AN48_MYCBT,1.0,,,,,,1,,,,
C1AN22,C1AN22_MYCBT,1.0,,,,,,1,,,,
C1ATS0,C1ATS0_RHOOB,1.0,,,,,,1,,,,
C1AV11,C1AV11_RHOOB,1.0,,,,,,1,,,,
C1AKP7,C1AKP7_MYCBT,1.0,,,,,,1,,,,
C1B1R0,C1B1R0_RHOOB,1.0,,,,,,1,,,,
C1B538,C1B538_RHOOB,1.0,,,,,,1,,,,
C1B530,C1B530_RHOOB,1.0,,,,,,1,,,,
C1B334,C1B334_RHOOB,1.0,,,,,,1,,,,
C1B2U7,C1B2U7_RHOOB,1.0,,,,,,1,,,,
C1B255,C1B255_RHOOB,1.0,,,,,,1,,,,
C1B1R6,C1B1R6_RHOOB,1.0,,,,,,1,,,,
C1B1Q9,C1B1Q9_RHOOB,1.0,,,,,,1,,,,
C1AXD2,C1AXD2_RHOOB,1.0,,,,,,1,,,,
C1B103,C1B103_RHOOB,1.0,,,,,,1,,,,
C1AZK9,C1AZK9_RHOOB,1.0,,,,,,1,,,,
C1AYL1,C1AYL1_RHOOB,1.0,,,,,,1,,,,
C1AY97,C1AY97_RHOOB,1.0,,,,,,1,,,,
C1AY62,C1AY62_RHOOB,1.0,,,,,,1,,,,
C1AY53,C1AY53_RHOOB,1.0,,,,,,1,,,,
C1ALH3,C1ALH3_MYCBT,1.0,,,,,,1,,,,
C1AKP0,C1AKP0_MYCBT,1.0,,,,,,1,,,,
C1EUN2,C1EUN2_BACC3,1.0,,,,,,1,,,,
C0ZYI3,C0ZYI3_RHOE4,1.0,,,,,,1,,,,
C1A515,C1A515_GEMAT,1.0,,,,,,1,,,,
C1A4Z0,C1A4Z0_GEMAT,1.0,,,,,,1,,,,
C1A4W3,C1A4W3_GEMAT,1.0,,,,,,1,,,,
C1A2N5,C1A2N5_RHOE4,1.0,,,,,,1,,,,
C1A086,C1A086_RHOE4,1.0,,,,,,1,,,,
C0ZZ86,C0ZZ86_RHOE4,1.0,,,,,,1,,,,
C0ZY39,C0ZY39_RHOE4,1.0,,,,,,1,,,,
C1A941,C1A941_GEMAT,1.0,,,,,,1,,,,
C0ZY20,C0ZY20_RHOE4,1.0,,,,,,1,,,,
C0ZXJ5,C0ZXJ5_RHOE4,1.0,,,,,,1,,,,
C0ZXI9,C0ZXI9_RHOE4,1.0,,,,,,1,,,,
C0ZXI8,C0ZXI8_RHOE4,1.0,,,,,,1,,,,
C0ZWC3,C0ZWC3_RHOE4,1.0,,,,,,1,,,,
C0ZTQ2,C0ZTQ2_RHOE4,1.0,,,,,,1,,,,
C1A6J0,C1A6J0_GEMAT,1.0,,,,,,1,,,,
C1AEG8,C1AEG8_GEMAT,1.0,,,,,,1,,,,
C1AKK0,C1AKK0_MYCBT,1.0,,,,,,1,,,,
C1AHF9,C1AHF9_MYCBT,1.0,,,,,,1,,,,
C1AK06,C1AK06_MYCBT,1.0,,,,,,1,,,,
C1AK03,C1AK03_MYCBT,1.0,,,,,,1,,,,
C1AJP9,C1AJP9_MYCBT,1.0,,,,,,1,,,,
C1AJB5,C1AJB5_MYCBT,1.0,,,,,,1,,,,
C1AII3,C1AII3_MYCBT,1.0,,,,,,1,,,,
C1AIF2,C1AIF2_MYCBT,1.0,,,,,,1,,,,
C1AGF6,C1AGF6_MYCBT,1.0,,,,,,1,,,,
C1AF95,C1AF95_MYCBT,1.0,,,,,,1,,,,
C1AGF5,C1AGF5_MYCBT,1.0,,,,,,1,,,,
C1AGE7,C1AGE7_MYCBT,1.0,,,,,,1,,,,
C1AG71,C1AG71_MYCBT,1.0,,,,,,1,,,,
C1AG70,C1AG70_MYCBT,1.0,,,,,,1,,,,
C1AG67,C1AG67_MYCBT,1.0,,,,,,1,,,,
C1AFD4,C1AFD4_MYCBT,1.0,,,,,,1,,,,
C1B7F2,C1B7F2_RHOOB,1.0,,,,,,1,,,,
C1B8D3,C1B8D3_RHOOB,1.0,,,,,,1,,,,
C1B8X1,C1B8X1_RHOOB,1.0,,,,,,1,,,,
C1DM40,C1DM40_AZOVD,1.0,,,,,,1,,,,
C1DSW3,C1DSW3_AZOVD,1.0,,,,,,1,,,,
C1DRX1,C1DRX1_AZOVD,1.0,,,,,,1,,,,
C1DRL5,TPMT_AZOVD,1.0,,,,,,1,,,,
C1DQT0,CMOA_AZOVD,1.0,,,,,,1,,,,
C1DQS9,CMOB_AZOVD,1.0,,,,,,1,,,,
C1DQP3,C1DQP3_AZOVD,1.0,,,,,,1,,,,
C1DLM4,C1DLM4_AZOVD,1.0,,,,,,1,,,,
C1DW77,C1DW77_SULAA,1.0,,,,,,1,,,,
C1DKU5,C1DKU5_AZOVD,1.0,,,,,,1,,,,
C1DKJ1,C1DKJ1_AZOVD,1.0,,,,,,1,,,,
C1DK61,C1DK61_AZOVD,1.0,,,,,,1,,,,
C1DJP9,C1DJP9_AZOVD,1.0,,,,,,1,,,,
C1DI66,C1DI66_AZOVD,1.0,,,,,,1,,,,
C1DD01,RSMJ_LARHH,1.0,,,,,,1,,,,
C1DSX1,RSMJ_AZOVD,1.0,,,,,,1,,,,
C1DX14,C1DX14_SULAA,1.0,,,,,,1,,,,
C1BAA8,C1BAA8_RHOOB,1.0,,,,,,1,,,,
C1ES44,C1ES44_BACC3,1.0,,,,,,1,,,,
C1EUH0,C1EUH0_BACC3,1.0,,,,,,1,,,,
C1EUE6,C1EUE6_BACC3,1.0,,,,,,1,,,,
C1ESS0,Y4487_BACC3,1.0,,,,,,1,,,,
C1ESM3,C1ESM3_BACC3,1.0,,,,,,1,,,,
C1ESE4,C1ESE4_BACC3,1.0,,,,,,1,,,,
C1ES76,C1ES76_BACC3,1.0,,,,,,1,,,,
C1EQY9,C1EQY9_BACC3,1.0,,,,,,1,,,,
C1DXU6,C1DXU6_SULAA,1.0,,,,,,1,,,,
C1EMU0,C1EMU0_BACC3,1.0,,,,,,1,,,,
C1EMN6,C1EMN6_BACC3,1.0,,,,,,1,,,,
C1EMF8,C1EMF8_BACC3,1.0,,,,,,1,,,,
C1ELY2,C1ELY2_BACC3,1.0,,,,,,1,,,,
C1ELM4,C1ELM4_BACC3,1.0,,,,,,1,,,,
C1ELB8,C1ELB8_BACC3,1.0,,,,,,1,,,,
C1DCS8,C1DCS8_LARHH,1.0,,,,,,1,,,,
C1D7I5,C1D7I5_LARHH,1.0,,,,,,1,,,,
C1D659,C1D659_LARHH,1.0,,,,,,1,,,,
C1CFG2,C1CFG2_STRZJ,1.0,,,,,,1,,,,
C1CN49,C1CN49_STRZP,1.0,,,,,,1,,,,
C1CM78,C1CM78_STRZP,1.0,,,,,,1,,,,
C1CLS7,C1CLS7_STRZP,1.0,,,,,,1,,,,
C1CK58,C1CK58_STRZP,1.0,,,,,,1,,,,
C1CH31,C1CH31_STRZJ,1.0,,,,,,1,,,,
C1CFW5,C1CFW5_STRZJ,1.0,,,,,,1,,,,
C1CDX2,C1CDX2_STRZJ,1.0,,,,,,1,,,,
C1D645,C1D645_LARHH,1.0,,,,,,1,,,,
C1CD21,C1CD21_STRZJ,1.0,,,,,,1,,,,
C1CAT0,C1CAT0_STRP7,1.0,,,,,,1,,,,
C1C8X9,C1C8X9_STRP7,1.0,,,,,,1,,,,
C1C8G9,C1C8G9_STRP7,1.0,,,,,,1,,,,
C1C6V4,C1C6V4_STRP7,1.0,,,,,,1,,,,
C1C616,C1C616_STRP7,1.0,,,,,,1,,,,
C1CQD2,C1CQD2_STRZT,1.0,,,,,,1,,,,
C1CRS3,C1CRS3_STRZT,1.0,,,,,,1,,,,
C1CSJ9,C1CSJ9_STRZT,1.0,,,,,,1,,,,
C1CT02,C1CT02_STRZT,1.0,,,,,,1,,,,
C1CTD4,C1CTD4_STRZT,1.0,,,,,,1,,,,
C1CU06,C1CU06_STRZT,1.0,,,,,,1,,,,
C1CUS6,C1CUS6_DEIDV,1.0,,,,,,1,,,,
C1CVS6,C1CVS6_DEIDV,1.0,,,,,,1,,,,
C1CYR8,C1CYR8_DEIDV,1.0,,,,,,1,,,,
C1CZB1,C1CZB1_DEIDV,1.0,,,,,,1,,,,
C1D0C8,C1D0C8_DEIDV,1.0,,,,,,1,,,,
C1D438,C1D438_DEIDV,1.0,,,,,,1,,,,
C1D4Z7,C1D4Z7_LARHH,1.0,,,,,,1,,,,
C1D555,C1D555_LARHH,1.0,,,,,,1,,,,
C1D5A2,C1D5A2_LARHH,1.0,,,,,,1,,,,
C1D5S5,BIOC_LARHH,1.0,,,,,,1,,,,
C1D5W8,C1D5W8_LARHH,1.0,,,,,,1,,,,
C6DVM2,C6DVM2_MYCTK,1.0,,,,,,1,,,,
C6DVN1,C6DVN1_MYCTK,1.0,,,,,,1,,,,
Q0TIH7,Q0TIH7_ECOL5,1.0,,,,,,1,,,,
Q00XI9,Q00XI9_OSTTA,1.0,,,,,,1,,,,
Q01BI4,Q01BI4_OSTTA,1.0,,,,,,1,,,,
Q01AN1,Q01AN1_OSTTA,1.0,,,,,,1,,,,
Q018C0,Q018C0_OSTTA,1.0,,,,,,1,,,,
Q015T3,Q015T3_OSTTA,1.0,,,,,,1,,,,
Q014E8,Q014E8_OSTTA,1.0,,,,,,1,,,,
Q010T8,Q010T8_OSTTA,1.0,,,,,,1,,,,
Q00XF5,Q00XF5_OSTTA,1.0,,,,,,1,,,,
Q01PS6,Q01PS6_SOLUE,1.0,,,,,,1,,,,
Q00UF8,Q00UF8_OSTTA,1.0,,,,,,1,,,,
P96576,YDAC_BACSU,1.0,,,,,,1,,,,
P91387,P91387_CAEEL,1.0,,,,,,1,,,,
P85107,TGS1_RAT,1.0,,,,,,1,,,,
P77460,YBCY_ECOLI,1.0,,,,,,1,,,,
P76291,CMOB_ECOLI,1.0,,,,,,1,,,,
Q01PE7,Q01PE7_SOLUE,1.0,,,,,,1,,,,
Q01Q73,Q01Q73_SOLUE,1.0,,,,,,1,,,,
P76092,YNBC_ECOLI,1.0,,,,,,1,,,,
Q01V47,Q01V47_SOLUE,1.0,,,,,,1,,,,
Q01Y35,Q01Y35_SOLUE,1.0,,,,,,1,,,,
Q01XB8,Q01XB8_SOLUE,1.0,,,,,,1,,,,
Q01W19,Q01W19_SOLUE,1.0,,,,,,1,,,,
Q01W16,Q01W16_SOLUE,1.0,,,,,,1,,,,
Q01VU2,Q01VU2_SOLUE,1.0,,,,,,1,,,,
Q01VS4,Q01VS4_SOLUE,1.0,,,,,,1,,,,
Q01UV3,Q01UV3_SOLUE,1.0,,,,,,1,,,,
Q01QE9,Q01QE9_SOLUE,1.0,,,,,,1,,,,
Q01TQ4,Q01TQ4_SOLUE,1.0,,,,,,1,,,,
Q01TI4,Q01TI4_SOLUE,1.0,,,,,,1,,,,
Q01TG3,Q01TG3_SOLUE,1.0,,,,,,1,,,,
Q01SM4,Q01SM4_SOLUE,1.0,,,,,,1,,,,
Q01S22,Q01S22_SOLUE,1.0,,,,,,1,,,,
Q01S19,Q01S19_SOLUE,1.0,,,,,,1,,,,
P76290,CMOA_ECOLI,1.0,,,,,,1,,,,
P75672,YAFS_ECOLI,1.0,,,,,,1,,,,
Q020B9,Q020B9_SOLUE,1.0,,,,,,1,,,,
P54906,CRTF_RHOS4,1.0,,,,,,1,,,,
P64920,Y2026_MYCBO,1.0,,,,,,1,,,,
P64842,Y1440_MYCBO,1.0,,,,,,1,,,,
P64840,Y1438_MYCBO,1.0,,,,,,1,,,,
P57646,RSMJ_BUCAI,1.0,,,,,,1,,,,
P55473,NOEI_RHISN,1.0,,,,,,1,,,,
P55345,ANM2_HUMAN,1.0,,,,,,1,,,,
P54458,YQEM_BACSU,1.0,,,,,,1,,,,
P65349,Y3374_MYCBO,1.0,,,,,,1,,,,
P54171,YPIP_BACSU,1.0,,,,,,1,,,,
P51580,TPMT_HUMAN,1.0,,,,,,1,,,,
P46597,ASMT_HUMAN,1.0,,,,,,1,,,,
P46326,YXBB_BACSU,1.0,,,,,,1,,,,
P45249,BIOC_HAEIN,1.0,,,,,,1,,,,
P45134,TEHB_HAEIN,1.0,,,,,,1,,,,
P65347,Y092_MYCBO,1.0,,,,,,1,,,,
P68567,RSMJ_ECOLI,1.0,,,,,,1,,,,
P74743,P74743_SYNY3,1.0,,,,,,1,,,,
P73502,P73502_SYNY3,1.0,,,,,,1,,,,
P74388,BQMT_SYNY3,1.0,,,,,,1,,,,
P74360,Y1526_SYNY3,1.0,,,,,,1,,,,
P74357,P74357_SYNY3,1.0,,,,,,1,,,,
P74191,P74191_SYNY3,1.0,,,,,,1,,,,
P74190,P74190_SYNY3,1.0,,,,,,1,,,,
P73705,P73705_SYNY3,1.0,,,,,,1,,,,
P73445,P73445_SYNY3,1.0,,,,,,1,,,,
P68568,RSMJ_ECO57,1.0,,,,,,1,,,,
P73155,P73155_SYNY3,1.0,,,,,,1,,,,
P73040,P73040_SYNY3,1.0,,,,,,1,,,,
P72888,P72888_SYNY3,1.0,,,,,,1,,,,
P72628,P72628_SYNY3,1.0,,,,,,1,,,,
P72601,P72601_SYNY3,1.0,,,,,,1,,,,
P70976,YBAJ_BACSU,1.0,,,,,,1,,,,
Q01Y94,Q01Y94_SOLUE,1.0,,,,,,1,,,,
Q021W9,Q021W9_SOLUE,1.0,,,,,,1,,,,
P44167,CMOB_HAEIN,1.0,,,,,,1,,,,
Q02YA4,Q02YA4_LACLS,1.0,,,,,,1,,,,
Q038B4,Q038B4_LACC3,1.0,,,,,,1,,,,
Q034N3,Q034N3_LACC3,1.0,,,,,,1,,,,
Q033X7,Q033X7_LACC3,1.0,,,,,,1,,,,
Q032L9,Q032L9_LACLS,1.0,,,,,,1,,,,
Q02YU9,Q02YU9_LACLS,1.0,,,,,,1,,,,
Q02YL1,Q02YL1_LACLS,1.0,,,,,,1,,,,
Q02WG2,Q02WG2_LACLS,1.0,,,,,,1,,,,
Q03BY0,Q03BY0_LACC3,1.0,,,,,,1,,,,
Q02VK3,Q02VK3_LACLS,1.0,,,,,,1,,,,
Q02U72,Q02U72_PSEAB,1.0,,,,,,1,,,,
Q02U24,Q02U24_PSEAB,1.0,,,,,,1,,,,
Q02TR3,Q02TR3_PSEAB,1.0,,,,,,1,,,,
Q02TK7,Q02TK7_PSEAB,1.0,,,,,,1,,,,
Q02T26,Q02T26_PSEAB,1.0,,,,,,1,,,,
Q03AR0,Q03AR0_LACC3,1.0,,,,,,1,,,,
Q03CF2,Q03CF2_LACC3,1.0,,,,,,1,,,,
Q02SP1,Q02SP1_PSEAB,1.0,,,,,,1,,,,
Q03QG4,Q03QG4_LACBA,1.0,,,,,,1,,,,
Q04FE4,Q04FE4_OENOB,1.0,,,,,,1,,,,
Q04EZ2,Q04EZ2_OENOB,1.0,,,,,,1,,,,
Q03VF0,Q03VF0_LEUMM,1.0,,,,,,1,,,,
Q03S65,Q03S65_LACBA,1.0,,,,,,1,,,,
Q03RL3,Q03RL3_LACBA,1.0,,,,,,1,,,,
Q03RH5,Q03RH5_LACBA,1.0,,,,,,1,,,,
Q03LT6,Q03LT6_STRTD,1.0,,,,,,1,,,,
Q03DB7,Q03DB7_PEDPA,1.0,,,,,,1,,,,
Q03JG2,Q03JG2_STRTD,1.0,,,,,,1,,,,
Q03J92,Q03J92_STRTD,1.0,,,,,,1,,,,
Q03J65,Q03J65_STRTD,1.0,,,,,,1,,,,
Q03IM9,Q03IM9_STRTD,1.0,,,,,,1,,,,
Q03GG6,Q03GG6_PEDPA,1.0,,,,,,1,,,,
Q03GA2,Q03GA2_PEDPA,1.0,,,,,,1,,,,
Q02T00,Q02T00_PSEAB,1.0,,,,,,1,,,,
Q02S47,Q02S47_PSEAB,1.0,,,,,,1,,,,
Q022F0,Q022F0_SOLUE,1.0,,,,,,1,,,,
Q028X7,Q028X7_SOLUE,1.0,,,,,,1,,,,
Q02BC2,Q02BC2_SOLUE,1.0,,,,,,1,,,,
Q02AU7,Q02AU7_SOLUE,1.0,,,,,,1,,,,
Q02AC8,Q02AC8_SOLUE,1.0,,,,,,1,,,,
Q029T5,Q029T5_SOLUE,1.0,,,,,,1,,,,
Q029B9,Q029B9_SOLUE,1.0,,,,,,1,,,,
Q029A7,Q029A7_SOLUE,1.0,,,,,,1,,,,
Q028P0,Q028P0_SOLUE,1.0,,,,,,1,,,,
Q02CH3,Q02CH3_SOLUE,1.0,,,,,,1,,,,
Q026D7,Q026D7_SOLUE,1.0,,,,,,1,,,,
Q025U0,Q025U0_SOLUE,1.0,,,,,,1,,,,
Q025D3,Q025D3_SOLUE,1.0,,,,,,1,,,,
Q024W5,Q024W5_SOLUE,1.0,,,,,,1,,,,
Q024U9,Q024U9_SOLUE,1.0,,,,,,1,,,,
Q022U7,Q022U7_SOLUE,1.0,,,,,,1,,,,
Q02BN3,Q02BN3_SOLUE,1.0,,,,,,1,,,,
Q02D42,Q02D42_SOLUE,1.0,,,,,,1,,,,
Q02RF2,RSMJ_PSEAB,1.0,,,,,,1,,,,
Q02L70,Q02L70_PSEAB,1.0,,,,,,1,,,,
Q02QY6,Q02QY6_PSEAB,1.0,,,,,,1,,,,
Q02PT2,Q02PT2_PSEAB,1.0,,,,,,1,,,,
Q02NZ5,TPMT_PSEAB,1.0,,,,,,1,,,,
Q02NH1,Q02NH1_PSEAB,1.0,,,,,,1,,,,
Q02NE2,Q02NE2_PSEAB,1.0,,,,,,1,,,,
Q02MY9,Q02MY9_PSEAB,1.0,,,,,,1,,,,
Q02KV7,Q02KV7_PSEAB,1.0,,,,,,1,,,,
Q02D51,Q02D51_SOLUE,1.0,,,,,,1,,,,
Q02IY1,Q02IY1_PSEAB,1.0,,,,,,1,,,,
Q02HV2,Q02HV2_PSEAB,1.0,,,,,,1,,,,
Q02HS7,CMOA_PSEAB,1.0,,,,,,1,,,,
Q02HS6,CMOB_PSEAB,1.0,,,,,,1,,,,
Q02FN2,Q02FN2_PSEAB,1.0,,,,,,1,,,,
Q02FI4,Q02FI4_PSEAB,1.0,,,,,,1,,,,
P44901,RSMJ_HAEIN,1.0,,,,,,1,,,,
P44150,Y1273_HAEIN,1.0,,,,,,1,,,,
Q04J32,Q04J32_STRP2,1.0,,,,,,1,,,,
K3Y8D7,K3Y8D7_SETIT,1.0,1,,,,,,,,,
K8F2Z2,K8F2Z2_9CHLO,1.0,1,,,,,,,,,
K8ED56,K8ED56_9CHLO,1.0,1,,,,,,,,,
K7LFB2,K7LFB2_SOYBN,1.0,1,,,,,,,,,
K7J2T9,K7J2T9_NASVI,1.0,1,,,,,,,,,
K7EM26,K7EM26_HUMAN,1.0,,1,,,,,,,,
K4DH96,K4DH96_SOLLC,1.0,1,,,,,,,,,
K1PMU3,K1PMU3_CRAGI,1.0,,,1,,,,,,,
L1ISM5,L1ISM5_GUITH,1.0,1,,,,,,,,,
J9K8T6,J9K8T6_ACYPI,1.0,,,,,1,,,,,
J9K8H2,J9K8H2_ACYPI,1.0,,,,,1,,,,,
J9JVM1,J9JVM1_ACYPI,1.0,,,,,1,,,,,
J3LH42,J3LH42_ORYBR,1.0,1,,,,,,,,,
I1L5A9,I1L5A9_SOYBN,1.0,1,,,,,,,,,
I1JVJ7,I1JVJ7_SOYBN,1.0,1,,,,,,,,,
K8YMX3,K8YMX3_9STRA,1.0,1,,,,,,,,,
L7Y478,L7Y478_9VIRU,1.0,1,,,,,,,,,
I1IF74,I1IF74_BRADI,1.0,1,,,,,,,,,
M5XBE8,M5XBE8_PRUPE,1.0,1,,,,,,,,,
O05979,Y789_RICPR,1.0,,,,,,1,,,,
O05972,Y028_RICPR,1.0,,,,,,1,,,,
O05400,YRHH_BACSU,1.0,,,,,,1,,,,
O01889,O01889_CAEEL,1.0,,,,,,1,,,,
O01594,O01594_CAEEL,1.0,,,,,,1,,,,
O01593,O01593_CAEEL,1.0,,,,,,1,,,,
M5WGJ1,M5WGJ1_PRUPE,1.0,1,,,,,,,,,
L8GGE8,L8GGE8_ACACA,1.0,1,,,,,,,,,
M1E1G9,M1E1G9_BACLD,1.0,,,,,,1,,,,
M1CVC8,M1CVC8_SOLTU,1.0,1,,,,,,,,,
M1CMX3,M1CMX3_SOLTU,1.0,1,,,,,,,,,
L8H5B7,L8H5B7_ACACA,1.0,1,,,,,,,,,
L8H3U3,L8H3U3_ACACA,1.0,1,,,,,,,,,
L8GIR2,L8GIR2_ACACA,1.0,1,,,,,,,,,
I1J1H0,I1J1H0_BRADI,1.0,1,,,,,,,,,
H9JIU9,H9JIU9_BOMMO,1.0,,,,,1,,,,,
O13871,YE16_SCHPO,1.0,,,,,,1,,,,
E9IFM0,E9IFM0_SOLIN,1.0,,,1,,,,,,,
F7IMH4,F7IMH4_CALJA,1.0,,1,,,,,,,,
F7BB83,F7BB83_XENTR,1.0,,1,,,,,,,,
F6V680,F6V680_CALJA,1.0,,1,,,,,,,,
F4I9F8,F4I9F8_ARATH,1.0,1,,,,,,,,,
E9QB87,E9QB87_DANRE,1.0,,1,,,,,,,,
E9PK20,E9PK20_HUMAN,1.0,,1,,,,,,,,
E9GZJ1,E9GZJ1_DAPPU,1.0,,,1,,,,,,,
F8MAS7,F8MAS7_NEUT8,1.0,1,,,,,,,,,
E5T9P8,E5T9P8_TRISP,1.0,1,,,,,,,,,
E5T8T5,E5T8T5_TRISP,1.0,1,,,,,,,,,
E5T7R2,E5T7R2_TRISP,1.0,1,,,,,,,,,
E5T2N3,E5T2N3_TRISP,1.0,1,,,,,,,,,
E3VYQ2,E3VYQ2_MIMIV,1.0,1,,,,,,,,,
E3LT67,E3LT67_CAERE,1.0,,,1,,,,,,,
F7WC48,F7WC48_SORMK,1.0,1,,,,,,,,,
G0N5T3,G0N5T3_CAEBE,1.0,,,1,,,,,,,
H3EXF0,H3EXF0_PRIPA,1.0,,,1,,,,,,,
G7K5D6,G7K5D6_MEDTR,1.0,1,,,,,,,,,
H2SXL4,H2SXL4_TAKRU,1.0,,1,,,,,,,,
H2SXL3,H2SXL3_TAKRU,1.0,,1,,,,,,,,
H2SXL2,H2SXL2_TAKRU,1.0,,1,,,,,,,,
H2SXL1,H2SXL1_TAKRU,1.0,,1,,,,,,,,
H2SRX0,H2SRX0_TAKRU,1.0,,1,,,,,,,,
H2M3S4,H2M3S4_ORYLA,1.0,,1,,,,,,,,
G6DF10,G6DF10_DANPL,1.0,,,1,,,,,,,
G0SEM0,G0SEM0_CHATD,1.0,1,,,,,,,,,
G5CSV0,G5CSV0_9VIRU,1.0,1,,,,,,,,,
G4Z272,G4Z272_PHYSP,1.0,1,,,,,,,,,
G3PCA3,G3PCA3_GASAC,1.0,,1,,,,,,,,
G2QTZ0,G2QTZ0_THITE,1.0,1,,,,,,,,,
G2Q8X8,G2Q8X8_THIHA,1.0,1,,,,,,,,,
G1KKM9,G1KKM9_ANOCA,1.0,,,,1,,,,,,
O13648,ANM3_SCHPO,1.0,,,,,,1,,,,
O13926,YF66_SCHPO,1.0,,,,,,1,,,,
P44074,Y912_HAEIN,1.0,,,,,,1,,,,
O82210,ANM12_ARATH,1.0,,,,,,1,,,,
P0CT10,ERG6_MAGO7,1.0,,,,,,1,,,,
P0A5G2,Y2093_MYCBO,1.0,,,,,,1,,,,
P08442,Y1184_SYNP6,1.0,,,,,,1,,,,
O95671,ASML_HUMAN,1.0,,,,,,1,,,,
O94628,YGE9_SCHPO,1.0,,,,,,1,,,,
O82427,SMT2_ORYSJ,1.0,,,,,,1,,,,
O80562,HOL2_ARATH,1.0,,,,,,1,,,,
P19441,NODS_RHISN,1.0,,,,,,1,,,,
O80543,Y1280_ARATH,1.0,,,,,,1,,,,
O74880,MCES_SCHPO,1.0,,,,,,1,,,,
O74529,YJ48_SCHPO,1.0,,,,,,1,,,,
O74198,ERG6_CANAL,1.0,,,,,,1,,,,
O70467,ANM3_RAT,1.0,,,,,,1,,,,
O69492,Y2584_MYCLE,1.0,,,,,,1,,,,
P12999,BIOC_ECOLI,1.0,,,,,,1,,,,
P25087,ERG6_YEAST,1.0,,,,,,1,,,,
O60678,ANM3_HUMAN,1.0,,,,,,1,,,,
P38074,HMT1_YEAST,1.0,,,,,,1,,,,
P43985,CMOA_HAEIN,1.0,,,,,,1,,,,
P42313,YXJB_BACSU,1.0,,,,,,1,,,,
P40389,RRG1_SCHPO,1.0,,,,,,1,,,,
P38961,RRP8_YEAST,1.0,,,,,,1,,,,
P38892,CRG1_YEAST,1.0,,,,,,1,,,,
P38347,EFM2_YEAST,1.0,,,,,,1,,,,
P36999,RLMA_ECOLI,1.0,,,,,,1,,,,
P25397,TEHB_ECOLI,1.0,,,,,,1,,,,
P36566,SMTA_ECOLI,1.0,,,,,,1,,,,
P32783,MCES_YEAST,1.0,,,,,,1,,,,
P32643,TMT1_YEAST,1.0,,,,,,1,,,,
P30866,YAFE_ECOLI,1.0,,,,,,1,,,,
P26026,NODS_BRADU,1.0,,,,,,1,,,,
P25627,BUD23_YEAST,1.0,,,,,,1,,,,
O68972,O68972_SYNP2,1.0,,,,,,1,,,,
O59001,O59001_PYRHO,1.0,,,,,,1,,,,
O14321,ERG6_SCHPO,1.0,,,,,,1,,,,
O28089,O28089_ARCFU,1.0,,,,,,1,,,,
O30190,O30190_ARCFU,1.0,,,,,,1,,,,
O30097,O30097_ARCFU,1.0,,,,,,1,,,,
O29820,O29820_ARCFU,1.0,,,,,,1,,,,
O29738,O29738_ARCFU,1.0,,,,,,1,,,,
O29654,O29654_ARCFU,1.0,,,,,,1,,,,
O29468,O29468_ARCFU,1.0,,,,,,1,,,,
O27904,O27904_METTH,1.0,,,,,,1,,,,
O32029,YRRT_BACSU,1.0,,,,,,1,,,,
O27829,O27829_METTH,1.0,,,,,,1,,,,
O27147,O27147_METTH,1.0,,,,,,1,,,,
O26771,O26771_METTH,1.0,,,,,,1,,,,
O26678,O26678_METTH,1.0,,,,,,1,,,,
O25173,CMOB_HELPY,1.0,,,,,,1,,,,
O25150,CMOA_HELPY,1.0,,,,,,1,,,,
O31474,YCGJ_BACSU,1.0,,,,,,1,,,,
O34614,YTQB_BACSU,1.0,,,,,,1,,,,
O59000,O59000_PYRHO,1.0,,,,,,1,,,,
O58004,O58004_PYRHO,1.0,,,,,,1,,,,
O58959,O58959_PYRHO,1.0,,,,,,1,,,,
O58861,O58861_PYRHO,1.0,,,,,,1,,,,
O58808,O58808_PYRHO,1.0,,,,,,1,,,,
O58280,O58280_PYRHO,1.0,,,,,,1,,,,
O58135,O58135_PYRHO,1.0,,,,,,1,,,,
O58129,O58129_PYRHO,1.0,,,,,,1,,,,
O57965,O57965_PYRHO,1.0,,,,,,1,,,,
O34954,YODH_BACSU,1.0,,,,,,1,,,,
O55060,TPMT_MOUSE,1.0,,,,,,1,,,,
O44410,RRP8_CAEEL,1.0,,,,,,1,,,,
O43709,WBS22_HUMAN,1.0,,,,,,1,,,,
O43159,RRP8_HUMAN,1.0,,,,,,1,,,,
O43148,MCES_HUMAN,1.0,,,,,,1,,,,
O43033,YGU4_SCHPO,1.0,,,,,,1,,,,
Q04I71,Q04I71_STRP2,1.0,,,,,,1,,,,
Q04JH0,Q04JH0_STRP2,1.0,,,,,,1,,,,
C6DW96,C6DW96_MYCTK,1.0,,,,,,1,,,,
Q0KAJ5,Q0KAJ5_CUPNH,1.0,,,,,,1,,,,
Q0KET0,Q0KET0_CUPNH,1.0,,,,,,1,,,,
Q0KEH2,Q0KEH2_CUPNH,1.0,,,,,,1,,,,
Q0KE23,Q0KE23_CUPNH,1.0,,,,,,1,,,,
Q0KD03,Q0KD03_CUPNH,1.0,,,,,,1,,,,
Q0KCK7,Q0KCK7_CUPNH,1.0,,,,,,1,,,,
Q0KCC7,Q0KCC7_CUPNH,1.0,,,,,,1,,,,
Q0K9Y0,Q0K9Y0_CUPNH,1.0,,,,,,1,,,,
Q0KFL5,Q0KFL5_CUPNH,1.0,,,,,,1,,,,
Q0K9K8,Q0K9K8_CUPNH,1.0,,,,,,1,,,,
Q0K8W7,Q0K8W7_CUPNH,1.0,,,,,,1,,,,
Q0K7P3,Q0K7P3_CUPNH,1.0,,,,,,1,,,,
Q0JZ26,Q0JZ26_CUPNH,1.0,,,,,,1,,,,
Q0JK57,Q0JK57_ORYSJ,1.0,,,,,,1,,,,
Q0J2C6,ANM1_ORYSJ,1.0,,,,,,1,,,,
Q0KF57,Q0KF57_CUPNH,1.0,,,,,,1,,,,
Q0P413,Q0P413_DANRE,1.0,,,,,,1,,,,
Q0INJ8,Q0INJ8_ORYSJ,1.0,,,,,,1,,,,
Q0RFQ8,Q0RFQ8_FRAAA,1.0,,,,,,1,,,,
Q0RIG4,Q0RIG4_FRAAA,1.0,,,,,,1,,,,
Q0RI13,Q0RI13_FRAAA,1.0,,,,,,1,,,,
Q0RHW4,Q0RHW4_FRAAA,1.0,,,,,,1,,,,
Q0RGK5,Q0RGK5_FRAAA,1.0,,,,,,1,,,,
Q0RG56,Q0RG56_FRAAA,1.0,,,,,,1,,,,
Q0RFT6,Q0RFT6_FRAAA,1.0,,,,,,1,,,,
Q0RER9,Q0RER9_FRAAA,1.0,,,,,,1,,,,
Q0P9S6,CMOB_CAMJE,1.0,,,,,,1,,,,
Q0RED1,Q0RED1_FRAAA,1.0,,,,,,1,,,,
Q0RD73,Q0RD73_FRAAA,1.0,,,,,,1,,,,
Q0RCE9,Q0RCE9_FRAAA,1.0,,,,,,1,,,,
Q0RAX6,Q0RAX6_FRAAA,1.0,,,,,,1,,,,
Q0RAU7,Q0RAU7_FRAAA,1.0,,,,,,1,,,,
Q0PAS7,CMOA_CAMJE,1.0,,,,,,1,,,,
Q0IYP9,Q0IYP9_ORYSJ,1.0,,,,,,1,,,,
Q0IIW1,Q0IIW1_XENTR,1.0,,,,,,1,,,,
Q0RJ94,Q0RJ94_FRAAA,1.0,,,,,,1,,,,
Q0HR02,Q0HR02_SHESR,1.0,,,,,,1,,,,
Q0HU73,Q0HU73_SHESR,1.0,,,,,,1,,,,
Q0HTZ1,Q0HTZ1_SHESR,1.0,,,,,,1,,,,
Q0HTU2,Q0HTU2_SHESR,1.0,,,,,,1,,,,
Q0HSE0,Q0HSE0_SHESR,1.0,,,,,,1,,,,
Q0HRQ8,Q0HRQ8_SHESR,1.0,,,,,,1,,,,
Q0HR25,TPMT_SHESR,1.0,,,,,,1,,,,
Q0HPQ7,RSMJ_SHESR,1.0,,,,,,1,,,,
Q0HUY4,CMOB_SHESR,1.0,,,,,,1,,,,
Q0HMS9,Q0HMS9_SHESM,1.0,,,,,,1,,,,
Q0HMQ6,TPMT_SHESM,1.0,,,,,,1,,,,
Q0HM27,Q0HM27_SHESM,1.0,,,,,,1,,,,
Q0HK40,Q0HK40_SHESM,1.0,,,,,,1,,,,
Q0HJH0,Q0HJH0_SHESM,1.0,,,,,,1,,,,
Q0HIZ8,CMOB_SHESM,1.0,,,,,,1,,,,
Q0HUI0,Q0HUI0_SHESR,1.0,,,,,,1,,,,
Q0HUY5,CMOA_SHESR,1.0,,,,,,1,,,,
Q0IIB7,Q0IIB7_BOVIN,1.0,,,,,,1,,,,
Q0I7Q5,Q0I7Q5_SYNS3,1.0,,,,,,1,,,,
Q0IG24,Q0IG24_AEDAE,1.0,,,,,,1,,,,
Q0IED7,Q0IED7_AEDAE,1.0,,,,,,1,,,,
Q0ID62,Q0ID62_SYNS3,1.0,,,,,,1,,,,
Q0IB71,Q0IB71_SYNS3,1.0,,,,,,1,,,,
Q0I9U1,Q0I9U1_SYNS3,1.0,,,,,,1,,,,
Q0I8L7,Q0I8L7_SYNS3,1.0,,,,,,1,,,,
Q0I6V0,Q0I6V0_SYNS3,1.0,,,,,,1,,,,
Q0HWE1,Q0HWE1_SHESR,1.0,,,,,,1,,,,
Q0I3S4,CMOA_HISS1,1.0,,,,,,1,,,,
Q0I3Q8,Q0I3Q8_HISS1,1.0,,,,,,1,,,,
Q0I1M1,CMOB_HISS1,1.0,,,,,,1,,,,
Q0I1L6,Q0I1L6_HISS1,1.0,,,,,,1,,,,
Q0I1I8,RSMJ_HISS1,1.0,,,,,,1,,,,
Q0HZF1,Q0HZF1_SHESR,1.0,,,,,,1,,,,
Q0RIQ8,Q0RIQ8_FRAAA,1.0,,,,,,1,,,,
Q0RJG7,Q0RJG7_FRAAA,1.0,,,,,,1,,,,
Q0HI84,Q0HI84_SHESM,1.0,,,,,,1,,,,
Q0SK83,Q0SK83_RHOJR,1.0,,,,,,1,,,,
Q0SWW2,Q0SWW2_CLOPS,1.0,,,,,,1,,,,
Q0SWJ9,Q0SWJ9_CLOPS,1.0,,,,,,1,,,,
Q0STW3,Q0STW3_CLOPS,1.0,,,,,,1,,,,
Q0STT7,Q0STT7_CLOPS,1.0,,,,,,1,,,,
Q0SRS8,Q0SRS8_CLOPS,1.0,,,,,,1,,,,
Q0SKH2,Q0SKH2_RHOJR,1.0,,,,,,1,,,,
Q0SK76,Q0SK76_RHOJR,1.0,,,,,,1,,,,
Q0SZG8,RSMJ_SHIF8,1.0,,,,,,1,,,,
Q0SJJ0,Q0SJJ0_RHOJR,1.0,,,,,,1,,,,
Q0SIR2,Q0SIR2_RHOJR,1.0,,,,,,1,,,,
Q0SI28,Q0SI28_RHOJR,1.0,,,,,,1,,,,
Q0SE39,Q0SE39_RHOJR,1.0,,,,,,1,,,,
Q0SDS6,Q0SDS6_RHOJR,1.0,,,,,,1,,,,
Q0SAX4,Q0SAX4_RHOJR,1.0,,,,,,1,,,,
Q0SWZ4,Q0SWZ4_SHIF8,1.0,,,,,,1,,,,
Q0T310,Q0T310_SHIF8,1.0,,,,,,1,,,,
Q0S9J0,Q0S9J0_RHOJR,1.0,,,,,,1,,,,
Q0T804,Q0T804_SHIF8,1.0,,,,,,1,,,,
Q0TI05,Q0TI05_ECOL5,1.0,,,,,,1,,,,
Q0THY8,Q0THY8_ECOL5,1.0,,,,,,1,,,,
Q0TH11,Q0TH11_ECOL5,1.0,,,,,,1,,,,
Q0TGW2,CMOA_ECOL5,1.0,,,,,,1,,,,
Q0TGW1,CMOB_ECOL5,1.0,,,,,,1,,,,
Q0TBW6,RSMJ_ECOL5,1.0,,,,,,1,,,,
Q0T801,Q0T801_SHIF8,1.0,,,,,,1,,,,
Q0T3Q7,CMOB_SHIF8,1.0,,,,,,1,,,,
Q0T6I3,Q0T6I3_SHIF8,1.0,,,,,,1,,,,
Q0T5K3,Q0T5K3_SHIF8,1.0,,,,,,1,,,,
Q0T516,Q0T516_SHIF8,1.0,,,,,,1,,,,
Q0T426,Q0T426_SHIF8,1.0,,,,,,1,,,,
Q0T404,Q0T404_SHIF8,1.0,,,,,,1,,,,
Q0T3Q8,CMOA_SHIF8,1.0,,,,,,1,,,,
Q0SA09,Q0SA09_RHOJR,1.0,,,,,,1,,,,
Q0S8A3,Q0S8A3_RHOJR,1.0,,,,,,1,,,,
Q0RJG8,Q0RJG8_FRAAA,1.0,,,,,,1,,,,
Q0RP43,Q0RP43_FRAAA,1.0,,,,,,1,,,,
Q0RSD1,Q0RSD1_FRAAA,1.0,,,,,,1,,,,
Q0RS29,Q0RS29_FRAAA,1.0,,,,,,1,,,,
Q0RS01,Q0RS01_FRAAA,1.0,,,,,,1,,,,
Q0RQZ9,Q0RQZ9_FRAAA,1.0,,,,,,1,,,,
Q0RQA4,Q0RQA4_FRAAA,1.0,,,,,,1,,,,
Q0RPS7,Q0RPS7_FRAAA,1.0,,,,,,1,,,,
Q0RP23,Q0RP23_FRAAA,1.0,,,,,,1,,,,
Q0RT48,Q0RT48_FRAAA,1.0,,,,,,1,,,,
Q0RMW9,Q0RMW9_FRAAA,1.0,,,,,,1,,,,
Q0RMW1,Q0RMW1_FRAAA,1.0,,,,,,1,,,,
Q0RMM0,Q0RMM0_FRAAA,1.0,,,,,,1,,,,
Q0RLQ9,Q0RLQ9_FRAAA,1.0,,,,,,1,,,,
Q0RJN4,Q0RJN4_FRAAA,1.0,,,,,,1,,,,
Q0RJM9,Q0RJM9_FRAAA,1.0,,,,,,1,,,,
Q0RSN7,Q0RSN7_FRAAA,1.0,,,,,,1,,,,
Q0RV41,Q0RV41_RHOJR,1.0,,,,,,1,,,,
Q0S6N2,Q0S6N2_RHOJR,1.0,,,,,,1,,,,
Q0S2K6,Q0S2K6_RHOJR,1.0,,,,,,1,,,,
Q0S669,Q0S669_RHOJR,1.0,,,,,,1,,,,
Q0S4L0,Q0S4L0_RHOJR,1.0,,,,,,1,,,,
Q0S4H7,Q0S4H7_RHOJR,1.0,,,,,,1,,,,
Q0S462,Q0S462_RHOJR,1.0,,,,,,1,,,,
Q0S3Y6,Q0S3Y6_RHOJR,1.0,,,,,,1,,,,
Q0S2K7,Q0S2K7_RHOJR,1.0,,,,,,1,,,,
Q0S2K0,Q0S2K0_RHOJR,1.0,,,,,,1,,,,
Q0RVM2,Q0RVM2_RHOJR,1.0,,,,,,1,,,,
Q0S280,Q0S280_RHOJR,1.0,,,,,,1,,,,
Q0S203,Q0S203_RHOJR,1.0,,,,,,1,,,,
Q0S1U8,Q0S1U8_RHOJR,1.0,,,,,,1,,,,
Q0S1U3,Q0S1U3_RHOJR,1.0,,,,,,1,,,,
Q0S0Y6,Q0S0Y6_RHOJR,1.0,,,,,,1,,,,
Q0RY31,Q0RY31_RHOJR,1.0,,,,,,1,,,,
Q0HIZ7,CMOA_SHESM,1.0,,,,,,1,,,,
Q0HHX3,Q0HHX3_SHESM,1.0,,,,,,1,,,,
Q04KV2,Q04KV2_STRP2,1.0,,,,,,1,,,,
Q07SU1,Q07SU1_RHOP5,1.0,,,,,,1,,,,
Q07XD8,TPMT_SHEFN,1.0,,,,,,1,,,,
Q07XB3,Q07XB3_SHEFN,1.0,,,,,,1,,,,
Q07WY4,Q07WY4_SHEFN,1.0,,,,,,1,,,,
Q07WD2,RSMJ_SHEFN,1.0,,,,,,1,,,,
Q07VC3,Q07VC3_RHOP5,1.0,,,,,,1,,,,
Q07VB0,Q07VB0_RHOP5,1.0,,,,,,1,,,,
Q07SL9,Q07SL9_RHOP5,1.0,,,,,,1,,,,
Q081L3,Q081L3_SHEFN,1.0,,,,,,1,,,,
Q07S07,Q07S07_RHOP5,1.0,,,,,,1,,,,
Q07RM0,Q07RM0_RHOP5,1.0,,,,,,1,,,,
Q07RG9,Q07RG9_RHOP5,1.0,,,,,,1,,,,
Q07RG4,Q07RG4_RHOP5,1.0,,,,,,1,,,,
Q07R23,Q07R23_RHOP5,1.0,,,,,,1,,,,
Q07PU4,Q07PU4_RHOP5,1.0,,,,,,1,,,,
Q07YT8,Q07YT8_SHEFN,1.0,,,,,,1,,,,
Q081N2,CMOB_SHEFN,1.0,,,,,,1,,,,
Q07NM2,Q07NM2_RHOP5,1.0,,,,,,1,,,,
Q0A5W4,Q0A5W4_ALKEH,1.0,,,,,,1,,,,
Q0ABE1,Q0ABE1_ALKEH,1.0,,,,,,1,,,,
Q0AAX1,Q0AAX1_ALKEH,1.0,,,,,,1,,,,
Q0A8H3,Q0A8H3_ALKEH,1.0,,,,,,1,,,,
Q0A880,Q0A880_ALKEH,1.0,,,,,,1,,,,
Q0A7D1,Q0A7D1_ALKEH,1.0,,,,,,1,,,,
Q0A6F5,RSMJ_ALKEH,1.0,,,,,,1,,,,
Q0A555,Q0A555_ALKEH,1.0,,,,,,1,,,,
Q081N3,CMOA_SHEFN,1.0,,,,,,1,,,,
Q08DH3,K1456_BOVIN,1.0,,,,,,1,,,,
Q08CI9,Q08CI9_DANRE,1.0,,,,,,1,,,,
Q08A71,ANM6_ARATH,1.0,,,,,,1,,,,
Q084I6,Q084I6_SHEFN,1.0,,,,,,1,,,,
Q083M2,Q083M2_SHEFN,1.0,,,,,,1,,,,
Q081U1,Q081U1_SHEFN,1.0,,,,,,1,,,,
Q07PB2,Q07PB2_RHOP5,1.0,,,,,,1,,,,
Q07MF4,Q07MF4_RHOP5,1.0,,,,,,1,,,,
Q0ACH5,Q0ACH5_ALKEH,1.0,,,,,,1,,,,
Q04RZ7,Q04RZ7_LEPBJ,1.0,,,,,,1,,,,
Q04WX1,Q04WX1_LEPBL,1.0,,,,,,1,,,,
Q04W98,Q04W98_LEPBJ,1.0,,,,,,1,,,,
Q04UF5,Q04UF5_LEPBJ,1.0,,,,,,1,,,,
Q04TN2,Q04TN2_LEPBJ,1.0,,,,,,1,,,,
Q04TN1,Q04TN1_LEPBJ,1.0,,,,,,1,,,,
Q04ST6,Q04ST6_LEPBJ,1.0,,,,,,1,,,,
Q04RK7,Q04RK7_LEPBJ,1.0,,,,,,1,,,,
Q04X61,Q04X61_LEPBL,1.0,,,,,,1,,,,
Q04QU4,Q04QU4_LEPBJ,1.0,,,,,,1,,,,
Q04Q16,Q04Q16_LEPBJ,1.0,,,,,,1,,,,
Q04PJ7,Q04PJ7_LEPBJ,1.0,,,,,,1,,,,
Q04NP4,Q04NP4_LEPBJ,1.0,,,,,,1,,,,
Q04NN7,Q04NN7_LEPBJ,1.0,,,,,,1,,,,
Q04LN2,Q04LN2_STRP2,1.0,,,,,,1,,,,
Q04WX7,Q04WX7_LEPBL,1.0,,,,,,1,,,,
Q050W0,Q050W0_LEPBL,1.0,,,,,,1,,,,
Q07M63,Q07M63_RHOP5,1.0,,,,,,1,,,,
Q06668,OMS1_YEAST,1.0,,,,,,1,,,,
Q07IR7,Q07IR7_RHOP5,1.0,,,,,,1,,,,
Q07IQ4,Q07IQ4_RHOP5,1.0,,,,,,1,,,,
Q07IH1,Q07IH1_RHOP5,1.0,,,,,,1,,,,
Q07I61,Q07I61_RHOP5,1.0,,,,,,1,,,,
Q07I08,Q07I08_RHOP5,1.0,,,,,,1,,,,
Q07758,NODS_AZOC5,1.0,,,,,,1,,,,
Q05HF2,Q05HF2_UNCMA,1.0,,,,,,1,,,,
Q052B4,Q052B4_LEPBL,1.0,,,,,,1,,,,
Q05AJ2,Q05AJ2_DANRE,1.0,,,,,,1,,,,
Q055S8,Q055S8_LEPBL,1.0,,,,,,1,,,,
Q054W7,Q054W7_LEPBL,1.0,,,,,,1,,,,
Q053T4,Q053T4_LEPBL,1.0,,,,,,1,,,,
Q052Y3,Q052Y3_LEPBL,1.0,,,,,,1,,,,
Q052R3,Q052R3_LEPBL,1.0,,,,,,1,,,,
Q0ABU5,Q0ABU5_ALKEH,1.0,,,,,,1,,,,
Q0ADU3,TPMT_NITEC,1.0,,,,,,1,,,,
Q0HHN9,Q0HHN9_SHESM,1.0,,,,,,1,,,,
Q0BPU4,Q0BPU4_GRABC,1.0,,,,,,1,,,,
Q0BV11,Q0BV11_GRABC,1.0,,,,,,1,,,,
Q0BV00,Q0BV00_GRABC,1.0,,,,,,1,,,,
Q0BUL1,Q0BUL1_GRABC,1.0,,,,,,1,,,,
Q0BUJ7,Q0BUJ7_GRABC,1.0,,,,,,1,,,,
Q0BU61,Q0BU61_GRABC,1.0,,,,,,1,,,,
Q0BR62,Q0BR62_GRABC,1.0,,,,,,1,,,,
Q0BP94,Q0BP94_FRATO,1.0,,,,,,1,,,,
Q0BVV2,Q0BVV2_GRABC,1.0,,,,,,1,,,,
Q0BNN3,RSMJ_FRATO,1.0,,,,,,1,,,,
Q0BND6,Q0BND6_FRATO,1.0,,,,,,1,,,,
Q0BIR2,Q0BIR2_BURCM,1.0,,,,,,1,,,,
Q0BHR6,Q0BHR6_BURCM,1.0,,,,,,1,,,,
Q0BHQ7,Q0BHQ7_BURCM,1.0,,,,,,1,,,,
Q0BGK2,Q0BGK2_BURCM,1.0,,,,,,1,,,,
Q0BVF5,Q0BVF5_GRABC,1.0,,,,,,1,,,,
Q0BVW1,Q0BVW1_GRABC,1.0,,,,,,1,,,,
Q0BF90,Q0BF90_BURCM,1.0,,,,,,1,,,,
Q0C5E9,Q0C5E9_HYPNA,1.0,,,,,,1,,,,
Q0HHI8,Q0HHI8_SHESM,1.0,,,,,,1,,,,
Q0HG47,Q0HG47_SHESM,1.0,,,,,,1,,,,
Q0HEK2,Q0HEK2_SHESM,1.0,,,,,,1,,,,
Q0HDH6,RSMJ_SHESM,1.0,,,,,,1,,,,
Q0DZX1,Q0DZX1_ORYSJ,1.0,,,,,,1,,,,
Q0DGU2,Q0DGU2_ORYSJ,1.0,,,,,,1,,,,
Q0C4X7,Q0C4X7_HYPNA,1.0,,,,,,1,,,,
Q0BWR3,Q0BWR3_HYPNA,1.0,,,,,,1,,,,
Q0C418,Q0C418_HYPNA,1.0,,,,,,1,,,,
Q0C3Z5,Q0C3Z5_HYPNA,1.0,,,,,,1,,,,
Q0C3P5,Q0C3P5_HYPNA,1.0,,,,,,1,,,,
Q0C0P9,Q0C0P9_HYPNA,1.0,,,,,,1,,,,
Q0C0E2,Q0C0E2_HYPNA,1.0,,,,,,1,,,,
Q0BXE7,Q0BXE7_HYPNA,1.0,,,,,,1,,,,
Q0BGB2,Q0BGB2_BURCM,1.0,,,,,,1,,,,
Q0BDT4,Q0BDT4_BURCM,1.0,,,,,,1,,,,
Q0AE33,Q0AE33_NITEC,1.0,,,,,,1,,,,
Q0AJW8,Q0AJW8_NITEC,1.0,,,,,,1,,,,
Q0AN38,Q0AN38_MARMM,1.0,,,,,,1,,,,
Q0AMU4,Q0AMU4_MARMM,1.0,,,,,,1,,,,
Q0AMM8,Q0AMM8_MARMM,1.0,,,,,,1,,,,
Q0AMD6,Q0AMD6_MARMM,1.0,,,,,,1,,,,
Q0AM21,Q0AM21_MARMM,1.0,,,,,,1,,,,
Q0ALK5,Q0ALK5_MARMM,1.0,,,,,,1,,,,
Q0AIM4,Q0AIM4_NITEC,1.0,,,,,,1,,,,
Q0API4,Q0API4_MARMM,1.0,,,,,,1,,,,
Q0AI78,Q0AI78_NITEC,1.0,,,,,,1,,,,
Q0AH70,Q0AH70_NITEC,1.0,,,,,,1,,,,
Q0AH68,Q0AH68_NITEC,1.0,,,,,,1,,,,
Q0AH66,Q0AH66_NITEC,1.0,,,,,,1,,,,
Q0AE75,Q0AE75_NITEC,1.0,,,,,,1,,,,
Q0AE68,Q0AE68_NITEC,1.0,,,,,,1,,,,
Q0AN90,Q0AN90_MARMM,1.0,,,,,,1,,,,
Q0AQ10,Q0AQ10_MARMM,1.0,,,,,,1,,,,
Q0BCU7,Q0BCU7_BURCM,1.0,,,,,,1,,,,
Q0B4E1,Q0B4E1_BURCM,1.0,,,,,,1,,,,
Q0BBY8,Q0BBY8_BURCM,1.0,,,,,,1,,,,
Q0BBL3,Q0BBL3_BURCM,1.0,,,,,,1,,,,
Q0BAW2,Q0BAW2_BURCM,1.0,,,,,,1,,,,
Q0B9Q7,Q0B9Q7_BURCM,1.0,,,,,,1,,,,
Q0B9K4,Q0B9K4_BURCM,1.0,,,,,,1,,,,
Q0B5A0,Q0B5A0_BURCM,1.0,,,,,,1,,,,
Q0B405,Q0B405_BURCM,1.0,,,,,,1,,,,
Q0AQB1,Q0AQB1_MARMM,1.0,,,,,,1,,,,
Q0B2E5,Q0B2E5_BURCM,1.0,,,,,,1,,,,
Q0AYB1,Q0AYB1_SYNWW,1.0,,,,,,1,,,,
Q0AXM9,Q0AXM9_SYNWW,1.0,,,,,,1,,,,
Q0AX81,Q0AX81_SYNWW,1.0,,,,,,1,,,,
Q0AWD4,Q0AWD4_SYNWW,1.0,,,,,,1,,,,
Q0AWC0,Q0AWC0_SYNWW,1.0,,,,,,1,,,,
E1G8I5,E1G8I5_LOALO,1.0,1,,,,,,,,,
D8UJS0,D8UJS0_VOLCA,1.0,1,,,,,,,,,
D8SAF0,D8SAF0_SELML,1.0,1,,,,,,,,,
C7M1U3,C7M1U3_ACIFD,1.0,,,,,,1,,,,
C7M8A5,C7M8A5_CAPOD,1.0,,,,,,1,,,,
C7M812,C7M812_CAPOD,1.0,,,,,,1,,,,
C7M7W2,C7M7W2_CAPOD,1.0,,,,,,1,,,,
C7M548,C7M548_CAPOD,1.0,,,,,,1,,,,
C7M4Q1,C7M4Q1_CAPOD,1.0,,,,,,1,,,,
C7M2J2,C7M2J2_ACIFD,1.0,,,,,,1,,,,
C7M1M9,C7M1M9_ACIFD,1.0,,,,,,1,,,,
C7M8U3,C7M8U3_CAPOD,1.0,,,,,,1,,,,
C7LZE2,C7LZE2_ACIFD,1.0,,,,,,1,,,,
C7LX55,C7LX55_DESBD,1.0,,,,,,1,,,,
C7LWX6,C7LWX6_DESBD,1.0,,,,,,1,,,,
C7LWS9,C7LWS9_DESBD,1.0,,,,,,1,,,,
C7LT27,C7LT27_DESBD,1.0,,,,,,1,,,,
C7LRG0,C7LRG0_DESBD,1.0,,,,,,1,,,,
C7M8S7,C7M8S7_CAPOD,1.0,,,,,,1,,,,
C7M9U1,C7M9U1_BRAFD,1.0,,,,,,1,,,,
C7LPH9,C7LPH9_DESBD,1.0,,,,,,1,,,,
C7MH47,C7MH47_BRAFD,1.0,,,,,,1,,,,
C7MRV0,C7MRV0_SACVD,1.0,,,,,,1,,,,
C7MPP0,C7MPP0_SACVD,1.0,,,,,,1,,,,
C7MNY4,C7MNY4_CRYCD,1.0,,,,,,1,,,,
C7MMN1,C7MMN1_CRYCD,1.0,,,,,,1,,,,
C7ML98,C7ML98_CRYCD,1.0,,,,,,1,,,,
C7MH99,C7MH99_BRAFD,1.0,,,,,,1,,,,
C7MFZ7,C7MFZ7_BRAFD,1.0,,,,,,1,,,,
C7MAL1,C7MAL1_BRAFD,1.0,,,,,,1,,,,
C7MF76,C7MF76_BRAFD,1.0,,,,,,1,,,,
C7MBT5,C7MBT5_BRAFD,1.0,,,,,,1,,,,
C7MB99,C7MB99_BRAFD,1.0,,,,,,1,,,,
C7MB22,C7MB22_BRAFD,1.0,,,,,,1,,,,
C7MAT2,C7MAT2_BRAFD,1.0,,,,,,1,,,,
C7MAP0,C7MAP0_BRAFD,1.0,,,,,,1,,,,
C7LQV2,C7LQV2_DESBD,1.0,,,,,,1,,,,
C7LP42,C7LP42_DESBD,1.0,,,,,,1,,,,
C7MSV0,C7MSV0_SACVD,1.0,,,,,,1,,,,
C7C6U8,C7C6U8_METED,1.0,,,,,,1,,,,
C7CDH4,C7CDH4_METED,1.0,,,,,,1,,,,
C7CD80,C7CD80_METED,1.0,,,,,,1,,,,
C7CAQ9,C7CAQ9_METED,1.0,,,,,,1,,,,
C7CA46,C7CA46_METED,1.0,,,,,,1,,,,
C7C9D4,C7C9D4_METED,1.0,,,,,,1,,,,
C7C716,C7C716_METED,1.0,,,,,,1,,,,
C7C6P6,C7C6P6_METED,1.0,,,,,,1,,,,
C7CGY8,C7CGY8_METED,1.0,,,,,,1,,,,
C7C1J7,C7C1J7_PIG,1.0,,,,,,1,,,,
C7C0F9,C7C0F9_HELPB,1.0,,,,,,1,,,,
C7BXE9,C7BXE9_HELPB,1.0,,,,,,1,,,,
C7BXD1,C7BXD1_HELPB,1.0,,,,,,1,,,,
C6Y227,C6Y227_PEDHD,1.0,,,,,,1,,,,
C6Y0U3,C6Y0U3_PEDHD,1.0,,,,,,1,,,,
C7CGK8,C7CGK8_METED,1.0,,,,,,1,,,,
C7CH00,C7CH00_METED,1.0,,,,,,1,,,,
C7LNZ3,C7LNZ3_DESBD,1.0,,,,,,1,,,,
C7JH71,C7JH71_ACEP3,1.0,,,,,,1,,,,
C7LHT0,C7LHT0_BRUMC,1.0,,,,,,1,,,,
C7LFH0,C7LFH0_BRUMC,1.0,,,,,,1,,,,
C7LEL5,C7LEL5_BRUMC,1.0,,,,,,1,,,,
C7LEA6,C7LEA6_BRUMC,1.0,,,,,,1,,,,
C7LC83,C7LC83_BRUMC,1.0,,,,,,1,,,,
C7JHY1,C7JHY1_ACEP3,1.0,,,,,,1,,,,
C7JGQ9,C7JGQ9_ACEP3,1.0,,,,,,1,,,,
C7CI15,C7CI15_METED,1.0,,,,,,1,,,,
C7JGN3,C7JGN3_ACEP3,1.0,,,,,,1,,,,
C7JEU3,C7JEU3_ACEP3,1.0,,,,,,1,,,,
C7JDZ3,C7JDZ3_ACEP3,1.0,,,,,,1,,,,
C7JBR9,C7JBR9_ACEP3,1.0,,,,,,1,,,,
C7CMB3,C7CMB3_METED,1.0,,,,,,1,,,,
C7CJK4,C7CJK4_METED,1.0,,,,,,1,,,,
C7MRV2,C7MRV2_SACVD,1.0,,,,,,1,,,,
C7MUL3,C7MUL3_SACVD,1.0,,,,,,1,,,,
C6XY61,C6XY61_PEDHD,1.0,,,,,,1,,,,
C7P6M3,C7P6M3_METFA,1.0,,,,,,1,,,,
C7PAH0,C7PAH0_CHIPD,1.0,,,,,,1,,,,
C7PA21,C7PA21_CHIPD,1.0,,,,,,1,,,,
C7P8X8,C7P8X8_METFA,1.0,,,,,,1,,,,
C7P708,C7P708_METFA,1.0,,,,,,1,,,,
C7P6S0,C7P6S0_METFA,1.0,,,,,,1,,,,
C7P6P9,C7P6P9_METFA,1.0,,,,,,1,,,,
C7P6J4,C7P6J4_METFA,1.0,,,,,,1,,,,
C7PAY6,C7PAY6_CHIPD,1.0,,,,,,1,,,,
C7P6F1,C7P6F1_METFA,1.0,,,,,,1,,,,
C7P6A4,C7P6A4_METFA,1.0,,,,,,1,,,,
C7P523,C7P523_HALMD,1.0,,,,,,1,,,,
C7P3A6,C7P3A6_HALMD,1.0,,,,,,1,,,,
C7P2S3,C7P2S3_HALMD,1.0,,,,,,1,,,,
C7P2J4,C7P2J4_HALMD,1.0,,,,,,1,,,,
C7PAX3,C7PAX3_CHIPD,1.0,,,,,,1,,,,
C7PC96,C7PC96_CHIPD,1.0,,,,,,1,,,,
C7P0P3,C7P0P3_HALMD,1.0,,,,,,1,,,,
C7PT76,C7PT76_CHIPD,1.0,,,,,,1,,,,
C7Q6F0,C7Q6F0_CATAD,1.0,,,,,,1,,,,
C7Q3F3,C7Q3F3_CATAD,1.0,,,,,,1,,,,
C7Q0I2,C7Q0I2_CATAD,1.0,,,,,,1,,,,
C7PXY5,C7PXY5_CATAD,1.0,,,,,,1,,,,
C7PXU9,C7PXU9_CATAD,1.0,,,,,,1,,,,
C7PWS1,C7PWS1_CATAD,1.0,,,,,,1,,,,
C7PQ78,C7PQ78_CHIPD,1.0,,,,,,1,,,,
C7PD98,C7PD98_CHIPD,1.0,,,,,,1,,,,
C7PQ15,C7PQ15_CHIPD,1.0,,,,,,1,,,,
C7PHS0,C7PHS0_CHIPD,1.0,,,,,,1,,,,
C7PGL9,C7PGL9_CHIPD,1.0,,,,,,1,,,,
C7PFB7,C7PFB7_CHIPD,1.0,,,,,,1,,,,
C7PF48,C7PF48_CHIPD,1.0,,,,,,1,,,,
C7PF43,C7PF43_CHIPD,1.0,,,,,,1,,,,
C7P224,C7P224_HALMD,1.0,,,,,,1,,,,
C7NYY3,C7NYY3_HALMD,1.0,,,,,,1,,,,
C7MW40,C7MW40_SACVD,1.0,,,,,,1,,,,
C7N1E8,C7N1E8_SLAHD,1.0,,,,,,1,,,,
C7NBP5,C7NBP5_LEPBD,1.0,,,,,,1,,,,
C7N8X5,C7N8X5_LEPBD,1.0,,,,,,1,,,,
C7N8N6,C7N8N6_LEPBD,1.0,,,,,,1,,,,
C7N763,C7N763_SLAHD,1.0,,,,,,1,,,,
C7N330,C7N330_SLAHD,1.0,,,,,,1,,,,
C7N266,C7N266_SLAHD,1.0,,,,,,1,,,,
C7N049,C7N049_SACVD,1.0,,,,,,1,,,,
C7NCX7,C7NCX7_LEPBD,1.0,,,,,,1,,,,
C7MYL7,C7MYL7_SACVD,1.0,,,,,,1,,,,
C7MY79,C7MY79_SACVD,1.0,,,,,,1,,,,
C7MX50,C7MX50_SACVD,1.0,,,,,,1,,,,
C7MWR9,C7MWR9_SACVD,1.0,,,,,,1,,,,
C7MW57,C7MW57_SACVD,1.0,,,,,,1,,,,
C7MW56,C7MW56_SACVD,1.0,,,,,,1,,,,
C7NBU1,C7NBU1_LEPBD,1.0,,,,,,1,,,,
C7NCX8,C7NCX8_LEPBD,1.0,,,,,,1,,,,
C7NWH8,C7NWH8_HALMD,1.0,,,,,,1,,,,
C7NNT1,C7NNT1_HALUD,1.0,,,,,,1,,,,
C7NW76,C7NW76_HALMD,1.0,,,,,,1,,,,
C7NVQ9,C7NVQ9_HALMD,1.0,,,,,,1,,,,
C7NS17,C7NS17_HALUD,1.0,,,,,,1,,,,
C7NRW1,C7NRW1_HALUD,1.0,,,,,,1,,,,
C7NQF1,C7NQF1_HALUD,1.0,,,,,,1,,,,
C7NPZ6,C7NPZ6_HALUD,1.0,,,,,,1,,,,
C7NMZ6,C7NMZ6_HALUD,1.0,,,,,,1,,,,
C7NFY3,C7NFY3_KYTSD,1.0,,,,,,1,,,,
C7NMD0,C7NMD0_HALUD,1.0,,,,,,1,,,,
C7NMB4,C7NMB4_HALUD,1.0,,,,,,1,,,,
C7NM37,C7NM37_KYTSD,1.0,,,,,,1,,,,
C7NM23,C7NM23_KYTSD,1.0,,,,,,1,,,,
C7NJ07,C7NJ07_KYTSD,1.0,,,,,,1,,,,
C7NHV1,C7NHV1_KYTSD,1.0,,,,,,1,,,,
C6XZC0,C6XZC0_PEDHD,1.0,,,,,,1,,,,
C6XVL2,C6XVL2_PEDHD,1.0,,,,,,1,,,,
D8SAE9,D8SAE9_SELML,1.0,1,,,,,,,,,
C6S7D8,C6S7D8_NEIML,1.0,,,,,,1,,,,
C6UAT5,C6UAT5_ECOBR,1.0,,,,,,1,,,,
C6TE59,C6TE59_SOYBN,1.0,1,,,,,,,,,
C6S928,C6S928_NEIML,1.0,,,,,,1,,,,
C6S8J0,C6S8J0_NEIML,1.0,,,,,,1,,,,
C6S873,C6S873_NEIML,1.0,,,,,,1,,,,
C6S863,C6S863_NEIML,1.0,,,,,,1,,,,
C6S7B4,C6S7B4_NEIML,1.0,,,,,,1,,,,
C6UDU0,C6UDU0_ECOBR,1.0,,,,,,1,,,,
C6S6K9,C6S6K9_NEIML,1.0,,,,,,1,,,,
C6S616,C6S616_NEIML,1.0,,,,,,1,,,,
C6GWX1,C6GWX1_STRS4,1.0,,,,,,1,,,,
C6GVS0,C6GVS0_STRS4,1.0,,,,,,1,,,,
C6GVF1,C6GVF1_STRS4,1.0,,,,,,1,,,,
C6GUZ5,C6GUZ5_STRS4,1.0,,,,,,1,,,,
C6UAT8,C6UAT8_ECOBR,1.0,,,,,,1,,,,
C6UEQ6,C6UEQ6_ECOBR,1.0,,,,,,1,,,,
C6GTG5,C6GTG5_STRS4,1.0,,,,,,1,,,,
C6UTK9,C6UTK9_ECO5T,1.0,,,,,,1,,,,
C6UX83,C6UX83_ECO5T,1.0,,,,,,1,,,,
C6UWW0,C6UWW0_ECO5T,1.0,,,,,,1,,,,
C6UWV7,C6UWV7_ECO5T,1.0,,,,,,1,,,,
C6UWJ6,C6UWJ6_ECO5T,1.0,,,,,,1,,,,
C6UWF2,C6UWF2_ECO5T,1.0,,,,,,1,,,,
C6UU15,C6UU15_ECO5T,1.0,,,,,,1,,,,
C6URY4,C6URY4_ECO5T,1.0,,,,,,1,,,,
C6UGM4,C6UGM4_ECOBR,1.0,,,,,,1,,,,
C6UNI6,C6UNI6_ECO5T,1.0,,,,,,1,,,,
C6UJW1,C6UJW1_ECOBR,1.0,,,,,,1,,,,
C6UJW0,C6UJW0_ECOBR,1.0,,,,,,1,,,,
C6UJD7,C6UJD7_ECOBR,1.0,,,,,,1,,,,
C6UH57,C6UH57_ECOBR,1.0,,,,,,1,,,,
C6UH35,C6UH35_ECOBR,1.0,,,,,,1,,,,
C6GUP9,C6GUP9_STRS4,1.0,,,,,,1,,,,
C6GT26,C6GT26_STRS4,1.0,,,,,,1,,,,
C6UXD3,C6UXD3_ECO5T,1.0,,,,,,1,,,,
C6E229,CMOB_GEOSM,1.0,,,,,,1,,,,
C6E9A6,C6E9A6_GEOSM,1.0,,,,,,1,,,,
C6E8J2,C6E8J2_GEOSM,1.0,,,,,,1,,,,
C6E7I0,C6E7I0_GEOSM,1.0,,,,,,1,,,,
C6E729,C6E729_GEOSM,1.0,,,,,,1,,,,
C6E5C8,C6E5C8_GEOSM,1.0,,,,,,1,,,,
C6E4U7,C6E4U7_GEOSM,1.0,,,,,,1,,,,
C6E228,CMOA_GEOSM,1.0,,,,,,1,,,,
C6E9I9,C6E9I9_GEOSM,1.0,,,,,,1,,,,
C6E1N5,C6E1N5_GEOSM,1.0,,,,,,1,,,,
C6E1I3,C6E1I3_GEOSM,1.0,,,,,,1,,,,
C6E027,C6E027_GEOSM,1.0,,,,,,1,,,,
C6DWQ6,C6DWQ6_MYCTK,1.0,,,,,,1,,,,
C6DWA0,C6DWA0_MYCTK,1.0,,,,,,1,,,,
C6DW97,C6DW97_MYCTK,1.0,,,,,,1,,,,
C6E9I8,C6E9I8_GEOSM,1.0,,,,,,1,,,,
C6EA77,C6EA77_ECOBD,1.0,,,,,,1,,,,
C6GRN3,C6GRN3_STRSX,1.0,,,,,,1,,,,
C6EJ05,C6EJ05_ECOBD,1.0,,,,,,1,,,,
C6GQ18,C6GQ18_STRSX,1.0,,,,,,1,,,,
C6GPK0,C6GPK0_STRSX,1.0,,,,,,1,,,,
C6GNZ1,C6GNZ1_STRSX,1.0,,,,,,1,,,,
C6GNY4,C6GNY4_STRSX,1.0,,,,,,1,,,,
C6GNM3,C6GNM3_STRSX,1.0,,,,,,1,,,,
C6GML4,C6GML4_STRSX,1.0,,,,,,1,,,,
C6EI61,C6EI61_ECOBD,1.0,,,,,,1,,,,
C6EA80,C6EA80_ECOBD,1.0,,,,,,1,,,,
C6EEV3,C6EEV3_ECOBD,1.0,,,,,,1,,,,
C6EET3,C6EET3_ECOBD,1.0,,,,,,1,,,,
C6EEI8,C6EEI8_ECOBD,1.0,,,,,,1,,,,
C6EC08,C6EC08_ECOBD,1.0,,,,,,1,,,,
C6EBV7,C6EBV7_ECOBD,1.0,,,,,,1,,,,
C6EBV6,C6EBV6_ECOBD,1.0,,,,,,1,,,,
C6UXD2,C6UXD2_ECO5T,1.0,,,,,,1,,,,
C6V2D6,C6V2D6_ECO5T,1.0,,,,,,1,,,,
C6XTU7,C6XTU7_PEDHD,1.0,,,,,,1,,,,
C6WSZ5,C6WSZ5_METML,1.0,,,,,,1,,,,
C6X0X2,C6X0X2_FLAB3,1.0,,,,,,1,,,,
C6WYG9,C6WYG9_METML,1.0,,,,,,1,,,,
C6WWB3,C6WWB3_METML,1.0,,,,,,1,,,,
C6WW36,C6WW36_METML,1.0,,,,,,1,,,,
C6WU86,C6WU86_METML,1.0,,,,,,1,,,,
C6WT85,C6WT85_METML,1.0,,,,,,1,,,,
C6WQV6,C6WQV6_ACTMD,1.0,,,,,,1,,,,
C6X732,C6X732_METGS,1.0,,,,,,1,,,,
C6WQ91,C6WQ91_ACTMD,1.0,,,,,,1,,,,
C6WPY0,C6WPY0_ACTMD,1.0,,,,,,1,,,,
C6WMS8,C6WMS8_ACTMD,1.0,,,,,,1,,,,
C6WMH6,C6WMH6_ACTMD,1.0,,,,,,1,,,,
C6WK18,C6WK18_ACTMD,1.0,,,,,,1,,,,
C6WJL1,C6WJL1_ACTMD,1.0,,,,,,1,,,,
C6X112,C6X112_FLAB3,1.0,,,,,,1,,,,
C6X9J5,C6X9J5_METGS,1.0,,,,,,1,,,,
C6WGI1,C6WGI1_ACTMD,1.0,,,,,,1,,,,
C6XMD0,C6XMD0_HIRBI,1.0,,,,,,1,,,,
C6XT64,C6XT64_PEDHD,1.0,,,,,,1,,,,
C6XPX5,C6XPX5_HIRBI,1.0,,,,,,1,,,,
C6XNK8,C6XNK8_HIRBI,1.0,,,,,,1,,,,
C6XN91,C6XN91_HIRBI,1.0,,,,,,1,,,,
C6XMW7,C6XMW7_HIRBI,1.0,,,,,,1,,,,
C6XMR4,C6XMR4_HIRBI,1.0,,,,,,1,,,,
C6XJ90,C6XJ90_HIRBI,1.0,,,,,,1,,,,
C6XAZ1,C6XAZ1_METGS,1.0,,,,,,1,,,,
C6XHQ2,C6XHQ2_LIBAP,1.0,,,,,,1,,,,
C6XFA2,C6XFA2_LIBAP,1.0,,,,,,1,,,,
C6XDS0,C6XDS0_METGS,1.0,,,,,,1,,,,
C6XDB9,C6XDB9_METGS,1.0,,,,,,1,,,,
C6XCP4,C6XCP4_METGS,1.0,,,,,,1,,,,
C6XBW8,C6XBW8_METGS,1.0,,,,,,1,,,,
C6WH21,C6WH21_ACTMD,1.0,,,,,,1,,,,
C6WGA7,C6WGA7_ACTMD,1.0,,,,,,1,,,,
C6V598,BIOC_NEORI,1.0,,,,,,1,,,,
C6VSN1,C6VSN1_DYAFD,1.0,,,,,,1,,,,
C6W1N3,C6W1N3_DYAFD,1.0,,,,,,1,,,,
C6W1E7,C6W1E7_DYAFD,1.0,,,,,,1,,,,
C6VZ71,C6VZ71_DYAFD,1.0,,,,,,1,,,,
C6VY81,C6VY81_DYAFD,1.0,,,,,,1,,,,
C6VWH6,C6VWH6_DYAFD,1.0,,,,,,1,,,,
C6VTB9,C6VTB9_DYAFD,1.0,,,,,,1,,,,
C6VRY2,C6VRY2_DYAFD,1.0,,,,,,1,,,,
C6W5Q5,C6W5Q5_DYAFD,1.0,,,,,,1,,,,
C6VRC4,C6VRC4_LACPJ,1.0,,,,,,1,,,,
C6VR13,C6VR13_LACPJ,1.0,,,,,,1,,,,
C6VR12,C6VR12_LACPJ,1.0,,,,,,1,,,,
C6VPQ8,C6VPQ8_LACPJ,1.0,,,,,,1,,,,
C6VP82,C6VP82_LACPJ,1.0,,,,,,1,,,,
C6V5F4,C6V5F4_NEORI,1.0,,,,,,1,,,,
C6W5Q1,C6W5Q1_DYAFD,1.0,,,,,,1,,,,
C6W6I9,C6W6I9_DYAFD,1.0,,,,,,1,,,,
C6WGA6,C6WGA6_ACTMD,1.0,,,,,,1,,,,
C6WEI4,C6WEI4_ACTMD,1.0,,,,,,1,,,,
C6WG99,C6WG99_ACTMD,1.0,,,,,,1,,,,
C6WFZ7,C6WFZ7_ACTMD,1.0,,,,,,1,,,,
C6WFI7,C6WFI7_ACTMD,1.0,,,,,,1,,,,
C6WF67,C6WF67_ACTMD,1.0,,,,,,1,,,,
C6WEK3,C6WEK3_ACTMD,1.0,,,,,,1,,,,
C6WEJ0,C6WEJ0_ACTMD,1.0,,,,,,1,,,,
C6WDN7,C6WDN7_ACTMD,1.0,,,,,,1,,,,
C6W7X4,C6W7X4_ACTMD,1.0,,,,,,1,,,,
C6WBV2,C6WBV2_ACTMD,1.0,,,,,,1,,,,
C6WB50,C6WB50_ACTMD,1.0,,,,,,1,,,,
C6W8T2,C6W8T2_ACTMD,1.0,,,,,,1,,,,
C6W8T1,C6W8T1_ACTMD,1.0,,,,,,1,,,,
C6W8L6,C6W8L6_ACTMD,1.0,,,,,,1,,,,
C6W828,C6W828_ACTMD,1.0,,,,,,1,,,,
C7Q776,C7Q776_CATAD,1.0,,,,,,1,,,,
C7Q7Q2,C7Q7Q2_CATAD,1.0,,,,,,1,,,,
C7Q8T6,C7Q8T6_CATAD,1.0,,,,,,1,,,,
C9YR61,C9YR61_PEPDR,1.0,,,,,,1,,,,
D0IZH3,D0IZH3_COMT2,1.0,,,,,,1,,,,
D0IXF0,D0IXF0_COMT2,1.0,,,,,,1,,,,
D0IXA3,D0IXA3_COMT2,1.0,,,,,,1,,,,
D0B9B5,D0B9B5_BRUME,1.0,,,,,,1,,,,
D0B6N6,D0B6N6_BRUME,1.0,,,,,,1,,,,
D0B3N2,D0B3N2_BRUME,1.0,,,,,,1,,,,
C9YMZ7,C9YMZ7_PEPDR,1.0,,,,,,1,,,,
D0J5A8,D0J5A8_COMT2,1.0,,,,,,1,,,,
C9YMS7,C9YMS7_PEPDR,1.0,,,,,,1,,,,
C9YMK4,C9YMK4_PEPDR,1.0,,,,,,1,,,,
C9YM51,C9YM51_PEPDR,1.0,,,,,,1,,,,
C9YIF9,C9YIF9_PEPDR,1.0,,,,,,1,,,,
C9XRG8,C9XRG8_PEPDC,1.0,,,,,,1,,,,
C9XR35,C9XR35_PEPDC,1.0,,,,,,1,,,,
D0J2E0,D0J2E0_COMT2,1.0,,,,,,1,,,,
D0J6H1,D0J6H1_COMT2,1.0,,,,,,1,,,,
C9XJR4,C9XJR4_PEPDC,1.0,,,,,,1,,,,
D0KCT4,D0KCT4_PECWW,1.0,,,,,,1,,,,
D0KGN8,D0KGN8_PECWW,1.0,,,,,,1,,,,
D0KGA9,D0KGA9_PECWW,1.0,,,,,,1,,,,
D0KEI0,D0KEI0_PECWW,1.0,,,,,,1,,,,
D0KEE3,D0KEE3_PECWW,1.0,,,,,,1,,,,
D0KE61,D0KE61_PECWW,1.0,,,,,,1,,,,
D0KDY4,D0KDY4_PECWW,1.0,,,,,,1,,,,
D0KBW8,D0KBW8_PECWW,1.0,,,,,,1,,,,
D0K5H1,D0K5H1_STAAD,1.0,,,,,,1,,,,
D0KBW7,D0KBW7_PECWW,1.0,,,,,,1,,,,
D0KBS5,D0KBS5_PECWW,1.0,,,,,,1,,,,
D0KAZ2,D0KAZ2_PECWW,1.0,,,,,,1,,,,
D0K942,D0K942_STAAD,1.0,,,,,,1,,,,
D0K822,D0K822_STAAD,1.0,,,,,,1,,,,
D0K602,D0K602_STAAD,1.0,,,,,,1,,,,
C9XK69,C9XK69_PEPDC,1.0,,,,,,1,,,,
C9XJJ4,C9XJJ4_PEPDC,1.0,,,,,,1,,,,
D0KIL4,D0KIL4_PECWW,1.0,,,,,,1,,,,
C9R481,C9R481_AGGAD,1.0,,,,,,1,,,,
C9R9L7,C9R9L7_AMMDK,1.0,,,,,,1,,,,
C9R8S5,C9R8S5_AMMDK,1.0,,,,,,1,,,,
C9R727,C9R727_AGGAD,1.0,,,,,,1,,,,
C9R6V7,C9R6V7_AGGAD,1.0,,,,,,1,,,,
C9R693,C9R693_AGGAD,1.0,,,,,,1,,,,
C9R5X8,C9R5X8_AGGAD,1.0,,,,,,1,,,,
C9R415,C9R415_AGGAD,1.0,,,,,,1,,,,
C9REH3,C9REH3_METVM,1.0,,,,,,1,,,,
C9R3A5,C9R3A5_AGGAD,1.0,,,,,,1,,,,
C9R1Z4,C9R1Z4_AGGAD,1.0,,,,,,1,,,,
C9JQN2,C9JQN2_HUMAN,1.0,,1,,,,,,,,
C8XKJ8,C8XKJ8_NAKMY,1.0,,,,,,1,,,,
C8XKI1,C8XKI1_NAKMY,1.0,,,,,,1,,,,
C8XJJ2,C8XJJ2_NAKMY,1.0,,,,,,1,,,,
C9R9M4,C9R9M4_AMMDK,1.0,,,,,,1,,,,
C9REV0,C9REV0_METVM,1.0,,,,,,1,,,,
C9XJC1,C9XJC1_PEPDC,1.0,,,,,,1,,,,
C9RQE6,C9RQE6_FIBSS,1.0,,,,,,1,,,,
C9S1G9,C9S1G9_GEOSY,1.0,,,,,,1,,,,
C9RUW0,C9RUW0_GEOSY,1.0,,,,,,1,,,,
C9RUT8,C9RUT8_GEOSY,1.0,,,,,,1,,,,
C9RTS1,C9RTS1_GEOSY,1.0,,,,,,1,,,,
C9RSD0,C9RSD0_GEOSY,1.0,,,,,,1,,,,
C9RRY6,C9RRY6_FIBSS,1.0,,,,,,1,,,,
C9RPR0,C9RPR0_FIBSS,1.0,,,,,,1,,,,
C9RF23,C9RF23_METVM,1.0,,,,,,1,,,,
C9RKM1,C9RKM1_FIBSS,1.0,,,,,,1,,,,
C9RKI7,C9RKI7_FIBSS,1.0,,,,,,1,,,,
C9RHW1,C9RHW1_METVM,1.0,,,,,,1,,,,
C9RHH0,C9RHH0_METVM,1.0,,,,,,1,,,,
C9RGY2,C9RGY2_METVM,1.0,,,,,,1,,,,
C9RGR4,C9RGR4_METVM,1.0,,,,,,1,,,,
D0KHX9,D0KHX9_PECWW,1.0,,,,,,1,,,,
D0KJB5,D0KJB5_PECWW,1.0,,,,,,1,,,,
C7Q9I9,C7Q9I9_CATAD,1.0,,,,,,1,,,,
D0LT46,D0LT46_HALO1,1.0,,,,,,1,,,,
D0LUQ2,D0LUQ2_HALO1,1.0,,,,,,1,,,,
D0LTZ2,D0LTZ2_HALO1,1.0,,,,,,1,,,,
D0LTZ0,D0LTZ0_HALO1,1.0,,,,,,1,,,,
D0LTF3,D0LTF3_HALO1,1.0,,,,,,1,,,,
D0LT76,D0LT76_HALO1,1.0,,,,,,1,,,,
D0LT75,D0LT75_HALO1,1.0,,,,,,1,,,,
D0LS40,D0LS40_HALO1,1.0,,,,,,1,,,,
D0LX63,D0LX63_HALO1,1.0,,,,,,1,,,,
D0LRK1,D0LRK1_HALO1,1.0,,,,,,1,,,,
D0LQL4,D0LQL4_HALO1,1.0,,,,,,1,,,,
D0LQG3,D0LQG3_HALO1,1.0,,,,,,1,,,,
D0LQ38,D0LQ38_HALO1,1.0,,,,,,1,,,,
D0LPK1,D0LPK1_HALO1,1.0,,,,,,1,,,,
D0LP56,D0LP56_HALO1,1.0,,,,,,1,,,,
D0LWX8,D0LWX8_HALO1,1.0,,,,,,1,,,,
D0ME70,D0ME70_RHOM4,1.0,,,,,,1,,,,
D0LMS0,D0LMS0_HALO1,1.0,,,,,,1,,,,
D0R4A8,D0R4A8_LACJF,1.0,,,,,,1,,,,
D8QVJ1,D8QVJ1_SELML,1.0,1,,,,,,,,,
D8QVJ0,D8QVJ0_SELML,1.0,1,,,,,,,,,
D7KM14,D7KM14_ARALL,1.0,1,,,,,,,,,
D7KKB6,D7KKB6_ARALL,1.0,1,,,,,,,,,
D2I1Y3,D2I1Y3_AILME,1.0,,,,,,,1,,,
D2A046,D2A046_TRICA,1.0,,,,,1,,,,,
D0MUQ0,D0MUQ0_PHYIT,1.0,1,,,,,,,,,
D0MG54,D0MG54_RHOM4,1.0,,,,,,1,,,,
D0MK55,D0MK55_RHOM4,1.0,,,,,,1,,,,
D0MJ79,D0MJ79_RHOM4,1.0,,,,,,1,,,,
D0MIG2,D0MIG2_RHOM4,1.0,,,,,,1,,,,
D0MHY5,D0MHY5_RHOM4,1.0,,,,,,1,,,,
D0MGN2,D0MGN2_RHOM4,1.0,,,,,,1,,,,
D0MGM2,D0MGM2_RHOM4,1.0,,,,,,1,,,,
D0LNK5,D0LNK5_HALO1,1.0,,,,,,1,,,,
D0LMJ8,D0LMJ8_HALO1,1.0,,,,,,1,,,,
D0KKD4,D0KKD4_PECWW,1.0,,,,,,1,,,,
D0L1T5,D0L1T5_HALNC,1.0,,,,,,1,,,,
D0L6P3,D0L6P3_GORB4,1.0,,,,,,1,,,,
D0L659,D0L659_GORB4,1.0,,,,,,1,,,,
D0L4U7,D0L4U7_GORB4,1.0,,,,,,1,,,,
D0L2U6,D0L2U6_GORB4,1.0,,,,,,1,,,,
D0L2H5,D0L2H5_GORB4,1.0,,,,,,1,,,,
D0L1Y0,D0L1Y0_HALNC,1.0,,,,,,1,,,,
D0L1S9,D0L1S9_HALNC,1.0,,,,,,1,,,,
D0L8F6,D0L8F6_GORB4,1.0,,,,,,1,,,,
D0L0F4,D0L0F4_HALNC,1.0,,,,,,1,,,,
D0L093,D0L093_HALNC,1.0,,,,,,1,,,,
D0KXL6,D0KXL6_HALNC,1.0,,,,,,1,,,,
D0KXL5,D0KXL5_HALNC,1.0,,,,,,1,,,,
D0KX84,D0KX84_HALNC,1.0,,,,,,1,,,,
D0KWX5,D0KWX5_HALNC,1.0,,,,,,1,,,,
D0L7S5,D0L7S5_GORB4,1.0,,,,,,1,,,,
D0L9S3,D0L9S3_GORB4,1.0,,,,,,1,,,,
D0LKG1,D0LKG1_HALO1,1.0,,,,,,1,,,,
D0LHD7,D0LHD7_HALO1,1.0,,,,,,1,,,,
D0LK18,D0LK18_HALO1,1.0,,,,,,1,,,,
D0LJU5,D0LJU5_HALO1,1.0,,,,,,1,,,,
D0LJ38,D0LJ38_HALO1,1.0,,,,,,1,,,,
D0LJ00,D0LJ00_HALO1,1.0,,,,,,1,,,,
D0LIF7,D0LIF7_HALO1,1.0,,,,,,1,,,,
D0LI14,D0LI14_HALO1,1.0,,,,,,1,,,,
D0LFS4,D0LFS4_HALO1,1.0,,,,,,1,,,,
D0LBB6,D0LBB6_GORB4,1.0,,,,,,1,,,,
D0LEZ2,D0LEZ2_GORB4,1.0,,,,,,1,,,,
D0LD18,D0LD18_GORB4,1.0,,,,,,1,,,,
D0LCY1,D0LCY1_GORB4,1.0,,,,,,1,,,,
D0LCX8,D0LCX8_GORB4,1.0,,,,,,1,,,,
D0LCX3,D0LCX3_GORB4,1.0,,,,,,1,,,,
D0LBM2,D0LBM2_GORB4,1.0,,,,,,1,,,,
C8XH01,C8XH01_NAKMY,1.0,,,,,,1,,,,
C8XGB9,C8XGB9_NAKMY,1.0,,,,,,1,,,,
C8XFR5,C8XFR5_NAKMY,1.0,,,,,,1,,,,
C7RPP9,C7RPP9_ACCPU,1.0,,,,,,1,,,,
C7T9A3,C7T9A3_LACRG,1.0,,,,,,1,,,,
C7T7Z3,C7T7Z3_LACRG,1.0,,,,,,1,,,,
C7T7G1,C7T7G1_LACRG,1.0,,,,,,1,,,,
C7RU92,C7RU92_ACCPU,1.0,,,,,,1,,,,
C7RTK5,C7RTK5_ACCPU,1.0,,,,,,1,,,,
C7RRL5,C7RRL5_ACCPU,1.0,,,,,,1,,,,
C7RPH4,C7RPH4_ACCPU,1.0,,,,,,1,,,,
C7TAX8,C7TAX8_LACRG,1.0,,,,,,1,,,,
C7RNY2,C7RNY2_ACCPU,1.0,,,,,,1,,,,
C7RNW9,C7RNW9_ACCPU,1.0,,,,,,1,,,,
C7RMJ9,C7RMJ9_ACCPU,1.0,,,,,,1,,,,
C7RMA1,C7RMA1_ACCPU,1.0,,,,,,1,,,,
C7RLK2,C7RLK2_ACCPU,1.0,,,,,,1,,,,
C7RL96,C7RL96_ACCPU,1.0,,,,,,1,,,,
C7T9Y4,C7T9Y4_LACRG,1.0,,,,,,1,,,,
C7TDD5,C7TDD5_LACRG,1.0,,,,,,1,,,,
C7RJR7,C7RJR7_ACCPU,1.0,,,,,,1,,,,
C7TZQ4,C7TZQ4_SCHJA,1.0,,,,,,1,,,,
C8TM36,C8TM36_ECO26,1.0,,,,,,1,,,,
C8TLP2,C8TLP2_ECO26,1.0,,,,,,1,,,,
C8TJT4,C8TJT4_ECO26,1.0,,,,,,1,,,,
C8TJH9,C8TJH9_ECO26,1.0,,,,,,1,,,,
C8THN4,C8THN4_ECO26,1.0,,,,,,1,,,,
C8THN1,C8THN1_ECO26,1.0,,,,,,1,,,,
C7TNH0,C7TNH0_LACRL,1.0,,,,,,1,,,,
C7TFZ1,C7TFZ1_LACRL,1.0,,,,,,1,,,,
C7TN27,C7TN27_LACRL,1.0,,,,,,1,,,,
C7TML7,C7TML7_LACRL,1.0,,,,,,1,,,,
C7TLG7,C7TLG7_LACRL,1.0,,,,,,1,,,,
C7TK18,C7TK18_LACRL,1.0,,,,,,1,,,,
C7THT2,C7THT2_LACRL,1.0,,,,,,1,,,,
C7TGM8,C7TGM8_LACRL,1.0,,,,,,1,,,,
C7RJV2,C7RJV2_ACCPU,1.0,,,,,,1,,,,
C7RIF5,C7RIF5_ACCPU,1.0,,,,,,1,,,,
C8XFR3,C8XFR3_NAKMY,1.0,,,,,,1,,,,
C7QCT7,C7QCT7_CATAD,1.0,,,,,,1,,,,
C7QHN2,C7QHN2_CATAD,1.0,,,,,,1,,,,
C7QHK0,C7QHK0_CATAD,1.0,,,,,,1,,,,
C7QFW8,C7QFW8_CATAD,1.0,,,,,,1,,,,
C7QFP8,C7QFP8_CATAD,1.0,,,,,,1,,,,
C7QDT3,C7QDT3_CATAD,1.0,,,,,,1,,,,
C7QDI5,C7QDI5_CATAD,1.0,,,,,,1,,,,
C7QC84,C7QC84_CATAD,1.0,,,,,,1,,,,
C7QYU7,C7QYU7_JONDD,1.0,,,,,,1,,,,
C7QBJ1,C7QBJ1_CATAD,1.0,,,,,,1,,,,
C7QBD5,C7QBD5_CATAD,1.0,,,,,,1,,,,
C7QAY0,C7QAY0_CATAD,1.0,,,,,,1,,,,
C7QAX5,C7QAX5_CATAD,1.0,,,,,,1,,,,
C7QAU3,C7QAU3_CATAD,1.0,,,,,,1,,,,
C7QAL4,C7QAL4_CATAD,1.0,,,,,,1,,,,
C7QKB3,C7QKB3_CATAD,1.0,,,,,,1,,,,
C7R183,C7R183_JONDD,1.0,,,,,,1,,,,
C7RI51,C7RI51_ANAPD,1.0,,,,,,1,,,,
C7R9V2,C7R9V2_KANKD,1.0,,,,,,1,,,,
C7RFQ1,C7RFQ1_ANAPD,1.0,,,,,,1,,,,
C7RFK4,C7RFK4_ANAPD,1.0,,,,,,1,,,,
C7RDK1,C7RDK1_ANAPD,1.0,,,,,,1,,,,
C7RC75,C7RC75_KANKD,1.0,,,,,,1,,,,
C7RC74,C7RC74_KANKD,1.0,,,,,,1,,,,
C7RA80,C7RA80_KANKD,1.0,,,,,,1,,,,
C7R942,C7R942_KANKD,1.0,,,,,,1,,,,
C7R1U4,C7R1U4_JONDD,1.0,,,,,,1,,,,
C7R8V9,C7R8V9_KANKD,1.0,,,,,,1,,,,
C7R8J3,C7R8J3_KANKD,1.0,,,,,,1,,,,
C7R7R9,C7R7R9_KANKD,1.0,,,,,,1,,,,
C7R784,C7R784_KANKD,1.0,,,,,,1,,,,
C7R6B3,C7R6B3_KANKD,1.0,,,,,,1,,,,
C7R426,C7R426_JONDD,1.0,,,,,,1,,,,
C8TRD7,C8TRD7_ECO26,1.0,,,,,,1,,,,
C8TRF6,C8TRF6_ECO26,1.0,,,,,,1,,,,
C8TSY3,C8TSY3_ECO26,1.0,,,,,,1,,,,
C8WAP9,C8WAP9_ATOPD,1.0,,,,,,1,,,,
C8WQ88,C8WQ88_ALIAD,1.0,,,,,,1,,,,
C8WQ79,C8WQ79_ALIAD,1.0,,,,,,1,,,,
C8WG56,C8WG56_EGGLE,1.0,,,,,,1,,,,
C8WDI5,C8WDI5_ZYMMN,1.0,,,,,,1,,,,
C8WCV0,C8WCV0_ZYMMN,1.0,,,,,,1,,,,
C8WAQ2,C8WAQ2_ATOPD,1.0,,,,,,1,,,,
C8WAN7,C8WAN7_ATOPD,1.0,,,,,,1,,,,
C8WU39,C8WU39_ALIAD,1.0,,,,,,1,,,,
C8WAN5,C8WAN5_ATOPD,1.0,,,,,,1,,,,
C8W6Q1,C8W6Q1_DESAS,1.0,,,,,,1,,,,
C8W6C7,C8W6C7_DESAS,1.0,,,,,,1,,,,
C8W614,C8W614_DESAS,1.0,,,,,,1,,,,
C8W608,C8W608_DESAS,1.0,,,,,,1,,,,
C8W5V8,C8W5V8_DESAS,1.0,,,,,,1,,,,
C8WR14,C8WR14_ALIAD,1.0,,,,,,1,,,,
C8WWP2,C8WWP2_ALIAD,1.0,,,,,,1,,,,
C8TTB1,C8TTB1_ECO26,1.0,,,,,,1,,,,
C8X7K7,C8X7K7_NAKMY,1.0,,,,,,1,,,,
C8XD45,C8XD45_NAKMY,1.0,,,,,,1,,,,
C8XD01,C8XD01_NAKMY,1.0,,,,,,1,,,,
C8XBR7,C8XBR7_NAKMY,1.0,,,,,,1,,,,
C8XAW9,C8XAW9_NAKMY,1.0,,,,,,1,,,,
C8X9M5,C8X9M5_NAKMY,1.0,,,,,,1,,,,
C8X963,C8X963_NAKMY,1.0,,,,,,1,,,,
C8X780,C8X780_NAKMY,1.0,,,,,,1,,,,
C8WXA7,C8WXA7_ALIAD,1.0,,,,,,1,,,,
C8X6B6,C8X6B6_NAKMY,1.0,,,,,,1,,,,
C8X333,C8X333_DESRD,1.0,,,,,,1,,,,
C8X2U3,C8X2U3_DESRD,1.0,,,,,,1,,,,
C8X214,C8X214_DESRD,1.0,,,,,,1,,,,
C8X027,C8X027_DESRD,1.0,,,,,,1,,,,
C8WY98,C8WY98_ALIAD,1.0,,,,,,1,,,,
C8W4W2,C8W4W2_DESAS,1.0,,,,,,1,,,,
C8W4V3,C8W4V3_DESAS,1.0,,,,,,1,,,,
C8W426,C8W426_DESAS,1.0,,,,,,1,,,,
C8U449,C8U449_ECO10,1.0,,,,,,1,,,,
C8UC47,C8UC47_ECO1A,1.0,,,,,,1,,,,
C8UBS1,C8UBS1_ECO1A,1.0,,,,,,1,,,,
C8UA80,C8UA80_ECO10,1.0,,,,,,1,,,,
C8U8A7,C8U8A7_ECO10,1.0,,,,,,1,,,,
C8U888,C8U888_ECO10,1.0,,,,,,1,,,,
C8U4K0,C8U4K0_ECO10,1.0,,,,,,1,,,,
C8U3G2,C8U3G2_ECO10,1.0,,,,,,1,,,,
C8W3C6,C8W3C6_DESAS,1.0,,,,,,1,,,,
C8U3G1,C8U3G1_ECO10,1.0,,,,,,1,,,,
C8U2S0,C8U2S0_ECO10,1.0,,,,,,1,,,,
C8U1S5,C8U1S5_ECO10,1.0,,,,,,1,,,,
C8U1S2,C8U1S2_ECO10,1.0,,,,,,1,,,,
C8TYB7,C8TYB7_ECO10,1.0,,,,,,1,,,,
C8TTB2,C8TTB2_ECO26,1.0,,,,,,1,,,,
C8UC48,C8UC48_ECO1A,1.0,,,,,,1,,,,
C8UH71,C8UH71_ECO1A,1.0,,,,,,1,,,,
C8UH74,C8UH74_ECO1A,1.0,,,,,,1,,,,
C8UHX5,C8UHX5_ECO1A,1.0,,,,,,1,,,,
C8UJM4,C8UJM4_ECO1A,1.0,,,,,,1,,,,
C8UKZ5,C8UKZ5_ECO1A,1.0,,,,,,1,,,,
C8ULE4,C8ULE4_ECO1A,1.0,,,,,,1,,,,
C8UPK8,C8UPK8_ECO1A,1.0,,,,,,1,,,,
C8UPM5,C8UPM5_ECO1A,1.0,,,,,,1,,,,
C8VYG6,C8VYG6_DESAS,1.0,,,,,,1,,,,
C8VZ47,C8VZ47_DESAS,1.0,,,,,,1,,,,
C8VZ57,C8VZ57_DESAS,1.0,,,,,,1,,,,
C8VZ73,C8VZ73_DESAS,1.0,,,,,,1,,,,
C8W0X8,C8W0X8_DESAS,1.0,,,,,,1,,,,
C8W144,C8W144_DESAS,1.0,,,,,,1,,,,
C8W1Y4,C8W1Y4_DESAS,1.0,,,,,,1,,,,
C8W295,C8W295_DESAS,1.0,,,,,,1,,,,
A0A061FHD1,A0A061FHD1_THECC,1.0,1,,,,,,,,,
