,,,KOr74,GENETREEr79,OMAr2014,TREEFAMr9,ORTHODBv8,EggNOGv4,HOGENOMr6,HOVERGENr49,COGv2014,HumPhylomeDBv4
,,,K00681,ENSGT00550000074591,MLVHDIR,TF333329,EOG7DNNTR,COG0405,HOG000231793,HBG039468,NA,Q9UJ14
ACC,ENTRY_NAME,Db_count,,,,,,,,,,
Q9UJ14,GGT7_HUMAN,9.0,1,1,1,1,1,1,1,1,,1
Q99MZ4,GGT7_RAT,9.0,1,1,1,1,1,1,1,1,,1
Q99JP7,GGT7_MOUSE,9.0,1,1,1,1,1,1,1,1,,1
Q0V8L2,GGT7_BOVIN,8.0,1,1,1,1,1,1,1,1,,
G3X092,G3X092_SARHA,5.0,1,1,1,1,1,,,,,
F6TAT5,F6TAT5_HORSE,5.0,1,1,1,1,1,,,,,
F1NXU0,F1NXU0_CHICK,5.0,1,1,1,1,1,,,,,
G1SH53,G1SH53_RABIT,5.0,1,1,1,1,1,,,,,
F6U244,F6U244_CALJA,5.0,1,1,1,1,1,,,,,
F1S4Y1,F1S4Y1_PIG,5.0,1,1,1,1,1,,,,,
G3RG66,G3RG66_GORGO,5.0,1,1,1,1,1,,,,,
F7FUB4,F7FUB4_MONDO,4.0,,1,1,1,1,,,,,
G1KJ41,G1KJ41_ANOCA,4.0,1,1,,1,1,,,,,
H3CDZ5,H3CDZ5_TETNG,4.0,,1,1,1,1,,,,,
I3MHN3,I3MHN3_SPETR,4.0,,1,1,1,1,,,,,
G1LRP5,G1LRP5_AILME,4.0,,1,1,1,1,,,,,
H2P1Q5,H2P1Q5_PONAB,4.0,,1,1,1,1,,,,,
F6X876,F6X876_CANFA,4.0,1,1,1,1,,,,,,
H2QK85,H2QK85_PANTR,4.0,,1,1,1,1,,,,,
G1P639,G1P639_MYOLU,4.0,,1,1,1,1,,,,,
H2RLM9,H2RLM9_TAKRU,4.0,,1,1,1,1,,,,,
K7GEV8,K7GEV8_PELSI,4.0,1,1,1,1,,,,,,
F6YJV3,F6YJV3_XENTR,4.0,,1,1,1,1,,,,,
F7ERT0,F7ERT0_MACMU,4.0,,1,1,1,1,,,,,
G3UKD6,G3UKD6_LOXAF,4.0,,1,1,1,1,,,,,
G3N9W0,G3N9W0_GASAC,4.0,,1,1,1,1,,,,,
H2LZQ5,H2LZQ5_ORYLA,4.0,,1,1,1,1,,,,,
M4ALJ9,M4ALJ9_XIPMA,4.0,1,1,1,,1,,,,,
Q05902,ECM38_YEAST,4.0,1,1,,,,1,,,,1
H3BID9,H3BID9_LATCH,4.0,,1,1,1,1,,,,,
H0V2K6,H0V2K6_CAVPO,4.0,,1,1,1,1,,,,,
G1MQE1,G1MQE1_MELGA,4.0,,1,1,1,1,,,,,
H0YYV8,H0YYV8_TAEGU,4.0,,1,1,1,1,,,,,
H0X844,H0X844_OTOGA,4.0,,1,1,1,1,,,,,
M3VY95,M3VY95_FELCA,4.0,1,1,1,,1,,,,,
B8C386,B8C386_THAPS,3.0,1,,,,,1,,,,1
Q7RV00,Q7RV00_NEUCR,3.0,1,,,,,1,,,,1
A7F023,A7F023_SCLS1,3.0,1,,,,,1,,,,1
Q97TX5,Q97TX5_SULSO,3.0,1,,,,,1,,,,1
I3KLK9,I3KLK9_ORENI,3.0,,,1,1,1,,,,,
B1L599,B1L599_KORCO,3.0,1,,,,,1,,,,1
O18256,O18256_CAEEL,3.0,1,1,,,,1,,,,
G3P745,G3P745_GASAC,3.0,,1,,1,1,,,,,
G1RGI3,G1RGI3_NOMLE,3.0,,1,,1,1,,,,,
P74181,GGT_SYNY3,3.0,1,,,,,1,,,,1
H2Z1W5,H2Z1W5_CIOSA,3.0,,1,,1,1,,,,,
A7F946,A7F946_SCLS1,3.0,1,,,,,1,,,,1
M3Z287,M3Z287_MUSPF,3.0,,1,1,,1,,,,,
P54422,GGT_BACSU,3.0,1,,,,,1,,,,1
P74181,GGT_SYNY3,3.0,1,,,,,1,,,,1
B1M6B1,B1M6B1_METRJ,2.0,1,,,,,1,,,,
B4E9R4,B4E9R4_BURCJ,2.0,1,,,,,1,,,,
B1WXC8,B1WXC8_CYAA5,2.0,1,,,,,1,,,,
B4EBW0,B4EBW0_BURCJ,2.0,1,,,,,1,,,,
B1M5C6,B1M5C6_METRJ,2.0,1,,,,,1,,,,
B1WV47,B1WV47_CYAA5,2.0,1,,,,,1,,,,
B1XRI9,B1XRI9_SYNP2,2.0,1,,,,,1,,,,
B1LYQ2,B1LYQ2_METRJ,2.0,1,,,,,1,,,,
B1XUE0,B1XUE0_POLNS,2.0,1,,,,,1,,,,
O01610,O01610_CAEEL,2.0,,1,,,,1,,,,
B1Y0C7,B1Y0C7_LEPCP,2.0,1,,,,,1,,,,
O05218,YWRD_BACSU,2.0,1,,,,,1,,,,
B1VV84,B1VV84_STRGG,2.0,1,,,,,1,,,,
O14194,GGT2_SCHPO,2.0,,,,,,1,,,,1
B1X7Q5,B1X7Q5_ECODH,2.0,1,,,,,1,,,,
B4EPD9,B4EPD9_BURCJ,2.0,1,,,,,1,,,,
B1LV30,B1LV30_METRJ,2.0,1,,,,,1,,,,
B4EHU9,B4EHU9_BURCJ,2.0,1,,,,,1,,,,
Q02UR4,Q02UR4_PSEAB,2.0,1,,,,,1,,,,
Q02U53,Q02U53_PSEAB,2.0,1,,,,,1,,,,
Q02JH9,Q02JH9_PSEAB,2.0,1,,,,,1,,,,
Q023P7,Q023P7_SOLUE,2.0,1,,,,,1,,,,
Q01ZL9,Q01ZL9_SOLUE,2.0,1,,,,,1,,,,
Q01XF8,Q01XF8_SOLUE,2.0,1,,,,,1,,,,
Q01SQ9,Q01SQ9_SOLUE,2.0,1,,,,,1,,,,
B1KGG4,B1KGG4_SHEWM,2.0,1,,,,,1,,,,
P71750,P71750_MYCTU,2.0,1,,,,,,,,,1
P71750,P71750_MYCTU,2.0,1,,,,,,,,,1
P36269,GGT5_HUMAN,2.0,,1,,,,1,,,,
B1KQH4,B1KQH4_SHEWM,2.0,1,,,,,1,,,,
P19440,GGT1_HUMAN,2.0,,1,,,,1,,,,
B4EU09,B4EU09_PROMH,2.0,1,,,,,1,,,,
P18956,GGT_ECOLI,2.0,1,,,,,1,,,,
O69935,O69935_STRCO,2.0,1,,,,,,,,,1
B1Y6I9,B1Y6I9_LEPCP,2.0,1,,,,,1,,,,
B4EMT7,B4EMT7_BURCJ,2.0,1,,,,,1,,,,
B1LIA5,B1LIA5_ECOSM,2.0,1,,,,,1,,,,
B3SCY5,B3SCY5_TRIAD,2.0,1,,,,,1,,,,
B3Q5V9,B3Q5V9_RHOPT,2.0,1,,,,,1,,,,
B1Y6N5,B1Y6N5_LEPCP,2.0,1,,,,,1,,,,
B2JK75,B2JK75_BURP8,2.0,1,,,,,1,,,,
B2JQW4,B2JQW4_BURP8,2.0,1,,,,,1,,,,
B2JSX3,B2JSX3_BURP8,2.0,1,,,,,1,,,,
B2K6S2,B2K6S2_YERPB,2.0,1,,,,,1,,,,
B2SGA8,B2SGA8_FRATM,2.0,1,,,,,1,,,,
B2SIL6,B2SIL6_XANOP,2.0,1,,,,,1,,,,
B3R3Z2,B3R3Z2_CUPTR,2.0,1,,,,,1,,,,
B2SYH1,B2SYH1_BURPP,2.0,1,,,,,1,,,,
B3QG51,B3QG51_RHOPT,2.0,1,,,,,1,,,,
B2SZN3,B2SZN3_BURPP,2.0,1,,,,,1,,,,
B2TDA0,B2TDA0_BURPP,2.0,1,,,,,1,,,,
B2TDI0,B2TDI0_BURPP,2.0,1,,,,,1,,,,
B2TF07,B2TF07_BURPP,2.0,1,,,,,1,,,,
B2UB41,B2UB41_RALPJ,2.0,1,,,,,1,,,,
B2UIJ4,B2UIJ4_RALPJ,2.0,1,,,,,1,,,,
B2UUM5,B2UUM5_HELPS,2.0,1,,,,,1,,,,
B3D3V9,B3D3V9_BURM1,2.0,1,,,,,1,,,,
B3QEC2,B3QEC2_RHOPT,2.0,1,,,,,1,,,,
B3DBL3,B3DBL3_BURM1,2.0,1,,,,,1,,,,
B3Q8X4,B3Q8X4_RHOPT,2.0,1,,,,,1,,,,
B3PJH0,B3PJH0_CELJU,2.0,1,,,,,1,,,,
B3PZS4,B3PZS4_RHIE6,2.0,1,,,,,1,,,,
B2JNN7,B2JNN7_BURP8,2.0,1,,,,,1,,,,
B2ITI2,B2ITI2_NOSP7,2.0,1,,,,,1,,,,
B1Y9L0,B1Y9L0_PYRNV,2.0,1,,,,,1,,,,
B3R415,B3R415_CUPTR,2.0,1,,,,,1,,,,
B1YNM5,B1YNM5_BURA4,2.0,1,,,,,1,,,,
B3Q0F7,B3Q0F7_RHIE6,2.0,1,,,,,1,,,,
B1YWA7,B1YWA7_BURA4,2.0,1,,,,,1,,,,
B1YXJ4,B1YXJ4_BURA4,2.0,1,,,,,1,,,,
B1Z2V3,B1Z2V3_BURA4,2.0,1,,,,,1,,,,
B1Z5Y3,B1Z5Y3_BURA4,2.0,1,,,,,1,,,,
B1Z6E9,B1Z6E9_BURA4,2.0,1,,,,,1,,,,
B1Z9Z0,B1Z9Z0_METPB,2.0,1,,,,,1,,,,
B1ZFD3,B1ZFD3_METPB,2.0,1,,,,,1,,,,
B3RAF1,B3RAF1_CUPTR,2.0,1,,,,,1,,,,
B1ZKE1,B1ZKE1_METPB,2.0,1,,,,,1,,,,
B1ZYZ9,B1ZYZ9_OPITP,2.0,1,,,,,1,,,,
B2A3C8,B2A3C8_NATTJ,2.0,1,,,,,1,,,,
B2FLW7,B2FLW7_STRMK,2.0,1,,,,,1,,,,
Q04RP6,Q04RP6_LEPBJ,2.0,1,,,,,1,,,,
B2HH69,B2HH69_MYCMM,2.0,1,,,,,1,,,,
B3R5M9,B3R5M9_CUPTR,2.0,1,,,,,1,,,,
B2HMA9,B2HMA9_MYCMM,2.0,1,,,,,1,,,,
B2HV52,B2HV52_ACIBC,2.0,1,,,,,1,,,,
B2I7J4,B2I7J4_XYLF2,2.0,1,,,,,1,,,,
B2IGB1,B2IGB1_BEII9,2.0,1,,,,,1,,,,
B2FT73,B2FT73_STRMK,2.0,1,,,,,1,,,,
Q0A593,Q0A593_ALKEH,2.0,1,,,,,1,,,,
Q051X5,Q051X5_LEPBL,2.0,1,,,,,1,,,,
Q15Q77,Q15Q77_PSEA6,2.0,1,,,,,1,,,,
B0UQQ8,B0UQQ8_METS4,2.0,1,,,,,1,,,,
Q1DCI3,Q1DCI3_MYXXD,2.0,1,,,,,1,,,,
Q1CSE9,Q1CSE9_HELPH,2.0,1,,,,,1,,,,
Q1CLA7,Q1CLA7_YERPN,2.0,1,,,,,1,,,,
Q1CLA6,Q1CLA6_YERPN,2.0,1,,,,,1,,,,
B0UXV4,B0UXV4_DANRE,2.0,,1,,,,1,,,,
Q1C4G9,Q1C4G9_YERPA,2.0,1,,,,,1,,,,
Q1BTU2,Q1BTU2_BURCA,2.0,1,,,,,1,,,,
Q1BT87,Q1BT87_BURCA,2.0,1,,,,,1,,,,
Q1BPE9,Q1BPE9_BURCA,2.0,1,,,,,1,,,,
Q1BMT2,Q1BMT2_BURCA,2.0,1,,,,,1,,,,
Q1BI38,Q1BI38_BURCA,2.0,1,,,,,1,,,,
Q1BDP6,Q1BDP6_MYCSS,2.0,1,,,,,1,,,,
Q1B9D2,Q1B9D2_MYCSS,2.0,1,,,,,1,,,,
Q1AZA7,Q1AZA7_RUBXD,2.0,1,,,,,1,,,,
Q1AWJ5,Q1AWJ5_RUBXD,2.0,1,,,,,1,,,,
Q18K36,Q18K36_HALWD,2.0,1,,,,,1,,,,
Q18C54,Q18C54_PEPD6,2.0,1,,,,,1,,,,
Q17Y64,Q17Y64_HELAH,2.0,1,,,,,1,,,,
B0UXV5,B0UXV5_DANRE,2.0,,1,,,,1,,,,
B0V909,B0V909_ACIBY,2.0,1,,,,,1,,,,
B0VTB3,B0VTB3_ACIBS,2.0,1,,,,,1,,,,
H2NSB5,H2NSB5_PONAB,2.0,1,1,,,,,,,,
Q16E25,Q16E25_ROSDO,2.0,1,,,,,1,,,,
Q167R9,Q167R9_ROSDO,2.0,1,,,,,1,,,,
Q163B6,Q163B6_ROSDO,2.0,1,,,,,1,,,,
Q15UN3,Q15UN3_PSEA6,2.0,1,,,,,1,,,,
B0UQE2,B0UQE2_METS4,2.0,1,,,,,1,,,,
Q1GJF1,Q1GJF1_RUEST,2.0,1,,,,,1,,,,
Q1GKL9,Q1GKL9_RUEST,2.0,1,,,,,1,,,,
Q1M4C5,Q1M4C5_RHIL3,2.0,1,,,,,1,,,,
Q21L64,Q21L64_SACD2,2.0,1,,,,,1,,,,
Q21DD6,Q21DD6_RHOPB,2.0,1,,,,,1,,,,
Q219M2,Q219M2_RHOPB,2.0,1,,,,,1,,,,
Q213C6,Q213C6_RHOPB,2.0,1,,,,,1,,,,
B0U247,B0U247_XYLFM,2.0,1,,,,,1,,,,
Q1R5I1,Q1R5I1_ECOUT,2.0,1,,,,,1,,,,
Q1QWR6,Q1QWR6_CHRSD,2.0,1,,,,,1,,,,
Q1QV29,Q1QV29_CHRSD,2.0,1,,,,,1,,,,
Q1QRQ5,Q1QRQ5_NITHX,2.0,1,,,,,1,,,,
Q1QBF1,Q1QBF1_PSYCK,2.0,1,,,,,1,,,,
Q1MBZ2,Q1MBZ2_RHIL3,2.0,1,,,,,1,,,,
Q1MAH7,Q1MAH7_RHIL3,2.0,1,,,,,1,,,,
Q1LQ68,Q1LQ68_RALME,2.0,1,,,,,1,,,,
Q1GLA1,Q1GLA1_RUEST,2.0,1,,,,,1,,,,
Q1LPS0,Q1LPS0_RALME,2.0,1,,,,,1,,,,
Q1LLZ0,Q1LLZ0_RALME,2.0,1,,,,,1,,,,
C7RJM4,C7RJM4_ACCPU,2.0,1,,,,,1,,,,
B0U9R8,B0U9R8_METS4,2.0,1,,,,,1,,,,
Q1IZ96,Q1IZ96_DEIGD,2.0,1,,,,,1,,,,
Q1IRN4,Q1IRN4_KORVE,2.0,1,,,,,1,,,,
Q1IM21,Q1IM21_KORVE,2.0,1,,,,,1,,,,
Q1IHQ1,Q1IHQ1_KORVE,2.0,1,,,,,1,,,,
Q1IGF2,Q1IGF2_PSEE4,2.0,1,,,,,1,,,,
Q1IFB2,Q1IFB2_PSEE4,2.0,1,,,,,1,,,,
B0UDU7,B0UDU7_METS4,2.0,1,,,,,1,,,,
B0UJQ4,B0UJQ4_METS4,2.0,1,,,,,1,,,,
Q15U66,Q15U66_PSEA6,2.0,1,,,,,1,,,,
Q14H50,Q14H50_FRAT1,2.0,1,,,,,1,,,,
B1KC62,B1KC62_BURCC,2.0,1,,,,,1,,,,
Q13W94,Q13W94_BURXL,2.0,1,,,,,1,,,,
B1JY38,B1JY38_BURCC,2.0,1,,,,,1,,,,
B1JZ85,B1JZ85_BURCC,2.0,1,,,,,1,,,,
Q0HZ43,Q0HZ43_SHESR,2.0,1,,,,,1,,,,
Q0HU49,Q0HU49_SHESR,2.0,1,,,,,1,,,,
Q0HHU9,Q0HHU9_SHESM,2.0,1,,,,,1,,,,
Q0HEV7,Q0HEV7_SHESM,2.0,1,,,,,1,,,,
Q0BYH3,Q0BYH3_HYPNA,2.0,1,,,,,1,,,,
Q0BXH0,Q0BXH0_HYPNA,2.0,1,,,,,1,,,,
Q0BV75,Q0BV75_GRABC,2.0,1,,,,,1,,,,
Q0BT37,Q0BT37_GRABC,2.0,1,,,,,1,,,,
Q0BMH7,Q0BMH7_FRATO,2.0,1,,,,,1,,,,
Q0BC41,Q0BC41_BURCM,2.0,1,,,,,1,,,,
Q0BBI1,Q0BBI1_BURCM,2.0,1,,,,,1,,,,
Q0B9M6,Q0B9M6_BURCM,2.0,1,,,,,1,,,,
Q0B833,Q0B833_BURCM,2.0,1,,,,,1,,,,
Q0B2U7,Q0B2U7_BURCM,2.0,1,,,,,1,,,,
Q0ASI2,Q0ASI2_MARMM,2.0,1,,,,,1,,,,
Q0AF06,Q0AF06_NITEC,2.0,1,,,,,1,,,,
Q0AA66,Q0AA66_ALKEH,2.0,1,,,,,1,,,,
Q0A6Z8,Q0A6Z8_ALKEH,2.0,1,,,,,1,,,,
Q0A5N3,Q0A5N3_ALKEH,2.0,1,,,,,1,,,,
B4REB8,B4REB8_PHEZH,2.0,1,,,,,1,,,,
B1K9C6,B1K9C6_BURCC,2.0,1,,,,,1,,,,
B1K9P1,B1K9P1_BURCC,2.0,1,,,,,1,,,,
Q080Y9,Q080Y9_SHEFN,2.0,1,,,,,1,,,,
Q07VP9,Q07VP9_RHOP5,2.0,1,,,,,1,,,,
Q07RW4,Q07RW4_RHOP5,2.0,1,,,,,1,,,,
B1JIF4,B1JIF4_YERPY,2.0,1,,,,,1,,,,
Q0K2J9,Q0K2J9_CUPNH,2.0,1,,,,,1,,,,
Q0K812,Q0K812_CUPNH,2.0,1,,,,,1,,,,
Q11I70,Q11I70_CHESB,2.0,1,,,,,1,,,,
Q13UE9,Q13UE9_BURXL,2.0,1,,,,,1,,,,
Q13LY4,Q13LY4_BURXL,2.0,1,,,,,1,,,,
Q13KR7,Q13KR7_BURXL,2.0,1,,,,,1,,,,
Q13D79,Q13D79_RHOPS,2.0,1,,,,,1,,,,
Q13D38,Q13D38_RHOPS,2.0,1,,,,,1,,,,
Q137N5,Q137N5_RHOPS,2.0,1,,,,,1,,,,
Q131E1,Q131E1_RHOPS,2.0,1,,,,,1,,,,
Q12NN7,Q12NN7_SHEDO,2.0,1,,,,,1,,,,
Q12CJ0,Q12CJ0_POLSJ,2.0,1,,,,,1,,,,
Q128N4,Q128N4_POLSJ,2.0,1,,,,,1,,,,
Q125L8,Q125L8_POLSJ,2.0,1,,,,,1,,,,
Q11JI4,Q11JI4_CHESB,2.0,1,,,,,1,,,,
Q117L6,Q117L6_TRIEI,2.0,1,,,,,1,,,,
Q0KCN2,Q0KCN2_CUPNH,2.0,1,,,,,1,,,,
Q111J6,Q111J6_TRIEI,2.0,1,,,,,1,,,,
Q0VKT3,Q0VKT3_ALCBS,2.0,1,,,,,1,,,,
B1J0I3,B1J0I3_ECOLC,2.0,1,,,,,1,,,,
Q0UXM0,Q0UXM0_PHANO,2.0,1,,,,,,,,,1
B1J3P7,B1J3P7_PSEPW,2.0,1,,,,,1,,,,
B1J7B5,B1J7B5_PSEPW,2.0,1,,,,,1,,,,
B1J9W9,B1J9W9_PSEPW,2.0,1,,,,,1,,,,
Q0TC13,Q0TC13_ECOL5,2.0,1,,,,,1,,,,
Q0SZM4,Q0SZM4_SHIF8,2.0,1,,,,,1,,,,
Q0S8V8,Q0S8V8_RHOJR,2.0,1,,,,,1,,,,
Q0S8H3,Q0S8H3_RHOJR,2.0,1,,,,,1,,,,
Q0KDJ0,Q0KDJ0_CUPNH,2.0,1,,,,,1,,,,
E7FG64,E7FG64_DANRE,2.0,,1,,,1,,,,,
Q0BTI0,Q0BTI0_GRABC,2.0,1,,,,,1,,,,
B4REJ5,B4REJ5_PHEZH,2.0,1,,,,,1,,,,
C4KJV5,C4KJV5_SULIK,2.0,1,,,,,1,,,,
C3NT19,C3NT19_VIBCJ,2.0,1,,,,,1,,,,
C3NX84,C3NX84_VIBCJ,2.0,1,,,,,1,,,,
C3NZ85,C3NZ85_BACAA,2.0,1,,,,,1,,,,
C8XJE3,C8XJE3_NAKMY,2.0,1,,,,,1,,,,
C8X9Y2,C8X9Y2_NAKMY,2.0,1,,,,,1,,,,
C8WQ39,C8WQ39_ALIAD,2.0,1,,,,,1,,,,
C8WF46,C8WF46_ZYMMN,2.0,1,,,,,1,,,,
C8UHS7,C8UHS7_ECO1A,2.0,1,,,,,1,,,,
C3Y4V0,C3Y4V0_BRAFL,2.0,,,,,,1,,,,1
C8TY63,C8TY63_ECO10,2.0,1,,,,,1,,,,
C8TJN6,C8TJN6_ECO26,2.0,1,,,,,1,,,,
C4KDN6,C4KDN6_THASP,2.0,1,,,,,1,,,,
C4KNV3,C4KNV3_BURPE,2.0,1,,,,,1,,,,
C3NM27,C3NM27_SULIN,2.0,1,,,,,1,,,,
C4KQF4,C4KQF4_BURPE,2.0,1,,,,,1,,,,
C4L7E0,C4L7E0_TOLAT,2.0,1,,,,,1,,,,
C4LJI7,C4LJI7_CORK4,2.0,1,,,,,1,,,,
C4R4X3,C4R4X3_PICPG,2.0,1,,,,,1,,,,
C4ZVZ6,C4ZVZ6_ECOBW,2.0,1,,,,,1,,,,
C5ACY5,C5ACY5_BURGB,2.0,1,,,,,1,,,,
C5AM92,C5AM92_BURGB,2.0,1,,,,,1,,,,
C5AW46,C5AW46_METEA,2.0,1,,,,,1,,,,
C5AW90,C5AW90_METEA,2.0,1,,,,,1,,,,
C5B0W4,C5B0W4_METEA,2.0,1,,,,,1,,,,
C5BEJ9,C5BEJ9_EDWI9,2.0,1,,,,,1,,,,
C5BIQ1,C5BIQ1_TERTT,2.0,1,,,,,1,,,,
J3KPJ0,J3KPJ0_HUMAN,2.0,1,1,,,,,,,,
C3N914,C3N914_SULIY,2.0,1,,,,,1,,,,
C5BRW2,C5BRW2_TERTT,2.0,1,,,,,1,,,,
C1EK60,C1EK60_BACC3,2.0,1,,,,,1,,,,
C0Z8A2,C0Z8A2_BREBN,2.0,1,,,,,1,,,,
C0ZFU3,C0ZFU3_BREBN,2.0,1,,,,,1,,,,
C0ZK78,C0ZK78_BREBN,2.0,1,,,,,1,,,,
C1A6W5,C1A6W5_GEMAT,2.0,1,,,,,1,,,,
G1TRI0,G1TRI0_RABIT,2.0,1,1,,,,,,,,
C1AAX1,C1AAX1_GEMAT,2.0,1,,,,,1,,,,
C1ALA9,C1ALA9_MYCBT,2.0,1,,,,,1,,,,
C1AQV7,C1AQV7_MYCBT,2.0,1,,,,,1,,,,
C1B9Q4,C1B9Q4_RHOOB,2.0,1,,,,,1,,,,
C1BA26,C1BA26_RHOOB,2.0,1,,,,,1,,,,
C1D2F5,C1D2F5_DEIDV,2.0,1,,,,,1,,,,
C1DIA9,C1DIA9_AZOVD,2.0,1,,,,,1,,,,
C9RWL1,C9RWL1_GEOSY,2.0,1,,,,,1,,,,
C3N0S8,C3N0S8_SULIA,2.0,1,,,,,1,,,,
C9R3Y9,C9R3Y9_AGGAD,2.0,1,,,,,1,,,,
G1S6C0,G1S6C0_NOMLE,2.0,1,1,,,,,,,,
C3JZG3,C3JZG3_PSEFS,2.0,1,,,,,1,,,,
C3K9Y3,C3K9Y3_PSEFS,2.0,1,,,,,1,,,,
C3KBW9,C3KBW9_PSEFS,2.0,1,,,,,1,,,,
C3KC17,C3KC17_PSEFS,2.0,1,,,,,1,,,,
C3KMF8,C3KMF8_RHISN,2.0,1,,,,,1,,,,
C3KMT3,C3KMT3_RHISN,2.0,1,,,,,1,,,,
C3L4U8,C3L4U8_BACAC,2.0,1,,,,,1,,,,
C3LVH4,C3LVH4_VIBCM,2.0,1,,,,,1,,,,
C3MJY8,C3MJY8_SULIL,2.0,1,,,,,1,,,,
C3MRT9,C3MRT9_SULIM,2.0,1,,,,,1,,,,
C5BMN6,C5BMN6_TERTT,2.0,1,,,,,1,,,,
C5BX52,C5BX52_BEUC1,2.0,1,,,,,1,,,,
C0QT86,C0QT86_PERMH,2.0,1,,,,,1,,,,
C7CGK6,C7CGK6_METED,2.0,1,,,,,1,,,,
C6UGH5,C6UGH5_ECOBR,2.0,1,,,,,1,,,,
C6UWB9,C6UWB9_ECO5T,2.0,1,,,,,1,,,,
C6VTA8,C6VTA8_DYAFD,2.0,1,,,,,1,,,,
C6VXV9,C6VXV9_DYAFD,2.0,1,,,,,1,,,,
C6W8Y1,C6W8Y1_ACTMD,2.0,1,,,,,1,,,,
C6WCK2,C6WCK2_ACTMD,2.0,1,,,,,1,,,,
C6X6C1,C6X6C1_FLAB3,2.0,1,,,,,1,,,,
C6XQ64,C6XQ64_HIRBI,2.0,1,,,,,1,,,,
C6XUC9,C6XUC9_PEDHD,2.0,1,,,,,1,,,,
C7BYA3,C7BYA3_HELPB,2.0,1,,,,,1,,,,
C7C711,C7C711_METED,2.0,1,,,,,1,,,,
C7CB87,C7CB87_METED,2.0,1,,,,,1,,,,
C7JAS4,C7JAS4_ACEP3,2.0,1,,,,,1,,,,
C7RRL9,C7RRL9_ACCPU,2.0,1,,,,,1,,,,
C7JC12,C7JC12_ACEP3,2.0,1,,,,,1,,,,
C7JHJ0,C7JHJ0_ACEP3,2.0,1,,,,,1,,,,
C7LY39,C7LY39_ACIFD,2.0,1,,,,,1,,,,
C7MQT3,C7MQT3_SACVD,2.0,1,,,,,1,,,,
C7MRU7,C7MRU7_SACVD,2.0,1,,,,,1,,,,
C7NSH6,C7NSH6_HALUD,2.0,1,,,,,1,,,,
C7NX64,C7NX64_HALMD,2.0,1,,,,,1,,,,
C7PED6,C7PED6_CHIPD,2.0,1,,,,,1,,,,
C7PQB4,C7PQB4_CHIPD,2.0,1,,,,,1,,,,
C7QF29,C7QF29_CATAD,2.0,1,,,,,1,,,,
C7QI99,C7QI99_CATAD,2.0,1,,,,,1,,,,
C7RCK2,C7RCK2_KANKD,2.0,1,,,,,1,,,,
C6S6X2,C6S6X2_NEIML,2.0,1,,,,,1,,,,
C6DUU1,C6DUU1_MYCTK,2.0,1,,,,,1,,,,
C5CRH3,C5CRH3_VARPS,2.0,1,,,,,1,,,,
C6AW04,C6AW04_RHILS,2.0,1,,,,,1,,,,
C5CTS6,C5CTS6_VARPS,2.0,1,,,,,1,,,,
C5CTU1,C5CTU1_VARPS,2.0,1,,,,,1,,,,
C5CUK4,C5CUK4_VARPS,2.0,1,,,,,1,,,,
C5D972,C5D972_GEOSW,2.0,1,,,,,1,,,,
C5DWH7,C5DWH7_ZYGRC,2.0,1,,,,,1,,,,
C5E2R3,C5E2R3_LACTC,2.0,1,,,,,1,,,,
C5E4F1,C5E4F1_ZYGRC,2.0,1,,,,,1,,,,
C5P6P5,C5P6P5_COCP7,2.0,1,,,,,1,,,,
I3KWT6,I3KWT6_ORENI,2.0,,,,1,1,,,,,
C5PEW1,C5PEW1_COCP7,2.0,1,,,,,1,,,,
C5WA22,C5WA22_ECOBD,2.0,1,,,,,1,,,,
C6ALN1,C6ALN1_AGGAN,2.0,1,,,,,1,,,,
C6AZ38,C6AZ38_RHILS,2.0,1,,,,,1,,,,
C6DN90,C6DN90_MYCTK,2.0,1,,,,,1,,,,
C6B4B7,C6B4B7_RHILS,2.0,1,,,,,1,,,,
C6BCF1,C6BCF1_RALP1,2.0,1,,,,,1,,,,
C6BNJ3,C6BNJ3_RALP1,2.0,1,,,,,1,,,,
C6BYE4,C6BYE4_DESAD,2.0,1,,,,,1,,,,
C6C960,C6C960_DICDC,2.0,1,,,,,1,,,,
C6C9X8,C6C9X8_DICDC,2.0,1,,,,,1,,,,
C6CB13,C6CB13_DICDC,2.0,1,,,,,1,,,,
C6CEW5,C6CEW5_DICZE,2.0,1,,,,,1,,,,
C6CLW9,C6CLW9_DICZE,2.0,1,,,,,1,,,,
C6D604,C6D604_PAESJ,2.0,1,,,,,1,,,,
C6DDC4,C6DDC4_PECCP,2.0,1,,,,,1,,,,
C6DGN7,C6DGN7_PECCP,2.0,1,,,,,1,,,,
C0QZG4,C0QZG4_BRAHW,2.0,1,,,,,1,,,,
C0QQS8,C0QQS8_PERMH,2.0,1,,,,,1,,,,
B4RLD1,B4RLD1_NEIG2,2.0,1,,,,,1,,,,
B7KWL9,B7KWL9_METC4,2.0,1,,,,,1,,,,
B6JMV7,B6JMV7_HELP2,2.0,1,,,,,1,,,,
D0LU25,D0LU25_HALO1,2.0,1,,,,,1,,,,
D0LNS6,D0LNS6_HALO1,2.0,1,,,,,1,,,,
B7GYI6,B7GYI6_ACIB3,2.0,1,,,,,1,,,,
B7I7W6,B7I7W6_ACIB5,2.0,1,,,,,1,,,,
B7J6K1,B7J6K1_ACIF2,2.0,1,,,,,1,,,,
B7JVN6,B7JVN6_CYAP8,2.0,1,,,,,1,,,,
B7KBD5,B7KBD5_CYAP7,2.0,1,,,,,1,,,,
B7KCL9,B7KCL9_CYAP7,2.0,1,,,,,1,,,,
B7KFH1,B7KFH1_CYAP7,2.0,1,,,,,1,,,,
B7KIG0,B7KIG0_CYAP7,2.0,1,,,,,1,,,,
B7KPG2,B7KPG2_METC4,2.0,1,,,,,1,,,,
B7KWX0,B7KWX0_METC4,2.0,1,,,,,1,,,,
B6JF58,B6JF58_OLICO,2.0,1,,,,,1,,,,
B7L4X7,B7L4X7_ECO55,2.0,1,,,,,1,,,,
D0LLB5,D0LLB5_HALO1,2.0,1,,,,,1,,,,
B7LSQ7,B7LSQ7_ESCF3,2.0,1,,,,,1,,,,
B7M2K8,B7M2K8_ECO8A,2.0,1,,,,,1,,,,
B7MDT1,B7MDT1_ECO45,2.0,1,,,,,1,,,,
B7N1N6,B7N1N6_ECO81,2.0,1,,,,,1,,,,
B7NE55,B7NE55_ECOLU,2.0,1,,,,,1,,,,
B7NML1,B7NML1_ECO7I,2.0,1,,,,,1,,,,
B7P0Z7,B7P0Z7_IXOSC,2.0,1,,,,,1,,,,
D0L5S4,D0L5S4_GORB4,2.0,1,,,,,1,,,,
D0KZ01,D0KZ01_HALNC,2.0,1,,,,,1,,,,
B7PG46,B7PG46_IXOSC,2.0,1,,,,,1,,,,
B6JJ67,B6JJ67_OLICO,2.0,1,,,,,1,,,,
B6JF07,B6JF07_OLICO,2.0,1,,,,,1,,,,
D0KVW5,D0KVW5_HALNC,2.0,1,,,,,1,,,,
B5Z8B6,B5Z8B6_HELPG,2.0,1,,,,,1,,,,
B4SI62,B4SI62_STRM5,2.0,1,,,,,1,,,,
B4SS19,B4SS19_STRM5,2.0,1,,,,,1,,,,
B4UGJ0,B4UGJ0_ANASK,2.0,1,,,,,1,,,,
B5BM47,B5BM47_CAEEL,2.0,,1,,,,1,,,,
B5EPI2,B5EPI2_ACIF5,2.0,1,,,,,1,,,,
B5ESJ9,B5ESJ9_VIBFM,2.0,1,,,,,1,,,,
D0MFT3,D0MFT3_RHOM4,2.0,1,,,,,1,,,,
Q24TZ5,Q24TZ5_DESHY,2.0,1,,,,,1,,,,
D0MD76,D0MD76_RHOM4,2.0,1,,,,,1,,,,
B5XTP7,B5XTP7_KLEP3,2.0,1,,,,,1,,,,
B5XXB9,B5XXB9_KLEP3,2.0,1,,,,,1,,,,
B5YUK0,B5YUK0_ECO5E,2.0,1,,,,,1,,,,
B5ZD75,B5ZD75_GLUDA,2.0,1,,,,,1,,,,
B6JD39,B6JD39_OLICO,2.0,1,,,,,1,,,,
B5ZIA5,B5ZIA5_GLUDA,2.0,1,,,,,1,,,,
B5ZKQ6,B5ZKQ6_GLUDA,2.0,1,,,,,1,,,,
B5ZPE0,B5ZPE0_RHILW,2.0,1,,,,,1,,,,
B5ZTK5,B5ZTK5_RHILW,2.0,1,,,,,1,,,,
D0LXV2,D0LXV2_HALO1,2.0,1,,,,,1,,,,
D0LW70,D0LW70_HALO1,2.0,1,,,,,1,,,,
B6HN90,B6HN90_PENCW,2.0,1,,,,,1,,,,
B6HRT0,B6HRT0_PENCW,2.0,1,,,,,1,,,,
B6I310,B6I310_ECOSE,2.0,1,,,,,1,,,,
B6IP47,B6IP47_RHOCS,2.0,1,,,,,1,,,,
B6IW22,B6IW22_RHOCS,2.0,1,,,,,1,,,,
B6JAG1,B6JAG1_OLICO,2.0,1,,,,,1,,,,
B7PJA1,B7PJA1_IXOSC,2.0,1,,,,,1,,,,
D0KKG5,D0KKG5_PECWW,2.0,1,,,,,1,,,,
B9WG43,B9WG43_CANDC,2.0,1,,,,,1,,,,
B9JTC4,B9JTC4_AGRVS,2.0,1,,,,,1,,,,
B8IQB7,B8IQB7_METNO,2.0,1,,,,,1,,,,
B8IS10,B8IS10_METNO,2.0,1,,,,,1,,,,
B8J3B3,B8J3B3_DESDA,2.0,1,,,,,1,,,,
B8J9N0,B8J9N0_ANAD2,2.0,1,,,,,1,,,,
B8JIJ9,B8JIJ9_DANRE,2.0,,1,,,,1,,,,
B8LBK2,B8LBK2_THAPS,2.0,1,,,,,1,,,,
C9YLD1,C9YLD1_PEPDR,2.0,1,,,,,1,,,,
B9J8W3,B9J8W3_AGRRK,2.0,1,,,,,1,,,,
B9JIX9,B9JIX9_AGRRK,2.0,1,,,,,1,,,,
B9JIY6,B9JIY6_AGRRK,2.0,1,,,,,1,,,,
B9JJI0,B9JJI0_AGRRK,2.0,1,,,,,1,,,,
B9JMU6,B9JMU6_AGRRK,2.0,1,,,,,1,,,,
B9JW69,B9JW69_AGRVS,2.0,1,,,,,1,,,,
B8H7B2,B8H7B2_ARTCA,2.0,1,,,,,1,,,,
B9K0U9,B9K0U9_AGRVS,2.0,1,,,,,1,,,,
B9K4Y3,B9K4Y3_AGRVS,2.0,1,,,,,1,,,,
B9KRD7,B9KRD7_RHOSK,2.0,1,,,,,1,,,,
B9KTC9,B9KTC9_RHOSK,2.0,1,,,,,1,,,,
C9XQ50,C9XQ50_PEPDC,2.0,1,,,,,1,,,,
B9KYQ4,B9KYQ4_THERP,2.0,1,,,,,1,,,,
B9L2C9,B9L2C9_THERP,2.0,1,,,,,1,,,,
B9LH00,B9LH00_CHLSY,2.0,1,,,,,1,,,,
B9LR14,B9LR14_HALLT,2.0,1,,,,,1,,,,
B9M9S9,B9M9S9_ACIET,2.0,1,,,,,1,,,,
B9MF75,B9MF75_ACIET,2.0,1,,,,,1,,,,
B9W6K6,B9W6K6_CANDC,2.0,1,,,,,1,,,,
B8IBU9,B8IBU9_METNO,2.0,1,,,,,1,,,,
B8H2U6,B8H2U6_CAUCN,2.0,1,,,,,1,,,,
D0KCI3,D0KCI3_PECWW,2.0,1,,,,,1,,,,
B7V2S4,B7V2S4_PSEA8,2.0,1,,,,,1,,,,
B7PY63,B7PY63_IXOSC,2.0,1,,,,,1,,,,
D0K7W4,D0K7W4_STAAD,2.0,1,,,,,1,,,,
B7Q4A5,B7Q4A5_IXOSC,2.0,1,,,,,1,,,,
B7Q6Q9,B7Q6Q9_IXOSC,2.0,1,,,,,1,,,,
B7Q9R9,B7Q9R9_IXOSC,2.0,1,,,,,1,,,,
B7QDH6,B7QDH6_IXOSC,2.0,1,,,,,1,,,,
E2RKU6,E2RKU6_CANFA,2.0,1,1,,,,,,,,
B7QLR5,B7QLR5_IXOSC,2.0,1,,,,,1,,,,
D0J520,D0J520_COMT2,2.0,1,,,,,1,,,,
B7UKZ8,B7UKZ8_ECO27,2.0,1,,,,,1,,,,
B7UVN7,B7UVN7_PSEA8,2.0,1,,,,,1,,,,
B7V281,B7V281_PSEA8,2.0,1,,,,,1,,,,
B7VMF7,B7VMF7_VIBTL,2.0,1,,,,,1,,,,
B8GZZ6,B8GZZ6_CAUCN,2.0,1,,,,,1,,,,
D0IXD2,D0IXD2_COMT2,2.0,1,,,,,1,,,,
K7GEV2,K7GEV2_PELSI,2.0,,1,,,1,,,,,
B8CPM4,B8CPM4_SHEPW,2.0,1,,,,,1,,,,
B8D2X7,B8D2X7_DESK1,2.0,1,,,,,1,,,,
B8DJH7,B8DJH7_DESVM,2.0,1,,,,,1,,,,
B8E4Z7,B8E4Z7_SHEB2,2.0,1,,,,,1,,,,
B8EB59,B8EB59_SHEB2,2.0,1,,,,,1,,,,
B8EJJ6,B8EJJ6_METSB,2.0,1,,,,,1,,,,
B8FS95,B8FS95_DESHD,2.0,1,,,,,1,,,,
B8G3Z8,B8G3Z8_CHLAD,2.0,1,,,,,1,,,,
B8GUN8,B8GUN8_THISH,2.0,1,,,,,1,,,,
B8GXJ4,B8GXJ4_CAUCN,2.0,1,,,,,1,,,,
Q21T08,Q21T08_RHOFT,2.0,1,,,,,1,,,,
Q1LG12,Q1LG12_RALME,2.0,1,,,,,1,,,,
Q28JZ1,Q28JZ1_JANSC,2.0,1,,,,,1,,,,
A6QDI7,A6QDI7_STAAE,2.0,1,,,,,1,,,,
A5UV96,A5UV96_ROSS1,2.0,1,,,,,1,,,,
A5UZN1,A5UZN1_ROSS1,2.0,1,,,,,1,,,,
A5V681,A5V681_SPHWW,2.0,1,,,,,1,,,,
A5V9P5,A5V9P5_SPHWW,2.0,1,,,,,1,,,,
A5VEP8,A5VEP8_SPHWW,2.0,1,,,,,1,,,,
A5W2L7,A5W2L7_PSEP1,2.0,1,,,,,1,,,,
A5W931,A5W931_PSEP1,2.0,1,,,,,1,,,,
A5WF77,A5WF77_PSYWF,2.0,1,,,,,1,,,,
A5WKE2,A5WKE2_MYCTF,2.0,1,,,,,1,,,,
A5WQ10,A5WQ10_MYCTF,2.0,1,,,,,1,,,,
A6H0B5,A6H0B5_FLAPJ,2.0,1,,,,,1,,,,
A6SVH4,A6SVH4_JANMA,2.0,1,,,,,1,,,,
A6TL33,A6TL33_ALKMQ,2.0,1,,,,,1,,,,
A6SVJ4,A6SVJ4_JANMA,2.0,1,,,,,1,,,,
A6T134,A6T134_JANMA,2.0,1,,,,,1,,,,
A6T167,A6T167_JANMA,2.0,1,,,,,1,,,,
A6T255,A6T255_JANMA,2.0,1,,,,,1,,,,
A6T258,A6T258_JANMA,2.0,1,,,,,1,,,,
A6T9C8,A6T9C8_KLEP7,2.0,1,,,,,1,,,,
R0JXV7,R0JXV7_ANAPL,2.0,,1,1,,,,,,,
Q9ZK95,Q9ZK95_HELPJ,2.0,1,,,,,1,,,,
A6TF60,A6TF60_KLEP7,2.0,1,,,,,1,,,,
Q9Z2A9,GGT5_MOUSE,2.0,,1,,,,1,,,,
Q9YFW3,Q9YFW3_AERPE,2.0,1,,,,,1,,,,
A5U588,A5U588_MYCTA,2.0,1,,,,,1,,,,
A5U0G1,A5U0G1_MYCTA,2.0,1,,,,,1,,,,
A5IP78,A5IP78_STAA9,2.0,1,,,,,1,,,,
A5IH07,A5IH07_LEGPC,2.0,1,,,,,1,,,,
A4XZ13,A4XZ13_PSEMY,2.0,1,,,,,1,,,,
A4Y024,A4Y024_PSEMY,2.0,1,,,,,1,,,,
A4Y609,A4Y609_SHEPC,2.0,1,,,,,1,,,,
A4YAF3,A4YAF3_SHEPC,2.0,1,,,,,1,,,,
A4YDB8,A4YDB8_METS5,2.0,1,,,,,1,,,,
A4YK66,A4YK66_BRASO,2.0,1,,,,,1,,,,
A4YN17,A4YN17_BRASO,2.0,1,,,,,1,,,,
A4YNE1,A4YNE1_BRASO,2.0,1,,,,,1,,,,
A4YPC6,A4YPC6_BRASO,2.0,1,,,,,1,,,,
A4YR02,A4YR02_BRASO,2.0,1,,,,,1,,,,
A5CSB5,A5CSB5_CLAM3,2.0,1,,,,,1,,,,
A5E8W9,A5E8W9_BRASB,2.0,1,,,,,1,,,,
A5EDY5,A5EDY5_BRASB,2.0,1,,,,,1,,,,
A5EFN6,A5EFN6_BRASB,2.0,1,,,,,1,,,,
A5EQH4,A5EQH4_BRASB,2.0,1,,,,,1,,,,
A5ER06,A5ER06_BRASB,2.0,1,,,,,1,,,,
A5ETH9,A5ETH9_BRASB,2.0,1,,,,,1,,,,
A5F0B5,A5F0B5_VIBC3,2.0,1,,,,,1,,,,
A5F441,A5F441_VIBC3,2.0,1,,,,,1,,,,
A5FBB1,A5FBB1_FLAJ1,2.0,1,,,,,1,,,,
A5G258,A5G258_ACICJ,2.0,1,,,,,1,,,,
A5GK27,A5GK27_SYNPW,2.0,1,,,,,1,,,,
A5GUJ6,A5GUJ6_SYNR3,2.0,1,,,,,1,,,,
Q9XZS5,Q9XZS5_DROME,2.0,,1,,,,1,,,,
Q9VYR2,Q9VYR2_DROME,2.0,,1,,,,1,,,,
Q88H30,Q88H30_PSEPK,2.0,1,,,,,1,,,,
A7ME82,A7ME82_CROS8,2.0,1,,,,,1,,,,
A7FLG0,A7FLG0_YERP3,2.0,1,,,,,1,,,,
Q8YVC7,Q8YVC7_NOSS1,2.0,1,,,,,1,,,,
A7H1C2,A7H1C2_CAMJD,2.0,1,,,,,1,,,,
A7H7I3,A7H7I3_ANADF,2.0,1,,,,,1,,,,
A7HPV0,A7HPV0_PARL1,2.0,1,,,,,1,,,,
A7HTF5,A7HTF5_PARL1,2.0,1,,,,,1,,,,
Q28P08,Q28P08_JANSC,2.0,1,,,,,1,,,,
A7IBQ5,A7IBQ5_XANP2,2.0,1,,,,,1,,,,
A7K5I6,A7K5I6_VIBSE,2.0,1,,,,,1,,,,
Q8RF44,Q8RF44_FUSNN,2.0,1,,,,,,,,,1
Q8REZ0,Q8REZ0_FUSNN,2.0,1,,,,,,,,,1
A7MXS7,A7MXS7_VIBCB,2.0,1,,,,,1,,,,
A6TUJ6,A6TUJ6_ALKMQ,2.0,1,,,,,1,,,,
A7NBD2,A7NBD2_FRATF,2.0,1,,,,,1,,,,
A7NFA9,A7NFA9_ROSCS,2.0,1,,,,,1,,,,
A7NJC1,A7NJC1_ROSCS,2.0,1,,,,,1,,,,
Q8NYK9,Q8NYK9_STAAW,2.0,1,,,,,1,,,,
F6PUZ9,F6PUZ9_MONDO,2.0,1,1,,,,,,,,
A7SE49,A7SE49_NEMVE,2.0,1,,,,,1,,,,
F6R460,F6R460_HORSE,2.0,1,1,,,,,,,,
Q8CMK3,Q8CMK3_STAES,2.0,1,,,,,1,,,,
Q89T21,Q89T21_BRADU,2.0,1,,,,,,,,,1
G3QU68,G3QU68_GORGO,2.0,1,1,,,,,,,,
A7TPD9,A7TPD9_VANPO,2.0,1,,,,,1,,,,
Q8ZT91,Q8ZT91_PYRAE,2.0,1,,,,,1,,,,
Q96Y13,Q96Y13_SULTO,2.0,1,,,,,1,,,,
Q97A97,Q97A97_THEVO,2.0,1,,,,,1,,,,
A7EJ37,A7EJ37_SCLS1,2.0,1,,,,,1,,,,
Q9VWT3,Q9VWT3_DROME,2.0,,1,,,,1,,,,
Q9US04,GGT1_SCHPO,2.0,,,,,,1,,,,1
A6TXZ4,A6TXZ4_STAA2,2.0,1,,,,,1,,,,
Q9R6V5,Q9R6V5_SYNE7,2.0,1,,,,,1,,,,
A6UH74,A6UH74_SINMW,2.0,1,,,,,1,,,,
Q9N5V4,Q9N5V4_CAEEL,2.0,,1,,,,1,,,,
Q9M0G0,GAGT3_ARATH,2.0,,,,,,1,,,,1
Q9M0G0,GAGT3_ARATH,2.0,,,,,,1,,,,1
A6UXV5,A6UXV5_PSEA7,2.0,1,,,,,1,,,,
A6UYG5,A6UYG5_PSEA7,2.0,1,,,,,1,,,,
A6V8L6,A6V8L6_PSEA7,2.0,1,,,,,1,,,,
A6VNH9,A6VNH9_ACTSZ,2.0,1,,,,,1,,,,
A6VSG0,A6VSG0_MARMS,2.0,1,,,,,1,,,,
A6VTR8,A6VTR8_MARMS,2.0,1,,,,,1,,,,
Q9I406,GGT_PSEAE,2.0,1,,,,,1,,,,
Q9HJH4,Q9HJH4_THEAC,2.0,1,,,,,1,,,,
Q9CAR5,GAGT4_ARATH,2.0,,,,,,1,,,,1
A6W4A0,A6W4A0_KINRD,2.0,1,,,,,1,,,,
Q9BX51,GGTL1_HUMAN,2.0,,1,,,,1,,,,
A6WPQ4,A6WPQ4_SHEB8,2.0,1,,,,,1,,,,
A6WSM6,A6WSM6_SHEB8,2.0,1,,,,,1,,,,
A6X7A3,A6X7A3_OCHA4,2.0,1,,,,,1,,,,
Q99X13,Q99X13_STAAM,2.0,1,,,,,1,,,,
A4X7P3,A4X7P3_SALTO,2.0,1,,,,,1,,,,
A4WWM6,A4WWM6_RHOS5,2.0,1,,,,,1,,,,
A4WLQ7,A4WLQ7_PYRAR,2.0,1,,,,,1,,,,
A1TJQ5,A1TJQ5_ACIAC,2.0,1,,,,,1,,,,
A1KTU3,A1KTU3_NEIMF,2.0,1,,,,,1,,,,
A1RAB3,A1RAB3_ARTAT,2.0,1,,,,,1,,,,
A1RFX3,A1RFX3_SHESW,2.0,1,,,,,1,,,,
A1RKI7,A1RKI7_SHESW,2.0,1,,,,,1,,,,
A1RS47,A1RS47_PYRIL,2.0,1,,,,,1,,,,
A1S3C1,A1S3C1_SHEAM,2.0,1,,,,,1,,,,
A1S5W7,A1S5W7_SHEAM,2.0,1,,,,,1,,,,
A1SPP1,A1SPP1_NOCSJ,2.0,1,,,,,1,,,,
A1SXB5,A1SXB5_PSYIN,2.0,1,,,,,1,,,,
A1SXE2,A1SXE2_PSYIN,2.0,1,,,,,1,,,,
A1T4R4,A1T4R4_MYCVP,2.0,1,,,,,1,,,,
A1TL71,A1TL71_ACIAC,2.0,1,,,,,1,,,,
A4WFM5,A4WFM5_ENT38,2.0,1,,,,,1,,,,
A1TM13,A1TM13_ACIAC,2.0,1,,,,,1,,,,
A1TPK1,A1TPK1_ACIAC,2.0,1,,,,,1,,,,
A1TSC9,A1TSC9_ACIAC,2.0,1,,,,,1,,,,
A1TZE2,A1TZE2_MARHV,2.0,1,,,,,1,,,,
A1UB95,A1UB95_MYCSK,2.0,1,,,,,1,,,,
A1UFN1,A1UFN1_MYCSK,2.0,1,,,,,1,,,,
A1UVH8,A1UVH8_BURMS,2.0,1,,,,,1,,,,
A1V012,A1V012_BURMS,2.0,1,,,,,1,,,,
A1V6Z4,A1V6Z4_BURMS,2.0,1,,,,,1,,,,
A1VMP3,A1VMP3_POLNA,2.0,1,,,,,1,,,,
A1VXB4,A1VXB4_CAMJJ,2.0,1,,,,,1,,,,
A1KL84,A1KL84_MYCBP,2.0,1,,,,,1,,,,
A1KGQ6,A1KGQ6_MYCBP,2.0,1,,,,,1,,,,
A1K5I7,A1K5I7_AZOSB,2.0,1,,,,,1,,,,
A1JNT7,A1JNT7_YERE8,2.0,1,,,,,1,,,,
W5PLG0,W5PLG0_SHEEP,2.0,,1,1,,,,,,,
W5NPL2,W5NPL2_SHEEP,2.0,1,1,,,,,,,,
W5MAI2,W5MAI2_LEPOC,2.0,,1,1,,,,,,,
A0AZU0,A0AZU0_BURCH,2.0,1,,,,,1,,,,
A0B1G2,A0B1G2_BURCH,2.0,1,,,,,1,,,,
A0JTC4,A0JTC4_ARTS2,2.0,1,,,,,1,,,,
A0JWG8,A0JWG8_ARTS2,2.0,1,,,,,1,,,,
A0KA96,A0KA96_BURCH,2.0,1,,,,,1,,,,
A0KAV3,A0KAV3_BURCH,2.0,1,,,,,1,,,,
A0KCN8,A0KCN8_BURCH,2.0,1,,,,,1,,,,
A0KMQ0,A0KMQ0_AERHH,2.0,1,,,,,1,,,,
A0KY47,A0KY47_SHESA,2.0,1,,,,,1,,,,
A0L118,A0L118_SHESA,2.0,1,,,,,1,,,,
A0M2S5,A0M2S5_GRAFK,2.0,1,,,,,1,,,,
A0PJJ9,A0PJJ9_HUMAN,2.0,1,,,,,,,1,,
A0Q730,A0Q730_FRATN,2.0,1,,,,,1,,,,
A0QAQ5,A0QAQ5_MYCA1,2.0,1,,,,,1,,,,
A0QNW1,A0QNW1_MYCS2,2.0,1,,,,,1,,,,
A0QSF7,A0QSF7_MYCS2,2.0,1,,,,,1,,,,
A0QSV5,A0QSV5_MYCS2,2.0,1,,,,,1,,,,
A0QWV4,A0QWV4_MYCS2,2.0,1,,,,,1,,,,
A1AGX8,A1AGX8_ECOK1,2.0,1,,,,,1,,,,
A1AZS8,A1AZS8_PARDP,2.0,1,,,,,1,,,,
A1W4V3,A1W4V3_ACISJ,2.0,1,,,,,1,,,,
A1WDD0,A1WDD0_ACISJ,2.0,1,,,,,1,,,,
A1WFJ9,A1WFJ9_VEREI,2.0,1,,,,,1,,,,
A3QEX6,A3QEX6_SHELP,2.0,1,,,,,1,,,,
A4CL13,A4CL13_ROBBH,2.0,1,,,,,1,,,,
A4F5X5,A4F5X5_SACEN,2.0,1,,,,,1,,,,
A4FBJ2,A4FBJ2_SACEN,2.0,1,,,,,1,,,,
A4G2S7,A4G2S7_HERAR,2.0,1,,,,,1,,,,
A4G7V1,A4G7V1_HERAR,2.0,1,,,,,1,,,,
A4G7X0,A4G7X0_HERAR,2.0,1,,,,,1,,,,
A4G8F9,A4G8F9_HERAR,2.0,1,,,,,1,,,,
A4ITG5,A4ITG5_GEOTN,2.0,1,,,,,1,,,,
A4IYL0,A4IYL0_FRATW,2.0,1,,,,,1,,,,
A4JHM3,A4JHM3_BURVG,2.0,1,,,,,1,,,,
A4JI66,A4JI66_BURVG,2.0,1,,,,,1,,,,
A4JN51,A4JN51_BURVG,2.0,1,,,,,1,,,,
A4JPA2,A4JPA2_BURVG,2.0,1,,,,,1,,,,
A4JPM2,A4JPM2_BURVG,2.0,1,,,,,1,,,,
A4QCT5,A4QCT5_CORGB,2.0,1,,,,,1,,,,
A4SQ98,A4SQ98_AERS4,2.0,1,,,,,1,,,,
A4SW01,A4SW01_POLSQ,2.0,1,,,,,1,,,,
A4SY15,A4SY15_POLSQ,2.0,1,,,,,1,,,,
A4TC10,A4TC10_MYCGI,2.0,1,,,,,1,,,,
A4TPI1,A4TPI1_YERPP,2.0,1,,,,,1,,,,
A4VNG4,A4VNG4_PSEU5,2.0,1,,,,,1,,,,
A4VRM6,A4VRM6_PSEU5,2.0,1,,,,,1,,,,
A4W6W2,A4W6W2_ENT38,2.0,1,,,,,1,,,,
A4CG47,A4CG47_ROBBH,2.0,1,,,,,1,,,,
A3PZ92,A3PZ92_MYCSJ,2.0,1,,,,,1,,,,
A1WJ78,A1WJ78_VEREI,2.0,1,,,,,1,,,,
A3PUW0,A3PUW0_MYCSJ,2.0,1,,,,,1,,,,
A1WNF9,A1WNF9_VEREI,2.0,1,,,,,1,,,,
A1WNP3,A1WNP3_VEREI,2.0,1,,,,,1,,,,
A1WQJ2,A1WQJ2_VEREI,2.0,1,,,,,1,,,,
A2RWM4,A2RWM4_BURM9,2.0,1,,,,,1,,,,
A2S5Z3,A2S5Z3_BURM9,2.0,1,,,,,1,,,,
A2S8R9,A2S8R9_BURM9,2.0,1,,,,,1,,,,
A2SKA5,A2SKA5_METPP,2.0,1,,,,,1,,,,
A2SKB9,A2SKB9_METPP,2.0,1,,,,,1,,,,
A3D070,A3D070_SHEB5,2.0,1,,,,,1,,,,
U3KDY2,U3KDY2_FICAL,2.0,,1,1,,,,,,,
A3D5V0,A3D5V0_SHEB5,2.0,1,,,,,1,,,,
A3DNU9,A3DNU9_STAMF,2.0,1,,,,,1,,,,
A3ME27,A3ME27_BURM7,2.0,1,,,,,1,,,,
A3MNZ7,A3MNZ7_BURM7,2.0,1,,,,,1,,,,
A3MPZ1,A3MPZ1_BURM7,2.0,1,,,,,1,,,,
A3MWW8,A3MWW8_PYRCJ,2.0,1,,,,,1,,,,
A3N579,A3N579_BURP6,2.0,1,,,,,1,,,,
A3NKE7,A3NKE7_BURP6,2.0,1,,,,,1,,,,
A3NQX9,A3NQX9_BURP0,2.0,1,,,,,1,,,,
A3NRQ5,A3NRQ5_BURP0,2.0,1,,,,,1,,,,
A3P613,A3P613_BURP0,2.0,1,,,,,1,,,,
A3PG03,A3PG03_RHOS1,2.0,1,,,,,1,,,,
A3PRW7,A3PRW7_RHOS1,2.0,1,,,,,1,,,,
Q89BC5,Q89BC5_BRADU,2.0,1,,,,,,,,,1
A7HYA1,A7HYA1_PARL1,2.0,1,,,,,1,,,,
Q88E09,Q88E09_PSEPK,2.0,1,,,,,1,,,,
B0SGN0,B0SGN0_LEPBA,2.0,1,,,,,1,,,,
B0KPT8,B0KPT8_PSEPG,2.0,1,,,,,1,,,,
Q51693,CAPD_BACAN,2.0,1,,,,,1,,,,
Q4ZYL1,Q4ZYL1_PSEU2,2.0,1,,,,,1,,,,
Q4ZT02,Q4ZT02_PSEU2,2.0,1,,,,,1,,,,
B0RHZ3,B0RHZ3_CLAMS,2.0,1,,,,,1,,,,
B0RM60,B0RM60_XANCB,2.0,1,,,,,1,,,,
Q4UZY6,Q4UZY6_XANC8,2.0,1,,,,,1,,,,
Q4UYF6,Q4UYF6_XANC8,2.0,1,,,,,1,,,,
Q4UVY2,Q4UVY2_XANC8,2.0,1,,,,,1,,,,
Q4T6N8,Q4T6N8_TETNG,2.0,,,,,,1,,1,,
B0RP33,B0RP33_XANCB,2.0,1,,,,,1,,,,
B0RRQ1,B0RRQ1_XANCB,2.0,1,,,,,1,,,,
B0S9Z5,B0S9Z5_LEPBA,2.0,1,,,,,1,,,,
B0SQ91,B0SQ91_LEPBP,2.0,1,,,,,1,,,,
B0JUA5,B0JUA5_MICAN,2.0,1,,,,,1,,,,
B0SSC7,B0SSC7_LEPBP,2.0,1,,,,,1,,,,
Q4L931,Q4L931_STAHJ,2.0,1,,,,,1,,,,
Q4KIM5,Q4KIM5_PSEF5,2.0,1,,,,,1,,,,
Q4K672,Q4K672_PSEF5,2.0,1,,,,,1,,,,
Q4JBJ1,Q4JBJ1_SULAC,2.0,1,,,,,1,,,,
B0SVN1,B0SVN1_CAUSK,2.0,1,,,,,1,,,,
Q4FSI1,Q4FSI1_PSYA2,2.0,1,,,,,1,,,,
Q4A0B0,Q4A0B0_STAS1,2.0,1,,,,,1,,,,
Q48NM5,Q48NM5_PSE14,2.0,1,,,,,1,,,,
Q48I11,Q48I11_PSE14,2.0,1,,,,,1,,,,
Q482Z2,Q482Z2_COLP3,2.0,1,,,,,1,,,,
Q47UF3,Q47UF3_COLP3,2.0,1,,,,,1,,,,
Q474G3,Q474G3_CUPPJ,2.0,1,,,,,1,,,,
B0KHS0,B0KHS0_PSEPG,2.0,1,,,,,1,,,,
Q59TL1,Q59TL1_CANAL,2.0,1,,,,,1,,,,
A9IUM5,A9IUM5_BORPD,2.0,1,,,,,1,,,,
A9W1H9,A9W1H9_METEP,2.0,1,,,,,1,,,,
Q60928,GGT1_MOUSE,2.0,,1,,,,1,,,,
A9L345,A9L345_SHEB9,2.0,1,,,,,1,,,,
Q5ZY25,Q5ZY25_LEGPH,2.0,1,,,,,1,,,,
A9L5W7,A9L5W7_SHEB9,2.0,1,,,,,1,,,,
Q5X7J5,Q5X7J5_LEGPA,2.0,1,,,,,1,,,,
Q5WYZ3,Q5WYZ3_LEGPL,2.0,1,,,,,1,,,,
Q5WIK5,Q5WIK5_BACSK,2.0,1,,,,,1,,,,
Q5SK93,Q5SK93_THET8,2.0,1,,,,,1,,,,
A9LYX6,A9LYX6_NEIM0,2.0,1,,,,,1,,,,
Q5P4M1,Q5P4M1_AROAE,2.0,1,,,,,1,,,,
Q5N2F5,Q5N2F5_SYNP6,2.0,1,,,,,1,,,,
A9V609,A9V609_MONBE,2.0,,,,,,1,,,,1
A9V8W3,A9V8W3_MONBE,2.0,1,,,,,1,,,,
A9W3J7,A9W3J7_METEP,2.0,1,,,,,1,,,,
Q5ABB7,Q5ABB7_CANAL,2.0,1,,,,,,,,,1
Q889G3,Q889G3_PSESM,2.0,1,,,,,1,,,,
Q5KJX7,Q5KJX7_CRYNJ,2.0,1,,,,,,,,,1
A9W9H8,A9W9H8_METEP,2.0,1,,,,,1,,,,
A9WEJ5,A9WEJ5_CHLAA,2.0,1,,,,,1,,,,
Q5HL84,Q5HL84_STAEQ,2.0,1,,,,,1,,,,
Q5HJH0,Q5HJH0_STAAC,2.0,1,,,,,1,,,,
A9WL76,A9WL76_RENSM,2.0,1,,,,,1,,,,
A9WVJ2,A9WVJ2_RENSM,2.0,1,,,,,1,,,,
B0C3Q0,B0C3Q0_ACAM1,2.0,1,,,,,1,,,,
Q5E1E0,Q5E1E0_VIBF1,2.0,1,,,,,1,,,,
Q5B6R3,Q5B6R3_EMENI,2.0,1,,,,,1,,,,
Q5B1C2,Q5B1C2_EMENI,2.0,1,,,,,1,,,,
Q5ABB7,Q5ABB7_CANAL,2.0,1,,,,,,,,,1
Q473P9,Q473P9_CUPPJ,2.0,1,,,,,1,,,,
Q46U63,Q46U63_CUPPJ,2.0,1,,,,,1,,,,
Q3YW80,Q3YW80_SHISS,2.0,1,,,,,1,,,,
Q2KXJ4,Q2KXJ4_BORA1,2.0,1,,,,,1,,,,
Q2T668,Q2T668_BURTA,2.0,1,,,,,1,,,,
Q2T1K2,Q2T1K2_BURTA,2.0,1,,,,,1,,,,
Q2T0Y8,Q2T0Y8_BURTA,2.0,1,,,,,1,,,,
Q2S7F2,Q2S7F2_HAHCH,2.0,1,,,,,1,,,,
Q2S452,Q2S452_SALRD,2.0,1,,,,,1,,,,
Q2RZ73,Q2RZ73_SALRD,2.0,1,,,,,1,,,,
Q2RXF5,Q2RXF5_RHORT,2.0,1,,,,,1,,,,
Q2RUP5,Q2RUP5_RHORT,2.0,1,,,,,1,,,,
B0T6N6,B0T6N6_CAUSK,2.0,1,,,,,1,,,,
Q2RP33,Q2RP33_RHORT,2.0,1,,,,,1,,,,
Q2P2V3,Q2P2V3_XANOM,2.0,1,,,,,1,,,,
Q2N6N5,Q2N6N5_ERYLH,2.0,1,,,,,1,,,,
Q2L1I6,Q2L1I6_BORA1,2.0,1,,,,,1,,,,
Q2KWR3,Q2KWR3_BORA1,2.0,1,,,,,1,,,,
Q3SWB2,Q3SWB2_NITWN,2.0,1,,,,,1,,,,
Q2KVS0,Q2KVS0_BORA1,2.0,1,,,,,1,,,,
Q2K8A6,Q2K8A6_RHIEC,2.0,1,,,,,1,,,,
Q2K4E4,Q2K4E4_RHIEC,2.0,1,,,,,1,,,,
Q2JRY6,Q2JRY6_SYNJA,2.0,1,,,,,1,,,,
Q2JJW3,Q2JJW3_SYNJB,2.0,1,,,,,1,,,,
Q2J416,Q2J416_RHOP2,2.0,1,,,,,1,,,,
Q2IS92,Q2IS92_RHOP2,2.0,1,,,,,1,,,,
Q2IR27,Q2IR27_RHOP2,2.0,1,,,,,1,,,,
Q2IGL0,Q2IGL0_ANADE,2.0,1,,,,,1,,,,
Q2GBY2,Q2GBY2_NOVAD,2.0,1,,,,,1,,,,
Q2G1F4,Q2G1F4_STAA8,2.0,1,,,,,1,,,,
B0TJI2,B0TJI2_SHEHH,2.0,1,,,,,1,,,,
B0TXV1,B0TXV1_FRAP2,2.0,1,,,,,1,,,,
B0T5H0,B0T5H0_CAUSK,2.0,1,,,,,1,,,,
Q2VZ62,Q2VZ62_MAGSA,2.0,1,,,,,1,,,,
Q2YV21,Q2YV21_STAAB,2.0,1,,,,,1,,,,
Q311F8,Q311F8_DESAG,2.0,1,,,,,1,,,,
Q3SJ07,Q3SJ07_THIDA,2.0,1,,,,,1,,,,
Q3M8I6,Q3M8I6_ANAVT,2.0,1,,,,,1,,,,
Q3KAA1,Q3KAA1_PSEPF,2.0,1,,,,,1,,,,
Q3K6V3,Q3K6V3_PSEPF,2.0,1,,,,,1,,,,
Q3JWK9,Q3JWK9_BURP1,2.0,1,,,,,1,,,,
Q3JVS9,Q3JVS9_BURP1,2.0,1,,,,,1,,,,
Q3JLU6,Q3JLU6_BURP1,2.0,1,,,,,1,,,,
Q3JD14,Q3JD14_NITOC,2.0,1,,,,,1,,,,
Q3J6E4,Q3J6E4_RHOS4,2.0,1,,,,,1,,,,
Q3IX54,Q3IX54_RHOS4,2.0,1,,,,,1,,,,
Q3IS75,Q3IS75_NATPD,2.0,1,,,,,1,,,,
Q3IGP4,Q3IGP4_PSEHT,2.0,1,,,,,1,,,,
Q3BYW8,Q3BYW8_XANC5,2.0,1,,,,,1,,,,
Q3BS26,Q3BS26_XANC5,2.0,1,,,,,1,,,,
Q3BPK4,Q3BPK4_XANC5,2.0,1,,,,,1,,,,
Q3AYR3,Q3AYR3_SYNS9,2.0,1,,,,,1,,,,
Q3AJC4,Q3AJC4_SYNSC,2.0,1,,,,,1,,,,
Q39PE3,Q39PE3_BURL3,2.0,1,,,,,1,,,,
Q39D71,Q39D71_BURL3,2.0,1,,,,,1,,,,
Q39CJ9,Q39CJ9_BURL3,2.0,1,,,,,1,,,,
Q398K1,Q398K1_BURL3,2.0,1,,,,,1,,,,
Q394Z7,Q394Z7_BURL3,2.0,1,,,,,1,,,,
Q32AT7,Q32AT7_SHIDS,2.0,1,,,,,1,,,,
Q31VH8,Q31VH8_SHIBS,2.0,1,,,,,1,,,,
Q31RV2,Q31RV2_SYNE7,2.0,1,,,,,1,,,,
Q31FR6,Q31FR6_THICR,2.0,1,,,,,1,,,,
Q31EW6,Q31EW6_THICR,2.0,1,,,,,1,,,,
A9IV40,A9IV40_BORPD,2.0,1,,,,,1,,,,
C7RCW7,C7RCW7_KANKD,2.0,1,,,,,1,,,,
H0ZXP6,H0ZXP6_TAEGU,2.0,,1,,,1,,,,,
A8I2G8,A8I2G8_AZOC5,2.0,1,,,,,1,,,,
Q6P531,GGT6_HUMAN,2.0,1,1,,,,,,,,
A8Z0G8,A8Z0G8_STAAT,2.0,1,,,,,1,,,,
A9A3G8,A9A3G8_NITMS,2.0,1,,,,,1,,,,
A8I9C2,A8I9C2_AZOC5,2.0,1,,,,,1,,,,
A9AFH7,A9AFH7_BURM1,2.0,1,,,,,1,,,,
A9AL19,A9AL19_BURM1,2.0,1,,,,,1,,,,
A9B036,A9B036_HERA2,2.0,1,,,,,1,,,,
F6XP62,F6XP62_CIOIN,2.0,,1,,,1,,,,,
Q6KZT2,Q6KZT2_PICTO,2.0,1,,,,,1,,,,
Q6IE08,GGT6_RAT,2.0,1,1,,,,,,,,
Q6GKA5,Q6GKA5_STAAR,2.0,1,,,,,1,,,,
Q6GCR6,Q6GCR6_STAAS,2.0,1,,,,,1,,,,
A8H3Q0,A8H3Q0_SHEPA,2.0,1,,,,,1,,,,
Q6FEU4,Q6FEU4_ACIAD,2.0,1,,,,,1,,,,
Q6PDE7,GGT6_MOUSE,2.0,1,1,,,,,,,,
Q72KW1,Q72KW1_THET2,2.0,1,,,,,1,,,,
A7ZSX8,A7ZSX8_ECO24,2.0,1,,,,,1,,,,
Q7U6E4,Q7U6E4_SYNPX,2.0,1,,,,,1,,,,
A8LJZ4,A8LJZ4_DINSH,2.0,1,,,,,1,,,,
A8LQD5,A8LQD5_DINSH,2.0,1,,,,,1,,,,
A8LUI7,A8LUI7_DINSH,2.0,1,,,,,1,,,,
A8M437,A8M437_SALAI,2.0,1,,,,,1,,,,
A8IQE2,A8IQE2_AZOC5,2.0,1,,,,,1,,,,
A8ME92,A8ME92_CALMQ,2.0,1,,,,,1,,,,
Q7NI25,Q7NI25_GLOVI,2.0,1,,,,,,,,,1
A7YWM1,GGT6_BOVIN,2.0,1,1,,,,,,,,
A8ILL1,A8ILL1_AZOC5,2.0,1,,,,,1,,,,
Q7KX02,Q7KX02_CAEEL,2.0,,1,,,,1,,,,
A7Z5E0,A7Z5E0_BACA2,2.0,1,,,,,1,,,,
Q7D2W8,Q7D2W8_AGRT5,2.0,1,,,,,1,,,,
Q7A7Y8,Q7A7Y8_STAAN,2.0,1,,,,,1,,,,
A7Z9I1,A7Z9I1_BACA2,2.0,1,,,,,1,,,,
A8GEP5,A8GEP5_SERP5,2.0,1,,,,,1,,,,
A9BJQ6,A9BJQ6_PETMO,2.0,1,,,,,1,,,,
A8A5Q4,A8A5Q4_ECOHS,2.0,1,,,,,1,,,,
Q6CC93,Q6CC93_YARLI,2.0,1,,,,,,,,,1
A9IRM9,A9IRM9_BORPD,2.0,1,,,,,1,,,,
A9IDQ0,A9IDQ0_BORPD,2.0,1,,,,,1,,,,
A9I804,A9I804_BORPD,2.0,1,,,,,1,,,,
A8AQZ9,A8AQZ9_CITK8,2.0,1,,,,,1,,,,
Q65E49,Q65E49_BACLD,2.0,1,,,,,1,,,,
Q65KZ6,Q65KZ6_BACLD,2.0,1,,,,,1,,,,
A8ETE7,A8ETE7_ARCB4,2.0,1,,,,,1,,,,
A9FZ92,A9FZ92_SORC5,2.0,1,,,,,1,,,,
A8F6E0,A8F6E0_THELT,2.0,1,,,,,1,,,,
A7WXK2,A7WXK2_STAA1,2.0,1,,,,,1,,,,
A8FC81,A8FC81_BACP2,2.0,1,,,,,1,,,,
A9F1I3,A9F1I3_SORC5,2.0,1,,,,,1,,,,
Q87EM5,Q87EM5_XYLFT,2.0,1,,,,,1,,,,
A9CH16,A9CH16_AGRT5,2.0,1,,,,,1,,,,
A8JV19,A8JV19_DROME,2.0,,1,,,,1,,,,
A9BS16,A9BS16_DELAS,2.0,1,,,,,1,,,,
A9BV96,A9BV96_DELAS,2.0,1,,,,,1,,,,
A9C382,A9C382_DELAS,2.0,1,,,,,1,,,,
A8GAM1,A8GAM1_SERP5,2.0,1,,,,,1,,,,
A8FJJ7,A8FJJ7_CAMJ8,2.0,1,,,,,1,,,,
Q6FDN4,Q6FDN4_ACIAD,2.0,1,,,,,1,,,,
A9C2R6,A9C2R6_DELAS,2.0,1,,,,,1,,,,
A8FRT6,A8FRT6_SHESH,2.0,1,,,,,1,,,,
A8GA96,A8GA96_SERP5,2.0,1,,,,,1,,,,
A8FWS3,A8FWS3_SHESH,2.0,1,,,,,1,,,,
A9BSS4,A9BSS4_DELAS,2.0,1,,,,,1,,,,
E1SPE6,E1SPE6_FERBD,1.0,1,,,,,,,,,
D5W9R8,D5W9R8_BURSC,1.0,1,,,,,,,,,
E3HJB1,E3HJB1_ACHXA,1.0,1,,,,,,,,,
D5WD07,D5WD07_BURSC,1.0,1,,,,,,,,,
E1TK13,E1TK13_BURSG,1.0,1,,,,,,,,,
D5WGE4,D5WGE4_BURSC,1.0,1,,,,,,,,,
E1SEH5,E1SEH5_PANVC,1.0,1,,,,,,,,,
D5WK65,D5WK65_BURSC,1.0,1,,,,,,,,,
D7FCN4,D7FCN4_HELP3,1.0,1,,,,,,,,,
E1SGZ4,E1SGZ4_PANVC,1.0,1,,,,,,,,,
E1TI21,E1TI21_BURSG,1.0,1,,,,,,,,,
E3HQ87,E3HQ87_ACHXA,1.0,1,,,,,,,,,
E1SK29,E1SK29_PANVC,1.0,1,,,,,,,,,
E1SP84,E1SP84_FERBD,1.0,1,,,,,,,,,
E1SUF1,E1SUF1_FERBD,1.0,1,,,,,,,,,
D9QLU9,D9QLU9_BRESC,1.0,1,,,,,,,,,
D9RIZ3,D9RIZ3_STAAK,1.0,1,,,,,,,,,
E1TB64,E1TB64_BURSG,1.0,1,,,,,,,,,
E1T4F8,E1T4F8_BURSG,1.0,1,,,,,,,,,
D7C2X7,D7C2X7_STRBB,1.0,1,,,,,,,,,
D5VEA6,D5VEA6_CAUST,1.0,1,,,,,,,,,
D5GAK7,D5GAK7_TUBMM,1.0,1,,,,,,,,,
D5UL05,D5UL05_CELFN,1.0,1,,,,,,,,,
D5U658,D5U658_BRAM5,1.0,1,,,,,,,,,
D5U172,D5U172_THEAM,1.0,1,,,,,,,,,
D5T9D5,D5T9D5_LEGP2,1.0,1,,,,,,,,,
D5STJ3,D5STJ3_PLAL2,1.0,1,,,,,,,,,
D5HCP3,D5HCP3_SALRM,1.0,1,,,,,,,,,
D5H7K4,D5H7K4_SALRM,1.0,1,,,,,,,,,
D5EGY0,D5EGY0_AMICL,1.0,1,,,,,,,,,
E1S9Q7,E1S9Q7_HELP9,1.0,1,,,,,,,,,
D5E2F2,D5E2F2_BACMQ,1.0,1,,,,,,,,,
D8I619,D8I619_AMYMU,1.0,1,,,,,,,,,
D5E2F0,D5E2F0_BACMQ,1.0,1,,,,,,,,,
D5E1N4,D5E1N4_BACMQ,1.0,1,,,,,,,,,
D5DYL7,D5DYL7_BACMQ,1.0,1,,,,,,,,,
D5DW63,D5DW63_BACMQ,1.0,1,,,,,,,,,
D5DP26,D5DP26_BACMQ,1.0,1,,,,,,,,,
E0TCW4,E0TCW4_PARBH,1.0,1,,,,,,,,,
E0IZS5,E0IZS5_ECOLW,1.0,1,,,,,,,,,
D5URU4,D5URU4_TSUPD,1.0,1,,,,,,,,,
D8HZG8,D8HZG8_AMYMU,1.0,1,,,,,,,,,
E1QRS1,E1QRS1_VULDI,1.0,1,,,,,,,,,
E1Q351,E1Q351_HELPP,1.0,1,,,,,,,,,
E1Q0I3,E1Q0I3_HELPM,1.0,1,,,,,,,,,
E1BYP0,E1BYP0_CHICK,1.0,,1,,,,,,,,
E0UGX7,E0UGX7_CYAP2,1.0,1,,,,,,,,,
D7GV25,D7GV25_9FIRM,1.0,1,,,,,,,,,
D5V4D6,D5V4D6_ARCNC,1.0,1,,,,,,,,,
D8GIA3,D8GIA3_CLOLD,1.0,1,,,,,,,,,
E1US40,E1US40_BACAS,1.0,1,,,,,,,,,
D8HAK3,D8HAK3_BACAI,1.0,1,,,,,,,,,
E0UE44,E0UE44_CYAP2,1.0,1,,,,,,,,,
E0U510,E0U510_BACPZ,1.0,1,,,,,,,,,
D8HT54,D8HT54_AMYMU,1.0,1,,,,,,,,,
E0TY05,E0TY05_BACPZ,1.0,1,,,,,,,,,
E0TH71,E0TH71_PARBH,1.0,1,,,,,,,,,
D9TCC1,D9TCC1_MICAI,1.0,1,,,,,,,,,
D6DWG9,D6DWG9_ENTCL,1.0,1,,,,,,,,,
E1UV41,E1UV41_BACAS,1.0,1,,,,,,,,,
E3DXL0,E3DXL0_BACA1,1.0,1,,,,,,,,,
E3F536,E3F536_KETVY,1.0,1,,,,,,,,,
D6ZYS9,D6ZYS9_STAND,1.0,1,,,,,,,,,
D8JTE5,D8JTE5_HYPDA,1.0,1,,,,,,,,,
E3F4T7,E3F4T7_KETVY,1.0,1,,,,,,,,,
D8K925,D8K925_NITWC,1.0,1,,,,,,,,,
D8PPA6,D8PPA6_SCHCM,1.0,1,,,,,,,,,
D6ZZL2,D6ZZL2_STAND,1.0,1,,,,,,,,,
D8NG80,D8NG80_RALSL,1.0,1,,,,,,,,,
D8P2E3,D8P2E3_RALSL,1.0,1,,,,,,,,,
D7CT66,D7CT66_TRURR,1.0,1,,,,,,,,,
D7C619,D7C619_STRBB,1.0,1,,,,,,,,,
E2LAJ6,E2LAJ6_MONPE,1.0,1,,,,,,,,,
E3F3S1,E3F3S1_KETVY,1.0,1,,,,,,,,,
E3E3P3,E3E3P3_BACA1,1.0,1,,,,,,,,,
E3DJ96,E3DJ96_ERWSE,1.0,1,,,,,,,,,
E1V695,E1V695_HALED,1.0,1,,,,,,,,,
E3DI76,E3DI76_ERWSE,1.0,1,,,,,,,,,
E3DF39,E3DF39_ERWSE,1.0,1,,,,,,,,,
E2LCD5,E2LCD5_MONPE,1.0,1,,,,,,,,,
D8N844,D8N844_RALSL,1.0,1,,,,,,,,,
D8MZ23,D8MZ23_RALSL,1.0,1,,,,,,,,,
E2QFV1,E2QFV1_ECOLX,1.0,1,,,,,,,,,
D7A3G3,D7A3G3_STAND,1.0,1,,,,,,,,,
D7AAM1,D7AAM1_STAND,1.0,1,,,,,,,,,
D7AXE7,D7AXE7_NOCDD,1.0,1,,,,,,,,,
D7BFQ5,D7BFQ5_MEISD,1.0,1,,,,,,,,,
D8MLM2,D8MLM2_ERWBE,1.0,1,,,,,,,,,
D8MNI1,D8MNI1_ERWBE,1.0,1,,,,,,,,,
D8MY58,D8MY58_ERWBE,1.0,1,,,,,,,,,
E3D4K2,E3D4K2_NEIM7,1.0,1,,,,,,,,,
D8JEN6,D8JEN6_ACISD,1.0,1,,,,,,,,,
D8JCC3,D8JCC3_HALJB,1.0,1,,,,,,,,,
D6ZCP8,D6ZCP8_SEGRD,1.0,1,,,,,,,,,
E3GAZ6,E3GAZ6_ENTLS,1.0,1,,,,,,,,,
D8IAU0,D8IAU0_BRAP9,1.0,1,,,,,,,,,
E1V9S7,E1V9S7_HALED,1.0,1,,,,,,,,,
E1VH20,E1VH20_9GAMM,1.0,1,,,,,,,,,
E1VS92,E1VS92_ARTAR,1.0,1,,,,,,,,,
D8NN03,D8NN03_RALSL,1.0,1,,,,,,,,,
E3HJ87,E3HJ87_ACHXA,1.0,1,,,,,,,,,
E1X4V3,E1X4V3_BACMS,1.0,1,,,,,,,,,
D5WLP6,D5WLP6_BURSC,1.0,1,,,,,,,,,
E3HHM4,E3HHM4_ACHXA,1.0,1,,,,,,,,,
D5WPS8,D5WPS8_KYRT2,1.0,1,,,,,,,,,
D6AYR0,D6AYR0_9ACTO,1.0,1,,,,,,,,,
D8NQ72,D8NQ72_RALSL,1.0,1,,,,,,,,,
D6DW29,D6DW29_ENTCL,1.0,1,,,,,,,,,
E2RTH3,E2RTH3_CANFA,1.0,,1,,,,,,,,
E3HHD6,E3HHD6_ACHXA,1.0,1,,,,,,,,,
E3HFF8,E3HFF8_ACHXA,1.0,1,,,,,,,,,
D6XQY8,D6XQY8_HELPV,1.0,1,,,,,,,,,
D6XYG3,D6XYG3_BACIE,1.0,1,,,,,,,,,
D6XYT2,D6XYT2_BACIE,1.0,1,,,,,,,,,
D7D9A3,D7D9A3_STAHD,1.0,1,,,,,,,,,
D6XZK7,D6XZK7_BACIE,1.0,1,,,,,,,,,
D6Y0J1,D6Y0J1_BACIE,1.0,1,,,,,,,,,
D8PSJ2,D8PSJ2_SCHCM,1.0,1,,,,,,,,,
D8PSG6,D8PSG6_SCHCM,1.0,1,,,,,,,,,
D8IRD3,D8IRD3_HERSS,1.0,1,,,,,,,,,
D8J1I5,D8J1I5_HERSS,1.0,1,,,,,,,,,
D8J3Z3,D8J3Z3_HALJB,1.0,1,,,,,,,,,
D8J5F7,D8J5F7_HALJB,1.0,1,,,,,,,,,
D6Y6H7,D6Y6H7_THEBD,1.0,1,,,,,,,,,
E3F4I3,E3F4I3_KETVY,1.0,1,,,,,,,,,
X1WE92,X1WE92_DANRE,1.0,,1,,,,,,,,
E3HQY0,E3HQY0_ACHXA,1.0,1,,,,,,,,,
E8UE91,E8UE91_TAYEM,1.0,1,,,,,,,,,
E9QDV5,E9QDV5_DANRE,1.0,,1,,,,,,,,
F0IZ09,F0IZ09_ACIMA,1.0,1,,,,,,,,,
F0J5N2,F0J5N2_ACIMA,1.0,1,,,,,,,,,
F0KG47,F0KG47_ACICP,1.0,1,,,,,,,,,
F0LA00,F0LA00_AGRSH,1.0,1,,,,,,,,,
F0LGM2,F0LGM2_AGRSH,1.0,1,,,,,,,,,
F0LPQ2,F0LPQ2_VIBFN,1.0,1,,,,,,,,,
F0LWX1,F0LWX1_VIBFN,1.0,1,,,,,,,,,
F0M454,F0M454_ARTPP,1.0,1,,,,,,,,,
F0M8H7,F0M8H7_ARTPP,1.0,1,,,,,,,,,
F0MMJ2,F0MMJ2_NEIMH,1.0,1,,,,,,,,,
F0NC23,F0NC23_SULIR,1.0,1,,,,,,,,,
F0NQF8,F0NQF8_SULIH,1.0,1,,,,,,,,,
F0Q299,F0Q299_ACIAP,1.0,1,,,,,,,,,
F0Q417,F0Q417_ACIAP,1.0,1,,,,,,,,,
F0Q653,F0Q653_ACIAP,1.0,1,,,,,,,,,
F0Q864,F0Q864_ACIAP,1.0,1,,,,,,,,,
F0QC47,F0QC47_ACIAP,1.0,1,,,,,,,,,
F0QX10,F0QX10_VULM7,1.0,1,,,,,,,,,
E9PHP2,E9PHP2_HUMAN,1.0,,1,,,,,,,,
E9FD74,E9FD74_METRA,1.0,1,,,,,,,,,
E9FB59,E9FB59_METRA,1.0,1,,,,,,,,,
E8XRL7,E8XRL7_RAHSY,1.0,1,,,,,,,,,
E8VCN4,E8VCN4_BACST,1.0,1,,,,,,,,,
E8VJU8,E8VJU8_BACST,1.0,1,,,,,,,,,
E8WDQ1,E8WDQ1_STRFA,1.0,1,,,,,,,,,
D5DH37,D5DH37_BACMD,1.0,1,,,,,,,,,
E8WEM7,E8WEM7_STRFA,1.0,1,,,,,,,,,
E8WWS4,E8WWS4_GRATM,1.0,1,,,,,,,,,
E8XNR9,E8XNR9_RAHSY,1.0,1,,,,,,,,,
E8XQF1,E8XQF1_RAHSY,1.0,1,,,,,,,,,
E8YCZ5,E8YCZ5_ECOKO,1.0,1,,,,,,,,,
E9F720,E9F720_METRA,1.0,1,,,,,,,,,
E8YKH2,E8YKH2_9BURK,1.0,1,,,,,,,,,
E8YPT6,E8YPT6_9BURK,1.0,1,,,,,,,,,
E8YU74,E8YU74_9BURK,1.0,1,,,,,,,,,
E9DZ15,E9DZ15_METAQ,1.0,1,,,,,,,,,
E9E104,E9E104_METAQ,1.0,1,,,,,,,,,
E9EBY3,E9EBY3_METAQ,1.0,1,,,,,,,,,
E9ERN9,E9ERN9_METRA,1.0,1,,,,,,,,,
E9EZT4,E9EZT4_METRA,1.0,1,,,,,,,,,
F0RBG1,F0RBG1_CELLC,1.0,1,,,,,,,,,
F0SJ07,F0SJ07_PLABD,1.0,1,,,,,,,,,
F0SU55,F0SU55_SYNGF,1.0,1,,,,,,,,,
F2NRA7,F2NRA7_MARHT,1.0,1,,,,,,,,,
F2L561,F2L561_THEU7,1.0,1,,,,,,,,,
F2L8N4,F2L8N4_BURGS,1.0,1,,,,,,,,,
F2LE55,F2LE55_BURGS,1.0,1,,,,,,,,,
F2LJT8,F2LJT8_BURGS,1.0,1,,,,,,,,,
F2LJY7,F2LJY7_BURGS,1.0,1,,,,,,,,,
F2LPS9,F2LPS9_BURGS,1.0,1,,,,,,,,,
F2N2R3,F2N2R3_PSEU6,1.0,1,,,,,,,,,
F2N6M7,F2N6M7_PSEU6,1.0,1,,,,,,,,,
F2RDE9,F2RDE9_STRVP,1.0,1,,,,,,,,,
F2KGU7,F2KGU7_PSEBN,1.0,1,,,,,,,,,
F4AN12,F4AN12_GLAS4,1.0,1,,,,,,,,,
F4APZ8,F4APZ8_GLAS4,1.0,1,,,,,,,,,
F4ARG5,F4ARG5_GLAS4,1.0,1,,,,,,,,,
F4AWY5,F4AWY5_DOKS4,1.0,1,,,,,,,,,
F4B9P8,F4B9P8_ACIHW,1.0,1,,,,,,,,,
F4BC91,F4BC91_FRACF,1.0,1,,,,,,,,,
F4BGA6,F4BGA6_FRACN,1.0,1,,,,,,,,,
F4C9C3,F4C9C3_SPHS2,1.0,1,,,,,,,,,
F2KIL0,F2KIL0_PSEBN,1.0,1,,,,,,,,,
F2K5H9,F2K5H9_PSEBN,1.0,1,,,,,,,,,
F0T050,F0T050_SYNGF,1.0,1,,,,,,,,,
F2ENC3,F2ENC3_PANAA,1.0,1,,,,,,,,,
F1C7J0,F1C7J0_ORYLA,1.0,1,,,,,,,,,
F1MYJ3,F1MYJ3_BOVIN,1.0,,1,,,,,,,,
F1NVY4,F1NVY4_CHICK,1.0,,1,,,,,,,,
F1Q5G2,F1Q5G2_DANRE,1.0,,1,,,,,,,,
F1QGS6,F1QGS6_DANRE,1.0,,1,,,,,,,,
F1R923,F1R923_DANRE,1.0,,1,,,,,,,,
F1RGP0,F1RGP0_PIG,1.0,,1,,,,,,,,
F1RLR8,F1RLR8_PIG,1.0,,1,,,,,,,,
F2EWM4,F2EWM4_PANAA,1.0,1,,,,,,,,,
F2JW74,F2JW74_MARM1,1.0,1,,,,,,,,,
F2F5B9,F2F5B9_SOLSS,1.0,1,,,,,,,,,
F2G467,F2G467_ALTMD,1.0,1,,,,,,,,,
F2G6G5,F2G6G5_ALTMD,1.0,1,,,,,,,,,
F2G7F9,F2G7F9_ALTMD,1.0,1,,,,,,,,,
F2G8H7,F2G8H7_ALTMD,1.0,1,,,,,,,,,
F2IWE2,F2IWE2_POLGS,1.0,1,,,,,,,,,
F2J0A3,F2J0A3_POLGS,1.0,1,,,,,,,,,
F2JUG6,F2JUG6_MARM1,1.0,1,,,,,,,,,
E8V0L3,E8V0L3_TERSS,1.0,1,,,,,,,,,
E8U7S9,E8U7S9_DEIML,1.0,1,,,,,,,,,
E3HR37,E3HR37_ACHXA,1.0,1,,,,,,,,,
E8TYP2,E8TYP2_ALIDB,1.0,1,,,,,,,,,
E6R1Y9,E6R1Y9_CRYGW,1.0,1,,,,,,,,,
E6R8W4,E6R8W4_CRYGW,1.0,1,,,,,,,,,
E6RJE9,E6RJE9_PSEU9,1.0,1,,,,,,,,,
E6RP17,E6RP17_PSEU9,1.0,1,,,,,,,,,
E6S334,E6S334_HELPF,1.0,1,,,,,,,,,
E6S7N6,E6S7N6_INTC7,1.0,1,,,,,,,,,
E6SGC8,E6SGC8_THEM7,1.0,1,,,,,,,,,
E6TCA8,E6TCA8_MYCSR,1.0,1,,,,,,,,,
E6TQP0,E6TQP0_BACCJ,1.0,1,,,,,,,,,
E6TSJ9,E6TSJ9_BACCJ,1.0,1,,,,,,,,,
E6U202,E6U202_BACCJ,1.0,1,,,,,,,,,
E6V0G1,E6V0G1_VARPE,1.0,1,,,,,,,,,
E6V6P3,E6V6P3_VARPE,1.0,1,,,,,,,,,
E6V8U4,E6V8U4_VARPE,1.0,1,,,,,,,,,
E6VCD1,E6VCD1_RHOPX,1.0,1,,,,,,,,,
E6VE57,E6VE57_RHOPX,1.0,1,,,,,,,,,
E6VEK7,E6VEK7_RHOPX,1.0,1,,,,,,,,,
E6VPY7,E6VPY7_RHOPX,1.0,1,,,,,,,,,
E6W9B4,E6W9B4_PANSA,1.0,1,,,,,,,,,
E6NSN9,E6NSN9_HELPQ,1.0,1,,,,,,,,,
E6NLB9,E6NLB9_HELPL,1.0,1,,,,,,,,,
E6NHW5,E6NHW5_HELPK,1.0,1,,,,,,,,,
E4PJD5,E4PJD5_MARAH,1.0,1,,,,,,,,,
E3I5C5,E3I5C5_RHOVT,1.0,1,,,,,,,,,
E3PLP9,E3PLP9_ECOH1,1.0,1,,,,,,,,,
E3RME9,E3RME9_PYRTT,1.0,1,,,,,,,,,
E3S3R1,E3S3R1_PYRTT,1.0,1,,,,,,,,,
E3Y846,E3Y846_SHIFL,1.0,1,,,,,,,,,
E4N1X3,E4N1X3_KITSK,1.0,1,,,,,,,,,
E4NMN0,E4NMN0_HALBP,1.0,1,,,,,,,,,
E4PCU1,E4PCU1_ECO8N,1.0,1,,,,,,,,,
E4RMZ1,E4RMZ1_HALHG,1.0,1,,,,,,,,,
E6NEU7,E6NEU7_HELPI,1.0,1,,,,,,,,,
E4RQZ3,E4RQZ3_LEAB4,1.0,1,,,,,,,,,
E4RU14,E4RU14_LEAB4,1.0,1,,,,,,,,,
E4T4U9,E4T4U9_PALPW,1.0,1,,,,,,,,,
E4T8Y8,E4T8Y8_RIEAD,1.0,1,,,,,,,,,
E4TM47,E4TM47_MARTH,1.0,1,,,,,,,,,
E4U7F2,E4U7F2_OCEP5,1.0,1,,,,,,,,,
E5AP74,E5AP74_BURRH,1.0,1,,,,,,,,,
E5QUA7,E5QUA7_STAAH,1.0,1,,,,,,,,,
E6WI37,E6WI37_PANSA,1.0,1,,,,,,,,,
E6WI84,E6WI84_PANSA,1.0,1,,,,,,,,,
E6WQ57,E6WQ57_PSEUU,1.0,1,,,,,,,,,
E8R9V9,E8R9V9_DESM0,1.0,1,,,,,,,,,
E8NC32,E8NC32_MICTS,1.0,1,,,,,,,,,
E8PQP0,E8PQP0_THESS,1.0,1,,,,,,,,,
E8QH48,E8QH48_HELP7,1.0,1,,,,,,,,,
E8QIJ3,E8QIJ3_HELP4,1.0,1,,,,,,,,,
E8QQM1,E8QQM1_HELPR,1.0,1,,,,,,,,,
E8QSU8,E8QSU8_HELPW,1.0,1,,,,,,,,,
E8QX68,E8QX68_ISOPI,1.0,1,,,,,,,,,
E8R5T2,E8R5T2_ISOPI,1.0,1,,,,,,,,,
E8RQQ7,E8RQQ7_ASTEC,1.0,1,,,,,,,,,
E7FFJ7,E7FFJ7_DANRE,1.0,,1,,,,,,,,
E8RQR5,E8RQR5_ASTEC,1.0,1,,,,,,,,,
E8RUX4,E8RUX4_ASTEC,1.0,1,,,,,,,,,
E8T635,E8T635_THEA1,1.0,1,,,,,,,,,
E8TDP5,E8TDP5_MESCW,1.0,1,,,,,,,,,
E8TJT5,E8TJT5_MESCW,1.0,1,,,,,,,,,
E8TSD8,E8TSD8_ALIDB,1.0,1,,,,,,,,,
E8TUI0,E8TUI0_ALIDB,1.0,1,,,,,,,,,
E8TXP7,E8TXP7_ALIDB,1.0,1,,,,,,,,,
E8N111,E8N111_ANATU,1.0,1,,,,,,,,,
E7F5X6,E7F5X6_DANRE,1.0,,1,,,,,,,,
E6WS95,E6WS95_PSEUU,1.0,1,,,,,,,,,
E7EM62,E7EM62_HUMAN,1.0,,1,,,,,,,,
E6X1U5,E6X1U5_NITSE,1.0,1,,,,,,,,,
E6XBD4,E6XBD4_CELAD,1.0,1,,,,,,,,,
E6XI41,E6XI41_SHEP2,1.0,1,,,,,,,,,
E6XNC2,E6XNC2_SHEP2,1.0,1,,,,,,,,,
E7AAV1,E7AAV1_HELFC,1.0,1,,,,,,,,,
E7B108,E7B108_YERE1,1.0,1,,,,,,,,,
E7B1P9,E7B1P9_YERE1,1.0,1,,,,,,,,,
E7BHD4,E7BHD4_NEIMW,1.0,1,,,,,,,,,
E7ENJ5,E7ENJ5_HUMAN,1.0,,1,,,,,,,,
E7F2C6,E7F2C6_DANRE,1.0,,1,,,,,,,,
E7ERN9,E7ERN9_HUMAN,1.0,,1,,,,,,,,
E7ESL5,E7ESL5_HUMAN,1.0,,1,,,,,,,,
E7ET76,E7ET76_HUMAN,1.0,,1,,,,,,,,
E7ETJ6,E7ETJ6_HUMAN,1.0,,1,,,,,,,,
E7ETN1,E7ETN1_HUMAN,1.0,,1,,,,,,,,
E7ETR7,E7ETR7_HUMAN,1.0,,1,,,,,,,,
E7ETU4,E7ETU4_HUMAN,1.0,,1,,,,,,,,
E7EVF8,E7EVF8_HUMAN,1.0,,1,,,,,,,,
D5DKK6,D5DKK6_BACMD,1.0,1,,,,,,,,,
B5MC36,B5MC36_HUMAN,1.0,,1,,,,,,,,
D5DGN3,D5DGN3_BACMD,1.0,1,,,,,,,,,
B3N0R2,B3N0R2_DROAN,1.0,,,,,,1,,,,
B3SA54,B3SA54_TRIAD,1.0,,,,,,1,,,,
B4DKN3,B4DKN3_HUMAN,1.0,1,,,,,,,,,
B4DPG6,B4DPG6_HUMAN,1.0,,1,,,,,,,,
B4JJ44,B4JJ44_DROGR,1.0,,,,,,1,,,,
B4JKK4,B4JKK4_DROGR,1.0,,,,,,1,,,,
B4JL60,B4JL60_DROGR,1.0,,,,,,1,,,,
B4JN10,B4JN10_DROGR,1.0,,,,,,1,,,,
B4M1J6,B4M1J6_DROVI,1.0,,,,,,1,,,,
B4M821,B4M821_DROVI,1.0,,,,,,1,,,,
B4MCV0,B4MCV0_DROVI,1.0,,,,,,1,,,,
B4MD69,B4MD69_DROVI,1.0,,,,,,1,,,,
B4N1Z8,B4N1Z8_DROWI,1.0,,,,,,1,,,,
B4ND18,B4ND18_DROWI,1.0,,,,,,1,,,,
B4NE17,B4NE17_DROWI,1.0,,,,,,1,,,,
B4NPD0,B4NPD0_DROWI,1.0,,,,,,1,,,,
B4PA82,B4PA82_DROYA,1.0,,,,,,1,,,,
B4PYN2,B4PYN2_DROYA,1.0,,,,,,1,,,,
B3S594,B3S594_TRIAD,1.0,,,,,,1,,,,
B3N0C7,B3N0C7_DROAN,1.0,,,,,,1,,,,
B9KY15,B9KY15_THERP,1.0,,,,,,1,,,,
B3MYP3,B3MYP3_DROAN,1.0,,,,,,1,,,,
A9MTX2,A9MTX2_SALPB,1.0,,,,,,1,,,,
A9T2A4,A9T2A4_PHYPA,1.0,,,,,,,,,,1
A9WL74,A9WL74_RENSM,1.0,,,,,,1,,,,
A9WVJ1,A9WVJ1_RENSM,1.0,,,,,,1,,,,
B0CR13,B0CR13_LACBS,1.0,1,,,,,,,,,
B0W7T9,B0W7T9_CULQU,1.0,,,,,,1,,,,
B0W7U0,B0W7U0_CULQU,1.0,,,,,,1,,,,
B0XAA5,B0XAA5_CULQU,1.0,,,,,,1,,,,
B0XE47,B0XE47_CULQU,1.0,,,,,,1,,,,
B0XE48,B0XE48_CULQU,1.0,,,,,,1,,,,
B1MC96,B1MC96_MYCA9,1.0,,,,,,1,,,,
B2B0V7,B2B0V7_PODAN,1.0,1,,,,,,,,,
B2B7C8,B2B7C8_PODAN,1.0,1,,,,,,,,,
B2GHC4,B2GHC4_KOCRD,1.0,1,,,,,,,,,
B2VHK5,B2VHK5_ERWT9,1.0,1,,,,,,,,,
B2VJS8,B2VJS8_ERWT9,1.0,1,,,,,,,,,
B3MWP8,B3MWP8_DROAN,1.0,,,,,,1,,,,
B4Q1W2,B4Q1W2_DROYA,1.0,,,,,,1,,,,
B4Q2Z6,B4Q2Z6_DROYA,1.0,,,,,,1,,,,
B4RLD2,B4RLD2_NEIG2,1.0,,,,,,1,,,,
B4SVP8,B4SVP8_SALNS,1.0,,,,,,1,,,,
B7PUL8,B7PUL8_IXOSC,1.0,,,,,,1,,,,
B7PWA5,B7PWA5_IXOSC,1.0,,,,,,1,,,,
B7Q499,B7Q499_IXOSC,1.0,,,,,,1,,,,
B7QCY3,B7QCY3_IXOSC,1.0,,,,,,1,,,,
B7QFB1,B7QFB1_IXOSC,1.0,,,,,,1,,,,
B7QI38,B7QI38_IXOSC,1.0,,,,,,1,,,,
B7QNX3,B7QNX3_IXOSC,1.0,,,,,,1,,,,
B8ADB6,B8ADB6_ORYSI,1.0,,,,,,1,,,,
B8ADB7,B8ADB7_ORYSI,1.0,,,,,,1,,,,
B8AI61,B8AI61_ORYSI,1.0,,,,,,1,,,,
B8MW63,B8MW63_ASPFN,1.0,1,,,,,,,,,
B8N907,B8N907_ASPFN,1.0,1,,,,,,,,,
B8NM71,B8NM71_ASPFN,1.0,1,,,,,,,,,
B8NS16,B8NS16_ASPFN,1.0,1,,,,,,,,,
B8P9Q9,B8P9Q9_POSPM,1.0,1,,,,,,,,,
B9GJR0,B9GJR0_POPTR,1.0,,,,,,1,,,,
B9H594,B9H594_POPTR,1.0,,,,,,1,,,,
B7PUA6,B7PUA6_IXOSC,1.0,,,,,,1,,,,
B7PPD6,B7PPD6_IXOSC,1.0,,,,,,1,,,,
B7PAQ0,B7PAQ0_IXOSC,1.0,,,,,,1,,,,
B5MCK8,B5MCK8_HUMAN,1.0,,1,,,,,,,,
B4T884,B4T884_SALHS,1.0,,,,,,1,,,,
B4TYA2,B4TYA2_SALSV,1.0,,,,,,1,,,,
B5BHJ4,B5BHJ4_SALPK,1.0,,,,,,1,,,,
B5F9B3,B5F9B3_SALA4,1.0,,,,,,1,,,,
B5FKH0,B5FKH0_SALDC,1.0,,,,,,1,,,,
B5MC34,B5MC34_HUMAN,1.0,,1,,,,,,,,
F4CMF7,F4CMF7_PSEUX,1.0,1,,,,,,,,,
B5MD39,GGTL3_HUMAN,1.0,,1,,,,,,,,
B7P2R2,B7P2R2_IXOSC,1.0,,,,,,1,,,,
B5R3A9,B5R3A9_SALEP,1.0,,,,,,1,,,,
B5RGX5,B5RGX5_SALG2,1.0,,,,,,1,,,,
B6HFI2,B6HFI2_PENCW,1.0,,,,,,1,,,,
B6HFI3,B6HFI3_PENCW,1.0,,,,,,1,,,,
B7FV51,B7FV51_PHATC,1.0,1,,,,,,,,,
B7FVL4,B7FVL4_PHATC,1.0,1,,,,,,,,,
B7L928,B7L928_ECO55,1.0,,,,,,1,,,,
A9MM94,A9MM94_SALAR,1.0,,,,,,1,,,,
A9HM18,A9HM18_GLUDA,1.0,1,,,,,,,,,
A9HJR4,A9HJR4_GLUDA,1.0,1,,,,,,,,,
A5D8W8,A5D8W8_HUMAN,1.0,,,,,,,,1,,
A1DCD7,A1DCD7_NEOFI,1.0,1,,,,,,,,,
A1IRQ0,A1IRQ0_NEIMA,1.0,1,,,,,,,,,
A2A2G5,A2A2G5_HUMAN,1.0,,1,,,,,,,,
A2AQN2,A2AQN2_MOUSE,1.0,,1,,,,,,,,
A2Q9X0,A2Q9X0_ASPNC,1.0,1,,,,,,,,,
A2U0N8,A2U0N8_9FLAO,1.0,1,,,,,,,,,
A2WKR9,A2WKR9_ORYSI,1.0,,,,,,1,,,,
A2XU68,A2XU68_ORYSI,1.0,,,,,,1,,,,
A2ZPB7,A2ZPB7_ORYSJ,1.0,,,,,,1,,,,
A3AUG7,A3AUG7_ORYSJ,1.0,,,,,,1,,,,
A3LTM0,A3LTM0_PICST,1.0,1,,,,,,,,,
A3LX55,A3LX55_PICST,1.0,1,,,,,,,,,
A3M348,A3M348_ACIBT,1.0,,,,,,1,,,,
A3N612,A3N612_BURP6,1.0,,,,,,1,,,,
A3UBX3,A3UBX3_CROAH,1.0,1,,,,,,,,,
A4AR70,A4AR70_MARSH,1.0,1,,,,,,,,,
A4FU32,A4FU32_HUMAN,1.0,,,,,,,,1,,
A1CVZ1,A1CVZ1_NEOFI,1.0,1,,,,,,,,,
A1CIT0,A1CIT0_ASPCL,1.0,1,,,,,,,,,
A1CDF8,A1CDF8_ASPCL,1.0,1,,,,,,,,,
A0A087YPD3,A0A087YPD3_POEFO,1.0,,1,,,,,,,,
A0A087WSM3,A0A087WSM3_MOUSE,1.0,,1,,,,,,,,
A0A087XS15,A0A087XS15_POEFO,1.0,,1,,,,,,,,
A0A087Y6B8,A0A087Y6B8_POEFO,1.0,,1,,,,,,,,
A0A087Y6C3,A0A087Y6C3_POEFO,1.0,,1,,,,,,,,
A0A087Y6N5,A0A087Y6N5_POEFO,1.0,,1,,,,,,,,
A0A087YMX5,A0A087YMX5_POEFO,1.0,,1,,,,,,,,
A0A087YPD2,A0A087YPD2_POEFO,1.0,,1,,,,,,,,
A0A096N6U9,A0A096N6U9_PAPAN,1.0,,1,,,,,,,,
A0PLG9,A0PLG9_MYCUA,1.0,,,,,,1,,,,
A0A096NBW0,A0A096NBW0_PAPAN,1.0,,1,,,,,,,,
A0A096NTS0,A0A096NTS0_PAPAN,1.0,,1,,,,,,,,
A0A096NUR6,A0A096NUR6_PAPAN,1.0,,1,,,,,,,,
A0A096NW57,A0A096NW57_PAPAN,1.0,,1,,,,,,,,
A0A096P2F9,A0A096P2F9_PAPAN,1.0,,1,,,,,,,,
A0A0C4DG87,A0A0C4DG87_HUMAN,1.0,,1,,,,,,,,
A0JPH2,A0JPH2_XENLA,1.0,1,,,,,,,,,
A4TPI0,A4TPI0_YERPP,1.0,,,,,,1,,,,
A5DMR1,A5DMR1_PICGU,1.0,1,,,,,,,,,
A9H4A8,A9H4A8_GLUDA,1.0,1,,,,,,,,,
A5DN71,A5DN71_PICGU,1.0,1,,,,,,,,,
A7TA81,A7TA81_NEMVE,1.0,,,,,,1,,,,
A8A1L1,A8A1L1_ECOHS,1.0,,,,,,1,,,,
A8DVN7,A8DVN7_NEMVE,1.0,,,,,,1,,,,
A8DWA9,A8DWA9_NEMVE,1.0,,,,,,1,,,,
A8JV25,A8JV25_DROME,1.0,,1,,,,,,,,
A8N2J7,A8N2J7_COPC7,1.0,1,,,,,,,,,
A8PTP6,A8PTP6_MALGO,1.0,1,,,,,,,,,
A8WIT0,A8WIT0_CAEEL,1.0,,1,,,,,,,,
A8X059,A8X059_CAEBR,1.0,,,,,,1,,,,
A8X7J7,A8X7J7_CAEBR,1.0,,,,,,1,,,,
A8XD40,A8XD40_CAEBR,1.0,,,,,,1,,,,
A8XIE4,A8XIE4_CAEBR,1.0,,,,,,1,,,,
A8XUW4,A8XUW4_CAEBR,1.0,,,,,,1,,,,
A8Y1F8,A8Y1F8_CAEBR,1.0,,,,,,1,,,,
A9AEH3,A9AEH3_BURM1,1.0,1,,,,,,,,,
A9ATF6,A9ATF6_BURM1,1.0,1,,,,,,,,,
A9FNT9,A9FNT9_SORC5,1.0,,,,,,1,,,,
A7T9N0,A7T9N0_NEMVE,1.0,,,,,,1,,,,
A7T7L7,A7T7L7_NEMVE,1.0,,,,,,1,,,,
A7T0I9,A7T0I9_NEMVE,1.0,,,,,,1,,,,
A7K601,A7K601_VIBSE,1.0,,,,,,1,,,,
A5DVE2,A5DVE2_LODEL,1.0,1,,,,,,,,,
A5DVE3,A5DVE3_LODEL,1.0,1,,,,,,,,,
A5E4G1,A5E4G1_LODEL,1.0,1,,,,,,,,,
A5FZ02,A5FZ02_ACICJ,1.0,1,,,,,,,,,
A6R0T1,A6R0T1_AJECN,1.0,1,,,,,,,,,
A6RB39,A6RB39_AJECN,1.0,1,,,,,,,,,
A7DTG9,A7DTG9_MOUSE,1.0,,1,,,,,,,,
A7RJD1,A7RJD1_NEMVE,1.0,,,,,,1,,,,
A7SSJ4,A7SSJ4_NEMVE,1.0,,,,,,1,,,,
A7RPA1,A7RPA1_NEMVE,1.0,,,,,,1,,,,
A7RVG4,A7RVG4_NEMVE,1.0,,,,,,1,,,,
A7RVG5,A7RVG5_NEMVE,1.0,,,,,,1,,,,
A7S179,A7S179_NEMVE,1.0,,,,,,1,,,,
A7SBB1,A7SBB1_NEMVE,1.0,,,,,,1,,,,
A7SEW7,A7SEW7_NEMVE,1.0,,,,,,1,,,,
A7SF26,A7SF26_NEMVE,1.0,,,,,,1,,,,
B9H8V0,B9H8V0_POPTR,1.0,,,,,,1,,,,
C0Q0M4,C0Q0M4_SALPC,1.0,,,,,,1,,,,
D5DC05,D5DC05_BACMD,1.0,1,,,,,,,,,
D3P2L4,D3P2L4_AZOS1,1.0,1,,,,,,,,,
D3PCC8,D3PCC8_DEFDS,1.0,1,,,,,,,,,
D3PRX1,D3PRX1_MEIRD,1.0,1,,,,,,,,,
D3Q3D6,D3Q3D6_STANL,1.0,1,,,,,,,,,
D3QH98,D3QH98_STALH,1.0,1,,,,,,,,,
D3QU49,D3QU49_ECOCB,1.0,1,,,,,,,,,
D3RD90,D3RD90_KLEVT,1.0,1,,,,,,,,,
D3REP1,D3REP1_KLEVT,1.0,1,,,,,,,,,
D3SC91,D3SC91_THISK,1.0,1,,,,,,,,,
D3SR22,D3SR22_NATMM,1.0,1,,,,,,,,,
D3SVS2,D3SVS2_NATMM,1.0,1,,,,,,,,,
D3UHT6,D3UHT6_HELM1,1.0,1,,,,,,,,,
D3V0X8,D3V0X8_XENBS,1.0,1,,,,,,,,,
D3VK72,D3VK72_XENNA,1.0,1,,,,,,,,,
D3YVX1,D3YVX1_MOUSE,1.0,,1,,,,,,,,
D3YVY4,D3YVY4_MOUSE,1.0,,1,,,,,,,,
D3YWW2,D3YWW2_MOUSE,1.0,,1,,,,,,,,
D3YWW4,D3YWW4_MOUSE,1.0,,1,,,,,,,,
D3P5S3,D3P5S3_AZOS1,1.0,1,,,,,,,,,
D3NX76,D3NX76_AZOS1,1.0,1,,,,,,,,,
C1A798,C1A798_GEMAT,1.0,,,,,,1,,,,
D3HPC7,D3HPC7_LEGLN,1.0,1,,,,,,,,,
D2RMW8,D2RMW8_ACIFV,1.0,1,,,,,,,,,
D2S9Y5,D2S9Y5_GEOOG,1.0,1,,,,,,,,,
D2SH16,D2SH16_GEOOG,1.0,1,,,,,,,,,
D2T5D4,D2T5D4_ERWP6,1.0,1,,,,,,,,,
D2T7M6,D2T7M6_ERWP6,1.0,1,,,,,,,,,
D2T9F6,D2T9F6_ERWP6,1.0,1,,,,,,,,,
D2T9G0,D2T9G0_ERWP6,1.0,1,,,,,,,,,
D2TLJ7,D2TLJ7_CITRI,1.0,1,,,,,,,,,
D2UE31,D2UE31_XANAP,1.0,1,,,,,,,,,
D3ES37,D3ES37_STAA4,1.0,1,,,,,,,,,
D3F9W4,D3F9W4_CONWI,1.0,1,,,,,,,,,
D3F9Y4,D3F9Y4_CONWI,1.0,1,,,,,,,,,
D3FD58,D3FD58_CONWI,1.0,1,,,,,,,,,
D3FUJ4,D3FUJ4_BACPE,1.0,1,,,,,,,,,
D3G0B1,D3G0B1_BACPE,1.0,1,,,,,,,,,
D3GYL6,D3GYL6_ECO44,1.0,1,,,,,,,,,
D3H063,D3H063_ECO44,1.0,1,,,,,,,,,
D3YWZ7,D3YWZ7_MOUSE,1.0,,1,,,,,,,,
D3YXV6,D3YXV6_MOUSE,1.0,,1,,,,,,,,
D3YY79,D3YY79_MOUSE,1.0,,1,,,,,,,,
D3YYH6,D3YYH6_MOUSE,1.0,,1,,,,,,,,
D4M7T3,D4M7T3_9BACT,1.0,1,,,,,,,,,
D4Z6K6,D4Z6K6_SPHJU,1.0,1,,,,,,,,,
D4Z7S2,D4Z7S2_SPHJU,1.0,1,,,,,,,,,
D4Z7S4,D4Z7S4_SPHJU,1.0,1,,,,,,,,,
D4ZLP3,D4ZLP3_SHEVD,1.0,1,,,,,,,,,
D5A687,D5A687_ARTPN,1.0,1,,,,,,,,,
D5A7L0,D5A7L0_DROME,1.0,,1,,,,,,,,
D5B222,D5B222_YERPZ,1.0,1,,,,,,,,,
D5BC09,D5BC09_ZUNPS,1.0,1,,,,,,,,,
D5BEL8,D5BEL8_ZUNPS,1.0,1,,,,,,,,,
D5BTJ4,D5BTJ4_PUNMI,1.0,1,,,,,,,,,
D5C578,D5C578_NITHN,1.0,1,,,,,,,,,
D5CEJ9,D5CEJ9_ENTCC,1.0,1,,,,,,,,,
D5CI49,D5CI49_ENTCC,1.0,1,,,,,,,,,
D5D314,D5D314_ECOKI,1.0,1,,,,,,,,,
D5DB87,D5DB87_BACMD,1.0,1,,,,,,,,,
D5DBH4,D5DBH4_BACMD,1.0,1,,,,,,,,,
D4J6F7,D4J6F7_9FIRM,1.0,1,,,,,,,,,
D4IEG6,D4IEG6_ERWAE,1.0,1,,,,,,,,,
D4IBG8,D4IBG8_ERWAE,1.0,1,,,,,,,,,
D4DL24,D4DL24_TRIVH,1.0,1,,,,,,,,,
D3Z266,D3Z266_MOUSE,1.0,,1,,,,,,,,
D3Z2C6,D3Z2C6_MOUSE,1.0,,1,,,,,,,,
D3Z4Q6,D3Z4Q6_MOUSE,1.0,,1,,,,,,,,
D4AU06,D4AU06_ARTBC,1.0,1,,,,,,,,,
D4AXG2,D4AXG2_ARTBC,1.0,1,,,,,,,,,
D4B387,D4B387_ARTBC,1.0,1,,,,,,,,,
D4CZF2,D4CZF2_TRIVH,1.0,1,,,,,,,,,
D4DLA6,D4DLA6_TRIVH,1.0,1,,,,,,,,,
D4I770,D4I770_ERWAE,1.0,1,,,,,,,,,
D4FXE9,D4FXE9_BACNB,1.0,1,,,,,,,,,
D4G2C3,D4G2C3_BACNB,1.0,1,,,,,,,,,
D4GD51,D4GD51_PANAM,1.0,1,,,,,,,,,
D4GKJ6,D4GKJ6_PANAM,1.0,1,,,,,,,,,
D4HVI6,D4HVI6_ERWAC,1.0,1,,,,,,,,,
D4HXB5,D4HXB5_ERWAC,1.0,1,,,,,,,,,
D4I3K6,D4I3K6_ERWAC,1.0,1,,,,,,,,,
D2R0Y5,D2R0Y5_PIRSD,1.0,1,,,,,,,,,
D2QPH1,D2QPH1_SPILD,1.0,1,,,,,,,,,
D2QNG4,D2QNG4_SPILD,1.0,1,,,,,,,,,
C9WZQ0,C9WZQ0_NEIM8,1.0,1,,,,,,,,,
C5ME63,C5ME63_CANTT,1.0,1,,,,,,,,,
C5XPZ6,C5XPZ6_SORBI,1.0,,,,,,1,,,,
C5Y9S3,C5Y9S3_SORBI,1.0,,,,,,1,,,,
C6EFC7,C6EFC7_ECOBD,1.0,1,,,,,,,,,
C7BK90,C7BK90_PHOAA,1.0,1,,,,,,,,,
C7XN80,C7XN80_FUSNV,1.0,1,,,,,,,,,
C7XP26,C7XP26_FUSNV,1.0,1,,,,,,,,,
C7Z041,C7Z041_NECH7,1.0,1,,,,,,,,,
C7Z0V7,C7Z0V7_NECH7,1.0,1,,,,,,,,,
C7ZKE2,C7ZKE2_NECH7,1.0,1,,,,,,,,,
C7ZNT8,C7ZNT8_NECH7,1.0,1,,,,,,,,,
C9JGF3,C9JGF3_HUMAN,1.0,,1,,,,,,,,
C9JIY6,C9JIY6_HUMAN,1.0,,1,,,,,,,,
C9JU68,C9JU68_HUMAN,1.0,,1,,,,,,,,
C9QWI9,C9QWI9_ECOD1,1.0,1,,,,,,,,,
C9S9D8,C9S9D8_VERA1,1.0,1,,,,,,,,,
C9SL82,C9SL82_VERA1,1.0,1,,,,,,,,,
C5M2K5,C5M2K5_CANTT,1.0,1,,,,,,,,,
C4Y8F3,C4Y8F3_CLAL4,1.0,1,,,,,,,,,
C4Y4V4,C4Y4V4_CLAL4,1.0,1,,,,,,,,,
C3XV37,C3XV37_BRAFL,1.0,,,,,,1,,,,
C1AAF9,C1AAF9_GEMAT,1.0,,,,,,1,,,,
C1CZC8,C1CZC8_DEIDV,1.0,,,,,,1,,,,
C1FHA0,C1FHA0_MICSR,1.0,1,,,,,,,,,
C1H620,C1H620_PARBA,1.0,1,,,,,,,,,
C1H8F1,C1H8F1_PARBA,1.0,1,,,,,,,,,
C1MLS5,C1MLS5_MICPC,1.0,1,,,,,,,,,
C3XV36,C3XV36_BRAFL,1.0,,,,,,1,,,,
C3XV38,C3XV38_BRAFL,1.0,,,,,,1,,,,
C4JWG5,C4JWG5_UNCRE,1.0,1,,,,,,,,,
C3XV41,C3XV41_BRAFL,1.0,,,,,,1,,,,
C3XV42,C3XV42_BRAFL,1.0,,,,,,1,,,,
C3XV43,C3XV43_BRAFL,1.0,,,,,,1,,,,
C3XV44,C3XV44_BRAFL,1.0,,,,,,1,,,,
C3YC79,C3YC79_BRAFL,1.0,,,,,,1,,,,
C3YQF3,C3YQF3_BRAFL,1.0,,,,,,1,,,,
C4JPF3,C4JPF3_UNCRE,1.0,1,,,,,,,,,
C9SSL4,C9SSL4_VERA1,1.0,1,,,,,,,,,
C9Y2C7,C9Y2C7_CROTZ,1.0,1,,,,,,,,,
D2QIB5,D2QIB5_SPILD,1.0,1,,,,,,,,,
C9ZBL6,C9ZBL6_STRSW,1.0,1,,,,,,,,,
D1CEM9,D1CEM9_THET1,1.0,1,,,,,,,,,
D1GM27,D1GM27_STAA0,1.0,1,,,,,,,,,
D2A9P4,D2A9P4_SHIF2,1.0,1,,,,,,,,,
D2AQH4,D2AQH4_STRRD,1.0,1,,,,,,,,,
D2B759,D2B759_STRRD,1.0,1,,,,,,,,,
D2BRY5,D2BRY5_DICD5,1.0,1,,,,,,,,,
D2BV35,D2BV35_DICD5,1.0,1,,,,,,,,,
D2H440,D2H440_AILME,1.0,,,,,,,1,,,
D2HRD3,D2HRD3_AILME,1.0,,1,,,,,,,,
D2J6P4,D2J6P4_9STAP,1.0,1,,,,,,,,,
D2J9T8,D2J9T8_STAAU,1.0,1,,,,,,,,,
D2N3Q9,D2N3Q9_STAA5,1.0,1,,,,,,,,,
D2NBM4,D2NBM4_ECOS5,1.0,1,,,,,,,,,
D2PF03,D2PF03_SULID,1.0,1,,,,,,,,,
D2PM89,D2PM89_KRIFD,1.0,1,,,,,,,,,
D2PMY2,D2PMY2_KRIFD,1.0,1,,,,,,,,,
D2PZC6,D2PZC6_KRIFD,1.0,1,,,,,,,,,
D1C877,D1C877_SPHTD,1.0,1,,,,,,,,,
D1C3G5,D1C3G5_SPHTD,1.0,1,,,,,,,,,
D1C2E1,D1C2E1_SPHTD,1.0,1,,,,,,,,,
D0JG00,D0JG00_YERPD,1.0,1,,,,,,,,,
C9ZGF4,C9ZGF4_STRSW,1.0,1,,,,,,,,,
C9ZGG7,C9ZGG7_STRSW,1.0,1,,,,,,,,,
D0FV38,D0FV38_ERWPE,1.0,1,,,,,,,,,
D0FW55,D0FW55_ERWPE,1.0,1,,,,,,,,,
D0FX53,D0FX53_ERWPE,1.0,1,,,,,,,,,
D0FX58,D0FX58_ERWPE,1.0,1,,,,,,,,,
D0ITH0,D0ITH0_HELP1,1.0,1,,,,,,,,,
D0JQF5,D0JQF5_YERP1,1.0,1,,,,,,,,,
D1C224,D1C224_SPHTD,1.0,1,,,,,,,,,
D0K0J4,D0K0J4_HELP5,1.0,1,,,,,,,,,
D0KR31,D0KR31_SULS9,1.0,1,,,,,,,,,
D0MRL8,D0MRL8_PHYIT,1.0,1,,,,,,,,,
D0MRM1,D0MRM1_PHYIT,1.0,1,,,,,,,,,
D1A940,D1A940_THECD,1.0,1,,,,,,,,,
D1B7X5,D1B7X5_THEAS,1.0,1,,,,,,,,,
D1C1I6,D1C1I6_SPHTD,1.0,1,,,,,,,,,
F4CCI8,F4CCI8_SPHS2,1.0,1,,,,,,,,,
G0E7N4,G0E7N4_ENTAK,1.0,1,,,,,,,,,
F4D299,F4D299_HELPX,1.0,1,,,,,,,,,
M4WST7,M4WST7_PSEDE,1.0,1,,,,,,,,,
M4Z769,M4Z769_9BRAD,1.0,1,,,,,,,,,
M4Z361,M4Z361_9BRAD,1.0,1,,,,,,,,,
M4Z2Q1,M4Z2Q1_9BRAD,1.0,1,,,,,,,,,
M4Z0Z4,M4Z0Z4_9BRAD,1.0,1,,,,,,,,,
M4XGG8,M4XGG8_PSEDE,1.0,1,,,,,,,,,
M4XBI9,M4XBI9_PSEDE,1.0,1,,,,,,,,,
M4X9M8,M4X9M8_PSEDE,1.0,1,,,,,,,,,
M4W3Y3,M4W3Y3_XANCI,1.0,1,,,,,,,,,
M1NQ57,M1NQ57_9CORY,1.0,1,,,,,,,,,
M4VYI8,M4VYI8_XANCI,1.0,1,,,,,,,,,
M4VUL5,M4VUL5_XANCI,1.0,1,,,,,,,,,
M4UXW4,M4UXW4_RALSL,1.0,1,,,,,,,,,
M4ULX3,M4ULX3_RALSL,1.0,1,,,,,,,,,
M4UH77,M4UH77_RALSL,1.0,1,,,,,,,,,
M4UET7,M4UET7_9XANT,1.0,1,,,,,,,,,
M4U6D0,M4U6D0_9GAMM,1.0,1,,,,,,,,,
M4ZBE8,M4ZBE8_9BRAD,1.0,1,,,,,,,,,
M4ZD32,M4ZD32_9BRAD,1.0,1,,,,,,,,,
M4ZKU4,M4ZKU4_HELPX,1.0,1,,,,,,,,,
M4ZPW2,M4ZPW2_HELPX,1.0,1,,,,,,,,,
M9W1H0,M9W1H0_RAOOR,1.0,1,,,,,,,,,
M9UGX0,M9UGX0_SULIS,1.0,1,,,,,,,,,
M9U1D5,M9U1D5_9ACTO,1.0,1,,,,,,,,,
M9U0S5,M9U0S5_9ACTO,1.0,1,,,,,,,,,
M9SGV6,M9SGV6_9ACTO,1.0,1,,,,,,,,,
M9RW18,M9RW18_9RHOB,1.0,1,,,,,,,,,
M9RBX8,M9RBX8_9RHOB,1.0,1,,,,,,,,,
M9R4J9,M9R4J9_9RHOB,1.0,1,,,,,,,,,
M9NFP5,M9NFP5_DROME,1.0,,1,,,,,,,,
M7TCC2,M7TCC2_EUTLA,1.0,1,,,,,,,,,
M7SPA6,M7SPA6_EUTLA,1.0,1,,,,,,,,,
M7SG74,M7SG74_EUTLA,1.0,1,,,,,,,,,
M5DMT0,M5DMT0_9GAMM,1.0,1,,,,,,,,,
M5B9Q1,M5B9Q1_9MICO,1.0,1,,,,,,,,,
M5A2Y5,M5A2Y5_9ACTN,1.0,1,,,,,,,,,
M4TVH4,M4TVH4_9XANT,1.0,1,,,,,,,,,
M4TSP5,M4TSP5_9XANT,1.0,1,,,,,,,,,
M4S3L7,M4S3L7_9SPHN,1.0,1,,,,,,,,,
M3X9T7,M3X9T7_FELCA,1.0,,1,,,,,,,,
M3VWS9,M3VWS9_FELCA,1.0,,1,,,,,,,,
M3B1P7,M3B1P7_PSEFD,1.0,1,,,,,,,,,
M2ZR99,M2ZR99_PSEFD,1.0,1,,,,,,,,,
M2YR18,M2YR18_PSEFD,1.0,1,,,,,,,,,
M2XDF8,M2XDF8_GALSU,1.0,1,,,,,,,,,
M2X771,M2X771_GALSU,1.0,1,,,,,,,,,
M2W914,M2W914_GALSU,1.0,1,,,,,,,,,
M2TGC5,M2TGC5_COCSN,1.0,1,,,,,,,,,
M2SZ32,M2SZ32_COCSN,1.0,1,,,,,,,,,
M2M7S1,M2M7S1_BAUCO,1.0,1,,,,,,,,,
M2LBZ7,M2LBZ7_BAUCO,1.0,1,,,,,,,,,
M1VDZ3,M1VDZ3_CYAME,1.0,1,,,,,,,,,
M1V6A5,M1V6A5_CYAME,1.0,1,,,,,,,,,
M1T2G5,M1T2G5_9PROT,1.0,1,,,,,,,,,
M1SQY1,M1SQY1_9PROT,1.0,1,,,,,,,,,
M3X2L4,M3X2L4_FELCA,1.0,,1,,,,,,,,
M3XUX3,M3XUX3_MUSPF,1.0,,1,,,,,,,,
M4RXU2,M4RXU2_9SPHN,1.0,1,,,,,,,,,
M3XUX8,M3XUX8_MUSPF,1.0,,1,,,,,,,,
M4RK54,M4RK54_9ALTE,1.0,1,,,,,,,,,
M4NGM7,M4NGM7_9GAMM,1.0,1,,,,,,,,,
M4MMF9,M4MMF9_SINM2,1.0,1,,,,,,,,,
M4KW90,M4KW90_BACIU,1.0,1,,,,,,,,,
M4KTN8,M4KTN8_BACIU,1.0,1,,,,,,,,,
M4K229,M4K229_9PSED,1.0,1,,,,,,,,,
M4K1U7,M4K1U7_9PSED,1.0,1,,,,,,,,,
M4JV24,M4JV24_9PSED,1.0,1,,,,,,,,,
M4AKP6,M4AKP6_XIPMA,1.0,,1,,,,,,,,
M3ZTV4,M3ZTV4_XIPMA,1.0,,1,,,,,,,,
M3ZTT6,M3ZTT6_XIPMA,1.0,,1,,,,,,,,
M3ZLB3,M3ZLB3_XIPMA,1.0,,1,,,,,,,,
M3ZLA7,M3ZLA7_XIPMA,1.0,,1,,,,,,,,
M3ZE78,M3ZE78_XIPMA,1.0,,1,,,,,,,,
M3YIY9,M3YIY9_MUSPF,1.0,,1,,,,,,,,
M9W6U6,M9W6U6_RAOOR,1.0,1,,,,,,,,,
M9YFG8,M9YFG8_AZOVI,1.0,1,,,,,,,,,
N0AA39,N0AA39_BURTH,1.0,1,,,,,,,,,
Q5GZW2,Q5GZW2_XANOR,1.0,1,,,,,,,,,
Q5FTB3,Q5FTB3_GLUOX,1.0,1,,,,,,,,,
Q5FRE0,Q5FRE0_GLUOX,1.0,1,,,,,,,,,
Q5FQS2,Q5FQS2_GLUOX,1.0,1,,,,,,,,,
Q5BW02,Q5BW02_SCHJA,1.0,,,,,,1,,,,
Q59NP7,Q59NP7_CANAL,1.0,,,,,,1,,,,
Q55WC2,Q55WC2_CRYNB,1.0,1,,,,,,,,,
Q55Q30,Q55Q30_CRYNB,1.0,1,,,,,,,,,
Q4WQP9,Q4WQP9_ASPFU,1.0,1,,,,,,,,,
Q4WGE5,Q4WGE5_ASPFU,1.0,1,,,,,,,,,
Q4SJB9,Q4SJB9_TETNG,1.0,,,,,,1,,,,
Q4SJB3,Q4SJB3_TETNG,1.0,,,,,,1,,,,
Q4SA17,Q4SA17_TETNG,1.0,,,,,,1,,,,
Q4SA10,Q4SA10_TETNG,1.0,,,,,,1,,,,
Q4PCP3,Q4PCP3_USTMA,1.0,,,,,,,,,,1
Q4PC72,Q4PC72_USTMA,1.0,,,,,,,,,,1
Q5FTJ7,Q5FTJ7_GLUOX,1.0,1,,,,,,,,,
Q5KDD7,Q5KDD7_CRYNJ,1.0,1,,,,,,,,,
Q2U5S4,Q2U5S4_ASPOR,1.0,1,,,,,,,,,
Q5KIW0,Q5KIW0_CRYNJ,1.0,,,,,,,,,,1
Q63X45,Q63X45_BURPS,1.0,1,,,,,,,,,
Q63KS4,Q63KS4_BURPS,1.0,1,,,,,,,,,
Q62MJ2,Q62MJ2_BURMA,1.0,1,,,,,,,,,
Q62F16,Q62F16_BURMA,1.0,1,,,,,,,,,
Q62CA8,Q62CA8_BURMA,1.0,1,,,,,,,,,
Q605X6,Q605X6_METCA,1.0,1,,,,,,,,,
Q5YTP6,Q5YTP6_NOCFA,1.0,1,,,,,,,,,
Q5R0G1,Q5R0G1_IDILO,1.0,1,,,,,,,,,
Q5QUJ4,Q5QUJ4_IDILO,1.0,1,,,,,,,,,
Q5NMP8,Q5NMP8_ZYMMO,1.0,1,,,,,,,,,
Q5NFP8,Q5NFP8_FRATT,1.0,1,,,,,,,,,
Q5LVR7,Q5LVR7_RUEPO,1.0,1,,,,,,,,,
Q5LV36,Q5LV36_RUEPO,1.0,1,,,,,,,,,
Q5LN01,Q5LN01_RUEPO,1.0,1,,,,,,,,,
Q5KUL3,Q5KUL3_GEOKA,1.0,1,,,,,,,,,
Q4GWZ4,Q4GWZ4_CHICK,1.0,,,,,,1,,,,
Q2RRM1,Q2RRM1_RHORT,1.0,1,,,,,,,,,
N0ADW7,N0ADW7_BURTH,1.0,1,,,,,,,,,
Q0UNP1,Q0UNP1_PHANO,1.0,1,,,,,,,,,
Q0TGC1,Q0TGC1_ECOL5,1.0,,,,,,1,,,,
Q0JQM5,Q0JQM5_ORYSJ,1.0,,,,,,1,,,,
Q0JQM4,Q0JQM4_ORYSJ,1.0,1,,,,,,,,,
Q0JCP9,Q0JCP9_ORYSJ,1.0,1,,,,,,,,,
Q099M0,Q099M0_STIAD,1.0,1,,,,,,,,,
Q090F1,Q090F1_STIAD,1.0,1,,,,,,,,,
Q07G16,Q07G16_XENTR,1.0,,,,,,1,,,,
P71828,P71828_MYCTO,1.0,1,,,,,,,,,
P36268,GGT2_HUMAN,1.0,,,,,,1,,,,
P20735,GGT1_PIG,1.0,,,,,,1,,,,
O54174,O54174_STRCO,1.0,1,,,,,,,,,
O25743,O25743_HELPY,1.0,1,,,,,,,,,
N0CYD1,N0CYD1_9ACTO,1.0,1,,,,,,,,,
N0BA01,N0BA01_9RHIZ,1.0,1,,,,,,,,,
N0AFY1,N0AFY1_BURTH,1.0,1,,,,,,,,,
Q0TGC2,Q0TGC2_ECOL5,1.0,,,,,,1,,,,
Q0V8S2,Q0V8S2_BOVIN,1.0,,,,,,,,1,,
Q2FK60,Q2FK60_STAA3,1.0,1,,,,,,,,,
Q14390,GGTL2_HUMAN,1.0,,1,,,,,,,,
Q2A441,Q2A441_FRATH,1.0,1,,,,,,,,,
Q20251,Q20251_CAEEL,1.0,,1,,,,,,,,
Q1K7M2,Q1K7M2_NEUCR,1.0,1,,,,,,,,,
Q1GVC0,Q1GVC0_SPHAL,1.0,1,,,,,,,,,
Q1GRM9,Q1GRM9_SPHAL,1.0,1,,,,,,,,,
Q1DH00,Q1DH00_AEDAE,1.0,,,,,,1,,,,
Q1DGN4,Q1DGN4_AEDAE,1.0,,,,,,1,,,,
Q1C4H0,Q1C4H0_YERPA,1.0,,,,,,1,,,,
Q17DD8,Q17DD8_AEDAE,1.0,,,,,,1,,,,
Q16RJ3,Q16RJ3_AEDAE,1.0,,,,,,1,,,,
Q16RJ2,Q16RJ2_AEDAE,1.0,,,,,,1,,,,
Q16NY5,Q16NY5_AEDAE,1.0,,,,,,1,,,,
Q16NY4,Q16NY4_AEDAE,1.0,,,,,,1,,,,
Q16NY3,Q16NY3_AEDAE,1.0,,,,,,1,,,,
Q16FZ4,Q16FZ4_AEDAE,1.0,,,,,,1,,,,
M1PC58,M1PC58_DESSD,1.0,1,,,,,,,,,
M1ISR6,M1ISR6_9CREN,1.0,1,,,,,,,,,
Q66DW9,Q66DW9_YERPS,1.0,1,,,,,,,,,
K7GL53,K7GL53_PIG,1.0,,1,,,,,,,,
K7QWV5,K7QWV5_THEOS,1.0,1,,,,,,,,,
K7GSR0,K7GSR0_PIG,1.0,,1,,,,,,,,
K7GRH1,K7GRH1_PIG,1.0,,1,,,,,,,,
K7GQU9,K7GQU9_PIG,1.0,,1,,,,,,,,
K7GQM9,K7GQM9_PIG,1.0,,1,,,,,,,,
K7GQA6,K7GQA6_PIG,1.0,,1,,,,,,,,
K7GN58,K7GN58_PIG,1.0,,1,,,,,,,,
K7GKZ5,K7GKZ5_PIG,1.0,,1,,,,,,,,
M1IA33,M1IA33_9CREN,1.0,1,,,,,,,,,
K7FP85,K7FP85_PELSI,1.0,,1,,,,,,,,
K7F7U2,K7F7U2_PELSI,1.0,,1,,,,,,,,
K7ETP8,K7ETP8_PONAB,1.0,,1,,,,,,,,
K7ETL6,K7ETL6_PONAB,1.0,,1,,,,,,,,
K7EBM8,K7EBM8_ORNAN,1.0,,,,,1,,,,,
K7E6K5,K7E6K5_ORNAN,1.0,,,,,1,,,,,
K7A3V7,K7A3V7_9ALTE,1.0,1,,,,,,,,,
K7SAP6,K7SAP6_GLUOY,1.0,1,,,,,,,,,
K7SG14,K7SG14_GLUOY,1.0,1,,,,,,,,,
K7SIS6,K7SIS6_GLUOY,1.0,1,,,,,,,,,
K7SVY0,K7SVY0_GLUOY,1.0,1,,,,,,,,,
K9T376,K9T376_9CYAN,1.0,1,,,,,,,,,
K9SC15,K9SC15_9CYAN,1.0,1,,,,,,,,,
K9RJH7,K9RJH7_9CYAN,1.0,1,,,,,,,,,
K9QMB2,K9QMB2_NOSS7,1.0,1,,,,,,,,,
K9QCR7,K9QCR7_9NOSO,1.0,1,,,,,,,,,
K9PKZ0,K9PKZ0_9CYAN,1.0,1,,,,,,,,,
K9P592,K9P592_CYAGP,1.0,1,,,,,,,,,
K9NQ98,K9NQ98_9PSED,1.0,1,,,,,,,,,
K9NIM8,K9NIM8_9PSED,1.0,1,,,,,,,,,
K9I049,K9I049_AGABB,1.0,1,,,,,,,,,
K8Z3Q2,K8Z3Q2_9STRA,1.0,1,,,,,,,,,
K7ZH33,K7ZH33_BDEBC,1.0,1,,,,,,,,,
K7YNZ3,K7YNZ3_HELPX,1.0,1,,,,,,,,,
K7YE54,K7YE54_HELPX,1.0,1,,,,,,,,,
K7T6Y4,K7T6Y4_GLUOY,1.0,1,,,,,,,,,
K6YTQ0,K6YTQ0_9ALTE,1.0,1,,,,,,,,,
K5X6V4,K5X6V4_AGABU,1.0,1,,,,,,,,,
K5WP34,K5WP34_PHACS,1.0,1,,,,,,,,,
K0MFD3,K0MFD3_BORPB,1.0,1,,,,,,,,,
K0M8H1,K0M8H1_BORPB,1.0,1,,,,,,,,,
K0LLQ7,K0LLQ7_STAAU,1.0,1,,,,,,,,,
K0K6E9,K0K6E9_SACES,1.0,1,,,,,,,,,
K0K5J6,K0K5J6_SACES,1.0,1,,,,,,,,,
K0JFJ3,K0JFJ3_BRAPL,1.0,1,,,,,,,,,
K0IA10,K0IA10_9BURK,1.0,1,,,,,,,,,
K0I2C2,K0I2C2_9BURK,1.0,1,,,,,,,,,
K0HY64,K0HY64_9BURK,1.0,1,,,,,,,,,
K0HVF2,K0HVF2_9BURK,1.0,1,,,,,,,,,
K0F1J4,K0F1J4_9NOCA,1.0,1,,,,,,,,,
K0EYS7,K0EYS7_9NOCA,1.0,1,,,,,,,,,
K0EU41,K0EU41_9NOCA,1.0,1,,,,,,,,,
K0EH22,K0EH22_ALTMB,1.0,1,,,,,,,,,
K0ECA6,K0ECA6_ALTMB,1.0,1,,,,,,,,,
K0EB68,K0EB68_ALTMB,1.0,1,,,,,,,,,
K0MD25,K0MD25_BORPB,1.0,1,,,,,,,,,
K0MHZ7,K0MHZ7_BORPB,1.0,1,,,,,,,,,
K4RGN3,K4RGN3_9ACTO,1.0,1,,,,,,,,,
K0MI29,K0MI29_BORPB,1.0,1,,,,,,,,,
K4QZN0,K4QZN0_9ACTO,1.0,1,,,,,,,,,
K4QTG9,K4QTG9_9ACTO,1.0,1,,,,,,,,,
K4KHZ7,K4KHZ7_SIMAS,1.0,1,,,,,,,,,
K4IHA3,K4IHA3_PSYTT,1.0,1,,,,,,,,,
K4IDU5,K4IDU5_PSYTT,1.0,1,,,,,,,,,
K4FR11,K4FR11_PECSS,1.0,1,,,,,,,,,
K4FE60,K4FE60_PECSS,1.0,1,,,,,,,,,
K3W433,K3W433_SACES,1.0,1,,,,,,,,,
K3VZU7,K3VZU7_FUSPC,1.0,1,,,,,,,,,
K3VY43,K3VY43_FUSPC,1.0,1,,,,,,,,,
K3V776,K3V776_FUSPC,1.0,1,,,,,,,,,
K1Y0D8,K1Y0D8_MARBU,1.0,1,,,,,,,,,
K1WTZ4,K1WTZ4_MARBU,1.0,1,,,,,,,,,
K1WBS5,K1WBS5_MARBU,1.0,1,,,,,,,,,
K0MIB3,K0MIB3_BORPB,1.0,1,,,,,,,,,
K9T4N9,K9T4N9_9CYAN,1.0,1,,,,,,,,,
K9TQB6,K9TQB6_9CYAN,1.0,1,,,,,,,,,
K9TQP0,K9TQP0_9CYAN,1.0,1,,,,,,,,,
L7N5X1,L7N5X1_MYCTO,1.0,1,,,,,,,,,
L0R730,L0R730_9DELT,1.0,1,,,,,,,,,
L0MGX2,L0MGX2_SERMA,1.0,1,,,,,,,,,
L0MF26,L0MF26_SERMA,1.0,1,,,,,,,,,
L0MEV2,L0MEV2_SERMA,1.0,1,,,,,,,,,
L0LZ54,L0LZ54_ENTBF,1.0,1,,,,,,,,,
L0LWM3,L0LWM3_RHITR,1.0,1,,,,,,,,,
L0LUN3,L0LUN3_RHITR,1.0,1,,,,,,,,,
L0LTS0,L0LTS0_RHITR,1.0,1,,,,,,,,,
L0LS61,L0LS61_RHITR,1.0,1,,,,,,,,,
L0LLX4,L0LLX4_RHITR,1.0,1,,,,,,,,,
L0KU20,L0KU20_MESAW,1.0,1,,,,,,,,,
L0KCU5,L0KCU5_MESAW,1.0,1,,,,,,,,,
L0K5W9,L0K5W9_9EURY,1.0,1,,,,,,,,,
L0K3X5,L0K3X5_9EURY,1.0,1,,,,,,,,,
L0K2V6,L0K2V6_9EURY,1.0,1,,,,,,,,,
L5M2N2,L5M2N2_MYODS,1.0,1,,,,,,,,,
L7U8E2,L7U8E2_MYXSD,1.0,1,,,,,,,,,
L0JW72,L0JW72_9EURY,1.0,1,,,,,,,,,
L7V9V8,L7V9V8_MYCL1,1.0,1,,,,,,,,,
M1FFE7,M1FFE7_9ALTE,1.0,1,,,,,,,,,
M1FDR6,M1FDR6_9ALTE,1.0,1,,,,,,,,,
M1FBR0,M1FBR0_9ALTE,1.0,1,,,,,,,,,
M1FBD5,M1FBD5_9ALTE,1.0,1,,,,,,,,,
M1FB24,M1FB24_9ALTE,1.0,1,,,,,,,,,
M1E4P6,M1E4P6_9FIRM,1.0,1,,,,,,,,,
M0R8W8,M0R8W8_RAT,1.0,,1,,,,,,,,
L8Y747,L8Y747_TUPCH,1.0,1,,,,,,,,,
L8HWU7,L8HWU7_9CETA,1.0,1,,,,,,,,,
L8H169,L8H169_ACACA,1.0,1,,,,,,,,,
L8A320,L8A320_9BACI,1.0,1,,,,,,,,,
L7ZHT4,L7ZHT4_SERMA,1.0,1,,,,,,,,,
L7ZFI4,L7ZFI4_SERMA,1.0,1,,,,,,,,,
L7WWZ8,L7WWZ8_STAWS,1.0,1,,,,,,,,,
L7VAT4,L7VAT4_MYCL1,1.0,1,,,,,,,,,
L0JYV0,L0JYV0_9EURY,1.0,1,,,,,,,,,
L0IVN7,L0IVN7_MYCSM,1.0,1,,,,,,,,,
K9U2A6,K9U2A6_9CYAN,1.0,1,,,,,,,,,
K9YEA3,K9YEA3_HALP7,1.0,1,,,,,,,,,
K9XMJ1,K9XMJ1_STAC7,1.0,1,,,,,,,,,
K9XL69,K9XL69_9CHRO,1.0,1,,,,,,,,,
K9XGQ2,K9XGQ2_9CHRO,1.0,1,,,,,,,,,
K9XDG7,K9XDG7_9CHRO,1.0,1,,,,,,,,,
K9WWS4,K9WWS4_9NOST,1.0,1,,,,,,,,,
K9WL58,K9WL58_9CYAN,1.0,1,,,,,,,,,
K9WJA1,K9WJA1_9CYAN,1.0,1,,,,,,,,,
K9VXK9,K9VXK9_9CYAN,1.0,1,,,,,,,,,
K9VVM7,K9VVM7_9CYAN,1.0,1,,,,,,,,,
K9VVE6,K9VVE6_9CYAN,1.0,1,,,,,,,,,
K9VQD6,K9VQD6_9CYAN,1.0,1,,,,,,,,,
K9V7S3,K9V7S3_9CYAN,1.0,1,,,,,,,,,
K9UP28,K9UP28_9CHRO,1.0,1,,,,,,,,,
K9U823,K9U823_9CYAN,1.0,1,,,,,,,,,
K9U7H4,K9U7H4_9CYAN,1.0,1,,,,,,,,,
K9XY96,K9XY96_STAC7,1.0,1,,,,,,,,,
K9Z7L5,K9Z7L5_CYAAP,1.0,1,,,,,,,,,
L0IQD3,L0IQD3_MYCSM,1.0,1,,,,,,,,,
K9ZY76,K9ZY76_DEIPD,1.0,1,,,,,,,,,
L0ICS5,L0ICS5_HALRX,1.0,1,,,,,,,,,
L0H143,L0H143_9GAMM,1.0,1,,,,,,,,,
L0GGX2,L0GGX2_PSEST,1.0,1,,,,,,,,,
L0GDM8,L0GDM8_PSEST,1.0,1,,,,,,,,,
L0G4C5,L0G4C5_ECHVK,1.0,1,,,,,,,,,
L0FN76,L0FN76_PSEPU,1.0,1,,,,,,,,,
L0FMK6,L0FMK6_PSEPU,1.0,1,,,,,,,,,
L0F8L2,L0F8L2_DESDL,1.0,1,,,,,,,,,
L0E0R1,L0E0R1_THIND,1.0,1,,,,,,,,,
L0DVD6,L0DVD6_THIND,1.0,1,,,,,,,,,
L0DNU4,L0DNU4_SINAD,1.0,1,,,,,,,,,
L0DDJ7,L0DDJ7_SINAD,1.0,1,,,,,,,,,
L0AM55,L0AM55_NATGS,1.0,1,,,,,,,,,
L0ALV9,L0ALV9_NATGS,1.0,1,,,,,,,,,
K9ZYW2,K9ZYW2_DEIPD,1.0,1,,,,,,,,,
Q63XX4,Q63XX4_BURPS,1.0,1,,,,,,,,,
Q67JK2,Q67JK2_SYMTH,1.0,1,,,,,,,,,
F4D7D3,F4D7D3_AERVB,1.0,1,,,,,,,,,
T1Y741,T1Y741_STAAU,1.0,1,,,,,,,,,
U3GVD7,U3GVD7_9CORY,1.0,1,,,,,,,,,
U3DHK9,U3DHK9_CALJA,1.0,1,,,,,,,,,
U3ABG7,U3ABG7_VIBAL,1.0,1,,,,,,,,,
U3A1P1,U3A1P1_VIBAL,1.0,1,,,,,,,,,
T2LHJ7,T2LHJ7_CAMCO,1.0,1,,,,,,,,,
T2H5E1,T2H5E1_PSEPU,1.0,1,,,,,,,,,
T2H2C2,T2H2C2_PSEPU,1.0,1,,,,,,,,,
T1XLQ9,T1XLQ9_VARPD,1.0,1,,,,,,,,,
S0APT8,S0APT8_FERAC,1.0,1,,,,,,,,,
T1XF62,T1XF62_VARPD,1.0,1,,,,,,,,,
T1X928,T1X928_VARPD,1.0,1,,,,,,,,,
T1X8E1,T1X8E1_VARPD,1.0,1,,,,,,,,,
T1UAL7,T1UAL7_HELPX,1.0,1,,,,,,,,,
T1FW06,T1FW06_HELRO,1.0,1,,,,,,,,,
S7QPW1,S7QPW1_GLOTA,1.0,1,,,,,,,,,
S7QHN4,S7QHN4_GLOTA,1.0,1,,,,,,,,,
U3IK93,U3IK93_ANAPL,1.0,,1,,,,,,,,
U3IKT8,U3IKT8_ANAPL,1.0,,1,,,,,,,,
U3JXW1,U3JXW1_FICAL,1.0,,1,,,,,,,,
U3JXW3,U3JXW3_FICAL,1.0,,1,,,,,,,,
U4LZW9,U4LZW9_9XANT,1.0,1,,,,,,,,,
U4KJ13,U4KJ13_9VIBR,1.0,1,,,,,,,,,
U4KHR0,U4KHR0_9VIBR,1.0,1,,,,,,,,,
U3U9U7,U3U9U7_9ENTR,1.0,1,,,,,,,,,
U3U769,U3U769_9ENTR,1.0,1,,,,,,,,,
U3U529,U3U529_9ENTR,1.0,1,,,,,,,,,
U3U3C4,U3U3C4_9ENTR,1.0,1,,,,,,,,,
U3TN54,U3TN54_9ENTR,1.0,1,,,,,,,,,
U3TAX5,U3TAX5_9CREN,1.0,1,,,,,,,,,
U3QZJ1,U3QZJ1_RALPI,1.0,1,,,,,,,,,
U3QTQ5,U3QTQ5_RALPI,1.0,1,,,,,,,,,
U3QP96,U3QP96_RALPI,1.0,1,,,,,,,,,
U3QN87,U3QN87_RALPI,1.0,1,,,,,,,,,
U3QMW2,U3QMW2_RALPI,1.0,1,,,,,,,,,
U3QEK0,U3QEK0_RALPI,1.0,1,,,,,,,,,
S7MY54,S7MY54_MYOBR,1.0,1,,,,,,,,,
S6G2U0,S6G2U0_BACAM,1.0,1,,,,,,,,,
S6FL14,S6FL14_BACAM,1.0,1,,,,,,,,,
S5C520,S5C520_ALTMA,1.0,1,,,,,,,,,
S5BXZ8,S5BXZ8_ALTMA,1.0,1,,,,,,,,,
S5BXK6,S5BXK6_ALTMA,1.0,1,,,,,,,,,
S5ADJ9,S5ADJ9_ALTMA,1.0,1,,,,,,,,,
S4Z496,S4Z496_9MYCO,1.0,1,,,,,,,,,
S4YW41,S4YW41_9GAMM,1.0,1,,,,,,,,,
S4YG60,S4YG60_SORCE,1.0,1,,,,,,,,,
S4YFQ5,S4YFQ5_SORCE,1.0,1,,,,,,,,,
S4YF62,S4YF62_SERPL,1.0,1,,,,,,,,,
S4YCU0,S4YCU0_SERPL,1.0,1,,,,,,,,,
S4Y9P6,S4Y9P6_SORCE,1.0,1,,,,,,,,,
S4XN06,S4XN06_SORCE,1.0,1,,,,,,,,,
S4RLU5,S4RLU5_PETMA,1.0,,1,,,,,,,,
S4RKC0,S4RKC0_PETMA,1.0,,1,,,,,,,,
S4RK64,S4RK64_PETMA,1.0,,1,,,,,,,,
S4R7Y3,S4R7Y3_PETMA,1.0,,1,,,,,,,,
S5BYX7,S5BYX7_ALTMA,1.0,1,,,,,,,,,
S5EFF3,S5EFF3_SERLI,1.0,1,,,,,,,,,
S6DBA4,S6DBA4_ACEPA,1.0,1,,,,,,,,,
S5EQV9,S5EQV9_SERLI,1.0,1,,,,,,,,,
S6DB01,S6DB01_ACEPA,1.0,1,,,,,,,,,
S6D559,S6D559_ACEPA,1.0,1,,,,,,,,,
S6AGT4,S6AGT4_PSERE,1.0,1,,,,,,,,,
S6AC03,S6AC03_PSERE,1.0,1,,,,,,,,,
S5ZA34,S5ZA34_9BACI,1.0,1,,,,,,,,,
S5V4M9,S5V4M9_STRCU,1.0,1,,,,,,,,,
S5UZD3,S5UZD3_STRCU,1.0,1,,,,,,,,,
S5TVE2,S5TVE2_9GAMM,1.0,1,,,,,,,,,
S5S7F1,S5S7F1_RHIET,1.0,1,,,,,,,,,
S5S2U9,S5S2U9_RHIET,1.0,1,,,,,,,,,
S5RVQ1,S5RVQ1_RHIET,1.0,1,,,,,,,,,
S5N1E5,S5N1E5_SALBN,1.0,1,,,,,,,,,
S5JB14,S5JB14_VIBPH,1.0,1,,,,,,,,,
S5IXV1,S5IXV1_VIBPH,1.0,1,,,,,,,,,
S5EUU6,S5EUU6_SERLI,1.0,1,,,,,,,,,
U4M104,U4M104_9XANT,1.0,1,,,,,,,,,
U4M5N5,U4M5N5_9XANT,1.0,1,,,,,,,,,
U4Q2V8,U4Q2V8_9RHIZ,1.0,1,,,,,,,,,
W4ZD12,W4ZD12_STRPU,1.0,1,,,,,,,,,
V9XJ58,V9XJ58_9NOCA,1.0,1,,,,,,,,,
V9XFM1,V9XFM1_9NOCA,1.0,1,,,,,,,,,
V9WMK7,V9WMK7_9RHOB,1.0,1,,,,,,,,,
V9WEW5,V9WEW5_9RHOB,1.0,1,,,,,,,,,
V9VXM1,V9VXM1_9RHOB,1.0,1,,,,,,,,,
V9VRM2,V9VRM2_9RHOB,1.0,1,,,,,,,,,
V9V4S2,V9V4S2_9PSED,1.0,1,,,,,,,,,
V9UZ04,V9UZ04_9PSED,1.0,1,,,,,,,,,
V9S7E9,V9S7E9_9CREN,1.0,1,,,,,,,,,
V9S2V1,V9S2V1_ALCXX,1.0,1,,,,,,,,,
V9S1U2,V9S1U2_ALCXX,1.0,1,,,,,,,,,
V9S172,V9S172_ALCXX,1.0,1,,,,,,,,,
V9RVU8,V9RVU8_ALCXX,1.0,1,,,,,,,,,
V9RSG9,V9RSG9_ALCXX,1.0,1,,,,,,,,,
V9RR85,V9RR85_ALCXX,1.0,1,,,,,,,,,
W4KNG1,W4KNG1_9HOMO,1.0,1,,,,,,,,,
W5KB75,W5KB75_ASTMX,1.0,,1,,,,,,,,
V9QX90,V9QX90_9PSED,1.0,1,,,,,,,,,
W5KE65,W5KE65_ASTMX,1.0,,1,,,,,,,,
W6Z6B6,W6Z6B6_COCMI,1.0,1,,,,,,,,,
W6YMV2,W6YMV2_COCCA,1.0,1,,,,,,,,,
W6YBC4,W6YBC4_COCCA,1.0,1,,,,,,,,,
W5PWM0,W5PWM0_SHEEP,1.0,,1,,,,,,,,
W5PW93,W5PW93_SHEEP,1.0,,1,,,,,,,,
W5MUM1,W5MUM1_LEPOC,1.0,,1,,,,,,,,
W5MUL3,W5MUL3_LEPOC,1.0,,1,,,,,,,,
W5MCC1,W5MCC1_LEPOC,1.0,,1,,,,,,,,
W5MC95,W5MC95_LEPOC,1.0,,1,,,,,,,,
W5M0R8,W5M0R8_LEPOC,1.0,,1,,,,,,,,
W5LN30,W5LN30_ASTMX,1.0,,1,,,,,,,,
W5LN29,W5LN29_ASTMX,1.0,,1,,,,,,,,
W5LMJ5,W5LMJ5_ASTMX,1.0,,1,,,,,,,,
W5L3P1,W5L3P1_ASTMX,1.0,,1,,,,,,,,
W5KE72,W5KE72_ASTMX,1.0,,1,,,,,,,,
V9RN19,V9RN19_ALCXX,1.0,1,,,,,,,,,
V9QVE2,V9QVE2_9PSED,1.0,1,,,,,,,,,
U4Q3K0,U4Q3K0_9RHIZ,1.0,1,,,,,,,,,
V2XZL1,V2XZL1_MONRO,1.0,1,,,,,,,,,
U5W602,U5W602_9ACTO,1.0,1,,,,,,,,,
U5VXS3,U5VXS3_9ACTO,1.0,1,,,,,,,,,
U5VU28,U5VU28_9ACTO,1.0,1,,,,,,,,,
U5V9Z0,U5V9Z0_9PSED,1.0,1,,,,,,,,,
U5UKP0,U5UKP0_9STAP,1.0,1,,,,,,,,,
U5T3V2,U5T3V2_9GAMM,1.0,1,,,,,,,,,
U5T3F9,U5T3F9_9GAMM,1.0,1,,,,,,,,,
U5S3I7,U5S3I7_9CLOT,1.0,1,,,,,,,,,
U5QMI2,U5QMI2_9CYAN,1.0,1,,,,,,,,,
U5QIQ3,U5QIQ3_9CYAN,1.0,1,,,,,,,,,
U5QI54,U5QI54_9CYAN,1.0,1,,,,,,,,,
U5LIU5,U5LIU5_9BACI,1.0,1,,,,,,,,,
U5LE53,U5LE53_9BACI,1.0,1,,,,,,,,,
U5L5W8,U5L5W8_9BACI,1.0,1,,,,,,,,,
U4QBQ9,U4QBQ9_9RHIZ,1.0,1,,,,,,,,,
U5WNM4,U5WNM4_MYCKA,1.0,1,,,,,,,,,
V4A2E2,V4A2E2_LOTGI,1.0,1,,,,,,,,,
V9QR40,V9QR40_9PSED,1.0,1,,,,,,,,,
V4C308,V4C308_LOTGI,1.0,1,,,,,,,,,
V6CLP9,V6CLP9_CAEEL,1.0,,1,,,,,,,,
V5X923,V5X923_MYCNE,1.0,1,,,,,,,,,
V5WK22,V5WK22_9SPIO,1.0,1,,,,,,,,,
V5V5U1,V5V5U1_9CHRO,1.0,1,,,,,,,,,
V5UL86,V5UL86_9BURK,1.0,1,,,,,,,,,
V5UIA3,V5UIA3_9BURK,1.0,1,,,,,,,,,
V5UHD5,V5UHD5_9BURK,1.0,1,,,,,,,,,
V5UH22,V5UH22_9BURK,1.0,1,,,,,,,,,
V5UC89,V5UC89_9BURK,1.0,1,,,,,,,,,
V5TTR3,V5TTR3_CROSK,1.0,1,,,,,,,,,
V5SBI3,V5SBI3_9RHIZ,1.0,1,,,,,,,,,
V5PV42,V5PV42_9BURK,1.0,1,,,,,,,,,
V5PV12,V5PV12_9BURK,1.0,1,,,,,,,,,
V5PNC1,V5PNC1_9BURK,1.0,1,,,,,,,,,
V5NQ68,V5NQ68_HELPX,1.0,1,,,,,,,,,
S0ETS8,S0ETS8_CHTCT,1.0,1,,,,,,,,,
S0AD12,S0AD12_SERPL,1.0,1,,,,,,,,,
Q680I5,GAGT2_ARATH,1.0,,,,,,,,,,1
Q7WG69,Q7WG69_BORBR,1.0,1,,,,,,,,,
Q82UY6,Q82UY6_NITEU,1.0,1,,,,,,,,,
Q82LS2,Q82LS2_STRAW,1.0,1,,,,,,,,,
Q82LQ3,Q82LQ3_STRAW,1.0,1,,,,,,,,,
Q7WNQ9,Q7WNQ9_BORBR,1.0,1,,,,,,,,,
Q7WLZ5,Q7WLZ5_BORBR,1.0,1,,,,,,,,,
Q7WJH8,Q7WJH8_BORBR,1.0,1,,,,,,,,,
Q7WGF5,Q7WGF5_BORBR,1.0,1,,,,,,,,,
Q7WFP8,Q7WFP8_BORBR,1.0,1,,,,,,,,,
S0AA75,S0AA75_SERPL,1.0,1,,,,,,,,,
Q7WFM8,Q7WFM8_BORBR,1.0,1,,,,,,,,,
Q7WAD5,Q7WAD5_BORPA,1.0,1,,,,,,,,,
Q7W8D6,Q7W8D6_BORPA,1.0,1,,,,,,,,,
Q7W4X7,Q7W4X7_BORPA,1.0,1,,,,,,,,,
Q7W4P3,Q7W4P3_BORPA,1.0,1,,,,,,,,,
Q7W490,Q7W490_BORPA,1.0,1,,,,,,,,,
Q7W120,Q7W120_BORPA,1.0,1,,,,,,,,,
Q83PU9,Q83PU9_SHIFL,1.0,1,,,,,,,,,
Q87KG6,Q87KG6_VIBPA,1.0,1,,,,,,,,,
Q89ED1,Q89ED1_BRADU,1.0,1,,,,,,,,,
Q89RA0,Q89RA0_BRADU,1.0,1,,,,,,,,,
Q8P860,Q8P860_XANCP,1.0,1,,,,,,,,,
Q8P5L6,Q8P5L6_XANCP,1.0,1,,,,,,,,,
Q8NRT7,Q8NRT7_CORGL,1.0,1,,,,,,,,,
Q8F4D6,Q8F4D6_LEPIN,1.0,1,,,,,,,,,
Q8ERJ9,Q8ERJ9_OCEIH,1.0,1,,,,,,,,,
Q8ELG0,Q8ELG0_OCEIH,1.0,1,,,,,,,,,
Q8EIU3,Q8EIU3_SHEON,1.0,1,,,,,,,,,
Q8EFL9,Q8EFL9_SHEON,1.0,1,,,,,,,,,
Q8D166,Q8D166_YERPE,1.0,1,,,,,,,,,
Q8CXN8,Q8CXN8_OCEIH,1.0,1,,,,,,,,,
Q8CWE9,Q8CWE9_COREF,1.0,1,,,,,,,,,
Q8CVM1,Q8CVM1_ECOL6,1.0,1,,,,,,,,,
Q8CUD7,Q8CUD7_STAES,1.0,,,,,,1,,,,
Q89WU5,Q89WU5_BRADU,1.0,1,,,,,,,,,
Q89SJ6,Q89SJ6_BRADU,1.0,1,,,,,,,,,
Q7W098,Q7W098_BORPE,1.0,1,,,,,,,,,
Q7VVH2,Q7VVH2_BORPE,1.0,1,,,,,,,,,
Q7VUN0,Q7VUN0_BORPE,1.0,1,,,,,,,,,
Q6ZPD7,Q6ZPD7_HUMAN,1.0,1,,,,,,,,,
Q6NBQ2,Q6NBQ2_RHOPA,1.0,1,,,,,,,,,
Q6N7C7,Q6N7C7_RHOPA,1.0,1,,,,,,,,,
Q6N1I6,Q6N1I6_RHOPA,1.0,1,,,,,,,,,
Q6MHR2,Q6MHR2_BDEBA,1.0,1,,,,,,,,,
Q6M6J6,Q6M6J6_CORGL,1.0,1,,,,,,,,,
Q6LLP5,Q6LLP5_PHOPR,1.0,1,,,,,,,,,
Q6FR69,Q6FR69_CANGA,1.0,1,,,,,,,,,
Q6DIS4,Q6DIS4_XENTR,1.0,,1,,,,,,,,
Q6D1F1,Q6D1F1_PECAS,1.0,1,,,,,,,,,
Q6CYX6,Q6CYX6_PECAS,1.0,1,,,,,,,,,
Q6CUF5,Q6CUF5_KLULA,1.0,1,,,,,,,,,
Q6CIY3,Q6CIY3_KLULA,1.0,1,,,,,,,,,
Q6CBA5,Q6CBA5_YARLI,1.0,1,,,,,,,,,
Q6BSF9,Q6BSF9_DEBHA,1.0,1,,,,,,,,,
Q6BHM1,Q6BHM1_DEBHA,1.0,1,,,,,,,,,
Q6NDS9,Q6NDS9_RHOPA,1.0,1,,,,,,,,,
Q72RD3,Q72RD3_LEPIC,1.0,1,,,,,,,,,
Q7VUI4,Q7VUI4_BORPE,1.0,1,,,,,,,,,
Q743H8,Q743H8_MYCPA,1.0,1,,,,,,,,,
Q7VAE2,Q7VAE2_PROMA,1.0,1,,,,,,,,,
Q7U1B2,Q7U1B2_MYCBO,1.0,1,,,,,,,,,
Q7TYP4,Q7TYP4_MYCBO,1.0,1,,,,,,,,,
Q7TNR0,Q7TNR0_MOUSE,1.0,1,,,,,,,,,
Q7T2A1,Q7T2A1_DANRE,1.0,,1,,,,,,,,
Q7Q4V8,Q7Q4V8_ANOGA,1.0,,,,,,1,,,,
Q7Q0N5,Q7Q0N5_ANOGA,1.0,,,,,,1,,,,
Q7PWM4,Q7PWM4_ANOGA,1.0,,,,,,1,,,,
Q7NY60,Q7NY60_CHRVO,1.0,1,,,,,,,,,
Q7NMT5,Q7NMT5_GLOVI,1.0,1,,,,,,,,,
Q7NCH5,Q7NCH5_GLOVI,1.0,1,,,,,,,,,
Q7N0I0,Q7N0I0_PHOLL,1.0,1,,,,,,,,,
Q7KUX2,Q7KUX2_DROME,1.0,,1,,,,,,,,
Q76KT1,Q76KT1_NEIME,1.0,1,,,,,,,,,
Q75ED1,Q75ED1_ASHGO,1.0,1,,,,,,,,,
Q8PDP4,Q8PDP4_XANCP,1.0,1,,,,,,,,,
Q8PH10,Q8PH10_XANAC,1.0,1,,,,,,,,,
Q8PJK8,Q8PJK8_XANAC,1.0,1,,,,,,,,,
R4XQN8,R4XQN8_ALCXX,1.0,1,,,,,,,,,
R4XJ50,R4XJ50_ALCXX,1.0,1,,,,,,,,,
R4X2B9,R4X2B9_9BURK,1.0,1,,,,,,,,,
R4X251,R4X251_9BURK,1.0,1,,,,,,,,,
R4WF52,R4WF52_9BURK,1.0,1,,,,,,,,,
R4VZZ5,R4VZZ5_9EURY,1.0,1,,,,,,,,,
R4VKL7,R4VKL7_9GAMM,1.0,1,,,,,,,,,
R4VI10,R4VI10_9GAMM,1.0,1,,,,,,,,,
R4UT74,R4UT74_MYCAB,1.0,1,,,,,,,,,
R4SYU2,R4SYU2_AMYOR,1.0,1,,,,,,,,,
R4SIN0,R4SIN0_AMYOR,1.0,1,,,,,,,,,
R4QA28,R4QA28_HELPX,1.0,1,,,,,,,,,
R4Q840,R4Q840_HELPX,1.0,1,,,,,,,,,
R4Q0M9,R4Q0M9_HELPX,1.0,1,,,,,,,,,
R4MK53,R4MK53_MYCTX,1.0,1,,,,,,,,,
R4M3N5,R4M3N5_MYCTX,1.0,1,,,,,,,,,
R4XKN9,R4XKN9_ALCXX,1.0,1,,,,,,,,,
R4XTT5,R4XTT5_ALCXX,1.0,1,,,,,,,,,
R4LHQ9,R4LHQ9_9ACTO,1.0,1,,,,,,,,,
R4XY66,R4XY66_ALCXX,1.0,1,,,,,,,,,
R9VVA0,R9VVA0_9ENTR,1.0,1,,,,,,,,,
R9VV89,R9VV89_9ENTR,1.0,1,,,,,,,,,
R9VMY6,R9VMY6_9ENTR,1.0,1,,,,,,,,,
R9VB25,R9VB25_PSEPU,1.0,1,,,,,,,,,
R9V7L2,R9V7L2_PSEPU,1.0,1,,,,,,,,,
R9U1E4,R9U1E4_BACLI,1.0,1,,,,,,,,,
R9TWA1,R9TWA1_BACLI,1.0,1,,,,,,,,,
R9AA39,R9AA39_WALI9,1.0,1,,,,,,,,,
R8BWC8,R8BWC8_TOGMI,1.0,1,,,,,,,,,
R8BTD4,R8BTD4_TOGMI,1.0,1,,,,,,,,,
R8BT19,R8BT19_TOGMI,1.0,1,,,,,,,,,
R8BAQ2,R8BAQ2_TOGMI,1.0,1,,,,,,,,,
R7QNT9,R7QNT9_CHOCR,1.0,1,,,,,,,,,
R4Y2Y7,R4Y2Y7_ALCXX,1.0,1,,,,,,,,,
R4XZZ2,R4XZZ2_ALCXX,1.0,1,,,,,,,,,
R4LJZ8,R4LJZ8_9ACTO,1.0,1,,,,,,,,,
R4L4K0,R4L4K0_9ACTO,1.0,1,,,,,,,,,
Q8PQL8,Q8PQL8_XANAC,1.0,1,,,,,,,,,
Q9I6D3,Q9I6D3_PSEAE,1.0,1,,,,,,,,,
Q9ABW6,Q9ABW6_CAUCR,1.0,1,,,,,,,,,
Q9AAR5,Q9AAR5_CAUCR,1.0,1,,,,,,,,,
Q9A9J6,Q9A9J6_CAUCR,1.0,1,,,,,,,,,
Q98B64,Q98B64_RHILO,1.0,1,,,,,,,,,
Q987N3,Q987N3_RHILO,1.0,1,,,,,,,,,
Q92TL4,Q92TL4_RHIME,1.0,1,,,,,,,,,
Q8ZLF7,Q8ZLF7_SALTY,1.0,1,,,,,,,,,
Q8Z242,Q8Z242_SALTI,1.0,1,,,,,,,,,
Q8XWH3,Q8XWH3_RALSO,1.0,1,,,,,,,,,
Q8XVB0,Q8XVB0_RALSO,1.0,1,,,,,,,,,
Q8XT41,Q8XT41_RALSO,1.0,1,,,,,,,,,
Q8X6U9,Q8X6U9_ECO57,1.0,1,,,,,,,,,
Q8VYW6,GAGT1_ARATH,1.0,,,,,,,,,,1
Q8VYW6,GAGT1_ARATH,1.0,,,,,,,,,,1
Q8SRV2,Q8SRV2_ENCCU,1.0,,,,,,1,,,,
Q9C2D7,Q9C2D7_NEUCS,1.0,,,,,,1,,,,
Q9I6W8,Q9I6W8_PSEAE,1.0,1,,,,,,,,,
R4GBN6,R4GBN6_ANOCA,1.0,,1,,,,,,,,
Q9JZH2,Q9JZH2_NEIMB,1.0,1,,,,,,,,,
R1GN37,R1GN37_BOTPV,1.0,1,,,,,,,,,
R1FLY9,R1FLY9_EMIHU,1.0,1,,,,,,,,,
R1FAD7,R1FAD7_EMIHU,1.0,1,,,,,,,,,
R1EM20,R1EM20_BOTPV,1.0,1,,,,,,,,,
R1EGB2,R1EGB2_BOTPV,1.0,1,,,,,,,,,
R1BYE9,R1BYE9_EMIHU,1.0,1,,,,,,,,,
R1BQY9,R1BQY9_EMIHU,1.0,1,,,,,,,,,
Q9ZBG9,Q9ZBG9_STRCO,1.0,1,,,,,,,,,
Q9XTY7,Q9XTY7_CAEEL,1.0,,1,,,,,,,,
Q9VXA5,Q9VXA5_DROME,1.0,,1,,,,,,,,
Q9RU70,Q9RU70_DEIRA,1.0,1,,,,,,,,,
Q9PEP4,Q9PEP4_XYLFA,1.0,1,,,,,,,,,
Q9KVF2,Q9KVF2_VIBCH,1.0,1,,,,,,,,,
Q9KM31,Q9KM31_VIBCH,1.0,1,,,,,,,,,
Q9KEI5,Q9KEI5_BACHD,1.0,1,,,,,,,,,
K0E9B2,K0E9B2_ALTMB,1.0,1,,,,,,,,,
K0DUV0,K0DUV0_9BURK,1.0,1,,,,,,,,,
K0DRQ5,K0DRQ5_9BURK,1.0,1,,,,,,,,,
G2LZW2,G2LZW2_9XANT,1.0,1,,,,,,,,,
G2PLC6,G2PLC6_MURRD,1.0,1,,,,,,,,,
G2PCL3,G2PCL3_STRVO,1.0,1,,,,,,,,,
G2NJL5,G2NJL5_STREK,1.0,1,,,,,,,,,
G2MLG5,G2MLG5_9ARCH,1.0,1,,,,,,,,,
G2MEQ7,G2MEQ7_HELPX,1.0,1,,,,,,,,,
G2MAC2,G2MAC2_HELPX,1.0,1,,,,,,,,,
G2M3Y8,G2M3Y8_HELPX,1.0,1,,,,,,,,,
G2LWK1,G2LWK1_9XANT,1.0,1,,,,,,,,,
G0EJP6,G0EJP6_BRAIP,1.0,1,,,,,,,,,
G2LST6,G2LST6_9XANT,1.0,1,,,,,,,,,
G2LK88,G2LK88_CHLTF,1.0,1,,,,,,,,,
G2LK86,G2LK86_CHLTF,1.0,1,,,,,,,,,
G2JCV9,G2JCV9_ACIBA,1.0,1,,,,,,,,,
G2IUG1,G2IUG1_PSEUL,1.0,1,,,,,,,,,
G2ISY3,G2ISY3_9SPHN,1.0,1,,,,,,,,,
G2IMT9,G2IMT9_9SPHN,1.0,1,,,,,,,,,
G2Q7H4,G2Q7H4_THIHA,1.0,1,,,,,,,,,
G2QQ70,G2QQ70_THIHA,1.0,1,,,,,,,,,
G2QRN9,G2QRN9_THITE,1.0,1,,,,,,,,,
G2RI38,G2RI38_THITE,1.0,1,,,,,,,,,
G2X5F0,G2X5F0_VERDV,1.0,1,,,,,,,,,
G2WY93,G2WY93_VERDV,1.0,1,,,,,,,,,
G2TQ72,G2TQ72_BACCO,1.0,1,,,,,,,,,
G2SIS1,G2SIS1_RHOMR,1.0,1,,,,,,,,,
G2SIH0,G2SIH0_RHOMR,1.0,1,,,,,,,,,
G2S847,G2S847_ENTAL,1.0,1,,,,,,,,,
G2S710,G2S710_ENTAL,1.0,1,,,,,,,,,
G2S3F5,G2S3F5_ENTAL,1.0,1,,,,,,,,,
G2RSV8,G2RSV8_BACME,1.0,1,,,,,,,,,
G2RRL8,G2RRL8_BACME,1.0,1,,,,,,,,,
G2RRL6,G2RRL6_BACME,1.0,1,,,,,,,,,
G2RRD8,G2RRD8_BACME,1.0,1,,,,,,,,,
G2RPU0,G2RPU0_BACME,1.0,1,,,,,,,,,
G2RKN5,G2RKN5_BACME,1.0,1,,,,,,,,,
G2RKB1,G2RKB1_BACME,1.0,1,,,,,,,,,
G2IJG2,G2IJG2_9SPHN,1.0,1,,,,,,,,,
G2I5Y2,G2I5Y2_KOMMN,1.0,1,,,,,,,,,
G2I2X9,G2I2X9_KOMMN,1.0,1,,,,,,,,,
G0RXX5,G0RXX5_CHATD,1.0,1,,,,,,,,,
G0RUQ3,G0RUQ3_HYPJQ,1.0,1,,,,,,,,,
G0RSV1,G0RSV1_HYPJQ,1.0,1,,,,,,,,,
G0RSF9,G0RSF9_HYPJQ,1.0,1,,,,,,,,,
G0LKA2,G0LKA2_HALWC,1.0,1,,,,,,,,,
G0L3Z9,G0L3Z9_ZOBGA,1.0,1,,,,,,,,,
G0K1Z5,G0K1Z5_STEMA,1.0,1,,,,,,,,,
G0JVP3,G0JVP3_STEMA,1.0,1,,,,,,,,,
G0JLA9,G0JLA9_9GAMM,1.0,1,,,,,,,,,
G0J434,G0J434_CYCMS,1.0,1,,,,,,,,,
G0IYY4,G0IYY4_CYCMS,1.0,1,,,,,,,,,
G0G9N6,G0G9N6_AMYMS,1.0,1,,,,,,,,,
G0G6T2,G0G6T2_AMYMS,1.0,1,,,,,,,,,
G0G0D4,G0G0D4_AMYMS,1.0,1,,,,,,,,,
G0F0B3,G0F0B3_CUPNN,1.0,1,,,,,,,,,
G0EY74,G0EY74_CUPNN,1.0,1,,,,,,,,,
G0RVP9,G0RVP9_HYPJQ,1.0,1,,,,,,,,,
G0SFE7,G0SFE7_CHATD,1.0,1,,,,,,,,,
G2I1U5,G2I1U5_KOMMN,1.0,1,,,,,,,,,
G0TF00,G0TF00_MYCCP,1.0,1,,,,,,,,,
G2HUU8,G2HUU8_9PROT,1.0,1,,,,,,,,,
G1TLQ2,G1TLQ2_RABIT,1.0,,1,,,,,,,,
G1T2W7,G1T2W7_RABIT,1.0,,1,,,,,,,,
G1S049,G1S049_NOMLE,1.0,,1,,,,,,,,
G1S038,G1S038_NOMLE,1.0,,1,,,,,,,,
G1QJ26,G1QJ26_NOMLE,1.0,,1,,,,,,,,
G1PZD0,G1PZD0_MYOLU,1.0,,1,,,,,,,,
G1N789,G1N789_MELGA,1.0,,1,,,,,,,,
G1N745,G1N745_MELGA,1.0,,1,,,,,,,,
G1M5J8,G1M5J8_AILME,1.0,,1,,,,,,,,
G1LKZ8,G1LKZ8_AILME,1.0,,1,,,,,,,,
G0WG38,G0WG38_NAUDC,1.0,1,,,,,,,,,
G0VMW9,G0VMW9_MEGEL,1.0,1,,,,,,,,,
G0VEA0,G0VEA0_NAUCC,1.0,1,,,,,,,,,
G0TP75,G0TP75_MYCCP,1.0,1,,,,,,,,,
G2XBG9,G2XBG9_VERDV,1.0,1,,,,,,,,,
G2Z0D6,G2Z0D6_FLABF,1.0,1,,,,,,,,,
G2Z1K5,G2Z1K5_FLABF,1.0,1,,,,,,,,,
G4R8E0,G4R8E0_PELHB,1.0,1,,,,,,,,,
G4QKF1,G4QKF1_GLANF,1.0,1,,,,,,,,,
G4QJH0,G4QJH0_GLANF,1.0,1,,,,,,,,,
G4Q9H7,G4Q9H7_TAYAM,1.0,1,,,,,,,,,
G4Q7D4,G4Q7D4_ACIIR,1.0,1,,,,,,,,,
G4Q2Q4,G4Q2Q4_ACIIR,1.0,1,,,,,,,,,
G4P1K7,G4P1K7_BACPT,1.0,1,,,,,,,,,
G4NWX5,G4NWX5_BACPT,1.0,1,,,,,,,,,
G4N1C2,G4N1C2_MAGO7,1.0,1,,,,,,,,,
G4MNT3,G4MNT3_MAGO7,1.0,1,,,,,,,,,
G4L5I5,G4L5I5_TETHN,1.0,1,,,,,,,,,
G4L0X3,G4L0X3_OSCVS,1.0,1,,,,,,,,,
G3WJU9,G3WJU9_SARHA,1.0,,1,,,,,,,,
G3VP38,G3VP38_SARHA,1.0,,1,,,,,,,,
G3VP37,G3VP37_SARHA,1.0,,1,,,,,,,,
G3VM82,G3VM82_SARHA,1.0,,1,,,,,,,,
G4QMV6,G4QMV6_GLANF,1.0,1,,,,,,,,,
G4RCE9,G4RCE9_PELHB,1.0,1,,,,,,,,,
G3TR22,G3TR22_LOXAF,1.0,,1,,,,,,,,
G4RFA3,G4RFA3_PELHB,1.0,1,,,,,,,,,
G7TBM6,G7TBM6_XANOB,1.0,1,,,,,,,,,
G7DP29,G7DP29_BRAJP,1.0,1,,,,,,,,,
G7DJL8,G7DJL8_BRAJP,1.0,1,,,,,,,,,
G7DJ19,G7DJ19_BRAJP,1.0,1,,,,,,,,,
G7DH25,G7DH25_BRAJP,1.0,1,,,,,,,,,
G7DAY2,G7DAY2_BRAJP,1.0,1,,,,,,,,,
G7D8K0,G7D8K0_BRAJP,1.0,1,,,,,,,,,
G7D7P1,G7D7P1_BRAJP,1.0,1,,,,,,,,,
G7D5U3,G7D5U3_BRAJP,1.0,1,,,,,,,,,
G7D4A4,G7D4A4_BRAJP,1.0,1,,,,,,,,,
G5C6I5,G5C6I5_HETGA,1.0,1,,,,,,,,,
G4ZPC2,G4ZPC2_PHYSP,1.0,1,,,,,,,,,
G4T3L2,G4T3L2_META2,1.0,1,,,,,,,,,
G4T138,G4T138_META2,1.0,1,,,,,,,,,
G4RN91,G4RN91_THETK,1.0,1,,,,,,,,,
G3UAU2,G3UAU2_LOXAF,1.0,,1,,,,,,,,
G3TDM4,G3TDM4_LOXAF,1.0,,1,,,,,,,,
G3AEL2,G3AEL2_SPAPN,1.0,1,,,,,,,,,
G3PY23,G3PY23_GASAC,1.0,,1,,,,,,,,
G3PGA8,G3PGA8_GASAC,1.0,,1,,,,,,,,
G3PG80,G3PG80_GASAC,1.0,,1,,,,,,,,
G3NSU2,G3NSU2_GASAC,1.0,,1,,,,,,,,
G3NSS6,G3NSS6_GASAC,1.0,,1,,,,,,,,
G3NSS3,G3NSS3_GASAC,1.0,,1,,,,,,,,
G3N9W6,G3N9W6_GASAC,1.0,,1,,,,,,,,
G3N2D8,G3N2D8_BOVIN,1.0,,1,,,,,,,,
G3JUU2,G3JUU2_CORMM,1.0,1,,,,,,,,,
G3JKI0,G3JKI0_CORMM,1.0,1,,,,,,,,,
G3JH08,G3JH08_CORMM,1.0,1,,,,,,,,,
G3JCD1,G3JCD1_CORMM,1.0,1,,,,,,,,,
G3J9X9,G3J9X9_CORMM,1.0,1,,,,,,,,,
G3BDA2,G3BDA2_CANTC,1.0,1,,,,,,,,,
G3AW13,G3AW13_CANTC,1.0,1,,,,,,,,,
G3AH60,G3AH60_SPAPN,1.0,1,,,,,,,,,
G3PGB9,G3PGB9_GASAC,1.0,,1,,,,,,,,
G3PY27,G3PY27_GASAC,1.0,,1,,,,,,,,
G3T2S1,G3T2S1_LOXAF,1.0,,1,,,,,,,,
G3PY30,G3PY30_GASAC,1.0,,1,,,,,,,,
G3SXC3,G3SXC3_LOXAF,1.0,,1,,,,,,,,
G3SG52,G3SG52_GORGO,1.0,,1,,,,,,,,
G3SDP7,G3SDP7_GORGO,1.0,,1,,,,,,,,
G3S8A4,G3S8A4_GORGO,1.0,,1,,,,,,,,
G3S777,G3S777_GORGO,1.0,,1,,,,,,,,
G3S157,G3S157_GORGO,1.0,,1,,,,,,,,
G3S013,G3S013_GORGO,1.0,,1,,,,,,,,
G3RSB4,G3RSB4_GORGO,1.0,,1,,,,,,,,
G3R9I7,G3R9I7_GORGO,1.0,,1,,,,,,,,
G3R1H1,G3R1H1_GORGO,1.0,,1,,,,,,,,
G3QW35,G3QW35_GORGO,1.0,,1,,,,,,,,
G3QTC3,G3QTC3_GORGO,1.0,,1,,,,,,,,
G3QRZ3,G3QRZ3_GORGO,1.0,,1,,,,,,,,
G3QKH2,G3QKH2_GORGO,1.0,,1,,,,,,,,
G3QFB9,G3QFB9_GORGO,1.0,,1,,,,,,,,
G0ESH5,G0ESH5_CUPNN,1.0,1,,,,,,,,,
W6ZNU3,W6ZNU3_COCMI,1.0,1,,,,,,,,,
K0DQE5,K0DQE5_9BURK,1.0,1,,,,,,,,,
F6GD22,F6GD22_LACS5,1.0,1,,,,,,,,,
F6Q8D1,F6Q8D1_CIOIN,1.0,,1,,,,,,,,
F6Q0P9,F6Q0P9_CALJA,1.0,,1,,,,,,,,
F6NP25,F6NP25_DANRE,1.0,,1,,,,,,,,
F6IPT4,F6IPT4_9SPHN,1.0,1,,,,,,,,,
F6IHY1,F6IHY1_9SPHN,1.0,1,,,,,,,,,
F6IF74,F6IF74_9SPHN,1.0,1,,,,,,,,,
F6IE15,F6IE15_9SPHN,1.0,1,,,,,,,,,
F6G7I7,F6G7I7_RALS8,1.0,1,,,,,,,,,
G0E6H0,G0E6H0_ENTAK,1.0,1,,,,,,,,,
F6FZ22,F6FZ22_RALS8,1.0,1,,,,,,,,,
F6FY82,F6FY82_RALS8,1.0,1,,,,,,,,,
F6FRN2,F6FRN2_ISOV2,1.0,1,,,,,,,,,
F6FQR4,F6FQR4_ISOV2,1.0,1,,,,,,,,,
F6F1Y4,F6F1Y4_SPHCR,1.0,1,,,,,,,,,
F6EVF1,F6EVF1_SPHCR,1.0,1,,,,,,,,,
F6DFU5,F6DFU5_THETG,1.0,1,,,,,,,,,
F6QJN2,F6QJN2_XENTR,1.0,,1,,,,,,,,
F6QVI8,F6QVI8_XENTR,1.0,,1,,,,,,,,
F6R439,F6R439_HORSE,1.0,,1,,,,,,,,
F6SK10,F6SK10_MACMU,1.0,,1,,,,,,,,
F7A2K6,F7A2K6_CIOIN,1.0,,1,,,,,,,,
F7A2B5,F7A2B5_CIOIN,1.0,,1,,,,,,,,
F6Z0I9,F6Z0I9_XENTR,1.0,,1,,,,,,,,
F6Y100,F6Y100_HORSE,1.0,,1,,,,,,,,
F6WUX1,F6WUX1_MOUSE,1.0,,1,,,,,,,,
F6W4Q3,F6W4Q3_CALJA,1.0,,1,,,,,,,,
F6VDK3,F6VDK3_MONDO,1.0,,1,,,,,,,,
F6V828,F6V828_CIOIN,1.0,,1,,,,,,,,
F6V328,F6V328_MOUSE,1.0,,1,,,,,,,,
F6UAC9,F6UAC9_CALJA,1.0,,1,,,,,,,,
F6U6A4,F6U6A4_MACMU,1.0,,1,,,,,,,,
F6TUU3,F6TUU3_XENTR,1.0,,1,,,,,,,,
F6TL05,F6TL05_ORNAN,1.0,,1,,,,,,,,
F6SKQ1,F6SKQ1_ORNAN,1.0,,1,,,,,,,,
F6SKM4,F6SKM4_ORNAN,1.0,,1,,,,,,,,
F6DAA4,F6DAA4_THICA,1.0,1,,,,,,,,,
F6CS24,F6CS24_MARPP,1.0,1,,,,,,,,,
F6AWW4,F6AWW4_DELSC,1.0,1,,,,,,,,,
F4LHM6,F4LHM6_BORPC,1.0,1,,,,,,,,,
F4LAW4,F4LAW4_BORPC,1.0,1,,,,,,,,,
F4L9S9,F4L9S9_BORPC,1.0,1,,,,,,,,,
F4L5L1,F4L5L1_HALH1,1.0,1,,,,,,,,,
F4L1C5,F4L1C5_HALH1,1.0,1,,,,,,,,,
F4L0J1,F4L0J1_HALH1,1.0,1,,,,,,,,,
F4HE11,F4HE11_GALAU,1.0,1,,,,,,,,,
F4H127,F4H127_CELFA,1.0,1,,,,,,,,,
F4GQV4,F4GQV4_PUSST,1.0,1,,,,,,,,,
F4GQ66,F4GQ66_PUSST,1.0,1,,,,,,,,,
F4GDU1,F4GDU1_ALIDK,1.0,1,,,,,,,,,
F4GBR2,F4GBR2_ALIDK,1.0,1,,,,,,,,,
F4GBJ9,F4GBJ9_ALIDK,1.0,1,,,,,,,,,
F4G8G1,F4G8G1_ALIDK,1.0,1,,,,,,,,,
F4G0X1,F4G0X1_METCR,1.0,1,,,,,,,,,
F4DP19,F4DP19_PSEMN,1.0,1,,,,,,,,,
F4LB15,F4LB15_BORPC,1.0,1,,,,,,,,,
F4Q9T4,F4Q9T4_DICFS,1.0,1,,,,,,,,,
F6AVH9,F6AVH9_DELSC,1.0,1,,,,,,,,,
F4RSF1,F4RSF1_MELLP,1.0,1,,,,,,,,,
F6ARJ9,F6ARJ9_DELSC,1.0,1,,,,,,,,,
F6ANV4,F6ANV4_DELSC,1.0,1,,,,,,,,,
F6ANK3,F6ANK3_DELSC,1.0,1,,,,,,,,,
F6AE79,F6AE79_PSEF1,1.0,1,,,,,,,,,
F6AAB3,F6AAB3_PSEF1,1.0,1,,,,,,,,,
F6A8U5,F6A8U5_PSEF1,1.0,1,,,,,,,,,
F5ZEW7,F5ZEW7_ALTSS,1.0,1,,,,,,,,,
F5ZBL3,F5ZBL3_ALTSS,1.0,1,,,,,,,,,
F5Z8E0,F5Z8E0_ALTSS,1.0,1,,,,,,,,,
F5Z5C5,F5Z5C5_ALTSS,1.0,1,,,,,,,,,
F5Y674,F5Y674_RAMTT,1.0,1,,,,,,,,,
F5Y628,F5Y628_RAMTT,1.0,1,,,,,,,,,
F5Y1Y2,F5Y1Y2_RAMTT,1.0,1,,,,,,,,,
F5XXY6,F5XXY6_RAMTT,1.0,1,,,,,,,,,
F5XNJ1,F5XNJ1_MICPN,1.0,1,,,,,,,,,
F7A2U0,F7A2U0_CIOIN,1.0,,1,,,,,,,,
F7B142,F7B142_MACMU,1.0,,1,,,,,,,,
F7B152,F7B152_MACMU,1.0,,1,,,,,,,,
F9WYQ5,F9WYQ5_ZYMTI,1.0,1,,,,,,,,,
F8VLI3,F8VLI3_SALBC,1.0,1,,,,,,,,,
F8NFW8,F8NFW8_SERL9,1.0,1,,,,,,,,,
F8MQB5,F8MQB5_NEUT8,1.0,1,,,,,,,,,
F8MCC5,F8MCC5_NEUT8,1.0,1,,,,,,,,,
F8M3R8,F8M3R8_MYCA0,1.0,1,,,,,,,,,
F8M1I3,F8M1I3_MYCA0,1.0,1,,,,,,,,,
F8KQ55,F8KQ55_HELBC,1.0,1,,,,,,,,,
F8JYJ6,F8JYJ6_STREN,1.0,1,,,,,,,,,
F8JYI5,F8JYI5_STREN,1.0,1,,,,,,,,,
F8JD85,F8JD85_HYPSM,1.0,1,,,,,,,,,
F8IIB8,F8IIB8_ALIAT,1.0,1,,,,,,,,,
F8I2W6,F8I2W6_SULAT,1.0,1,,,,,,,,,
F8H7C8,F8H7C8_PSEUT,1.0,1,,,,,,,,,
F8H500,F8H500_PSEUT,1.0,1,,,,,,,,,
F8GT77,F8GT77_CUPNN,1.0,1,,,,,,,,,
F8W3T7,F8W3T7_DANRE,1.0,,1,,,,,,,,
F9XEQ4,F9XEQ4_ZYMTI,1.0,1,,,,,,,,,
F8G6X6,F8G6X6_FRAST,1.0,1,,,,,,,,,
F9Y3Z3,F9Y3Z3_KETVW,1.0,1,,,,,,,,,
G0CKZ9,G0CKZ9_XANCA,1.0,1,,,,,,,,,
G0CI06,G0CI06_XANCA,1.0,1,,,,,,,,,
G0CF42,G0CF42_XANCA,1.0,1,,,,,,,,,
G0B119,G0B119_9GAMM,1.0,1,,,,,,,,,
G0AV35,G0AV35_9GAMM,1.0,1,,,,,,,,,
G0AGZ4,G0AGZ4_COLFT,1.0,1,,,,,,,,,
G0AFX9,G0AFX9_COLFT,1.0,1,,,,,,,,,
G0AEQ1,G0AEQ1_COLFT,1.0,1,,,,,,,,,
G0ABJ3,G0ABJ3_COLFT,1.0,1,,,,,,,,,
F9ZUL2,F9ZUL2_ACICS,1.0,1,,,,,,,,,
F9ZI64,F9ZI64_9PROT,1.0,1,,,,,,,,,
F9YBC3,F9YBC3_KETVW,1.0,1,,,,,,,,,
F9YB52,F9YB52_KETVW,1.0,1,,,,,,,,,
F9YAV6,F9YAV6_KETVW,1.0,1,,,,,,,,,
F9Y6W3,F9Y6W3_KETVW,1.0,1,,,,,,,,,
F8GRZ8,F8GRZ8_CUPNN,1.0,1,,,,,,,,,
F8G621,F8G621_PSEP6,1.0,1,,,,,,,,,
F7B201,F7B201_CALJA,1.0,,1,,,,,,,,
F7Y6H8,F7Y6H8_MESOW,1.0,1,,,,,,,,,
F7VYV9,F7VYV9_SORMK,1.0,1,,,,,,,,,
F7VPK9,F7VPK9_SORMK,1.0,1,,,,,,,,,
F7UQN1,F7UQN1_SYNYG,1.0,1,,,,,,,,,
F7IRW2,F7IRW2_CALJA,1.0,,1,,,,,,,,
F7IEP5,F7IEP5_CALJA,1.0,,1,,,,,,,,
F7I2U1,F7I2U1_CALJA,1.0,,1,,,,,,,,
F7I1A0,F7I1A0_CALJA,1.0,,1,,,,,,,,
F7HKK7,F7HKK7_MACMU,1.0,,1,,,,,,,,
F7HKK5,F7HKK5_MACMU,1.0,,1,,,,,,,,
F7HKJ5,F7HKJ5_MACMU,1.0,,1,,,,,,,,
F7HJH5,F7HJH5_CALJA,1.0,,1,,,,,,,,
F7GAQ2,F7GAQ2_ORNAN,1.0,,1,,,,,,,,
F7F5R4,F7F5R4_ORNAN,1.0,,1,,,,,,,,
F7ERS3,F7ERS3_MACMU,1.0,,1,,,,,,,,
F7DXY0,F7DXY0_HORSE,1.0,,1,,,,,,,,
F7XIE1,F7XIE1_SINMM,1.0,1,,,,,,,,,
F7Y8Q3,F7Y8Q3_MESOW,1.0,1,,,,,,,,,
F8G0F3,F8G0F3_PSEP6,1.0,1,,,,,,,,,
F7Z2T2,F7Z2T2_BACC6,1.0,1,,,,,,,,,
F8FF81,F8FF81_PAEMK,1.0,1,,,,,,,,,
F8ERV2,F8ERV2_ZYMMT,1.0,1,,,,,,,,,
F8EQL1,F8EQL1_RUNSL,1.0,1,,,,,,,,,
F8ECI2,F8ECI2_RUNSL,1.0,1,,,,,,,,,
F8DWF1,F8DWF1_ZYMMA,1.0,1,,,,,,,,,
F8D6M5,F8D6M5_HALXS,1.0,1,,,,,,,,,
F8CUX1,F8CUX1_GEOTC,1.0,1,,,,,,,,,
F8CDU3,F8CDU3_MYXFH,1.0,1,,,,,,,,,
F8BTA3,F8BTA3_OLICO,1.0,1,,,,,,,,,
F8BS52,F8BS52_OLICO,1.0,1,,,,,,,,,
F8AD30,F8AD30_THEID,1.0,1,,,,,,,,,
F7ZFD3,F7ZFD3_ROSLO,1.0,1,,,,,,,,,
F7ZDN5,F7ZDN5_ROSLO,1.0,1,,,,,,,,,
F7ZDA6,F7ZDA6_ROSLO,1.0,1,,,,,,,,,
F7Z3D0,F7Z3D0_BACC6,1.0,1,,,,,,,,,
G7UN21,G7UN21_PSEUP,1.0,1,,,,,,,,,
G7UN22,G7UN22_PSEUP,1.0,1,,,,,,,,,
G7UNB1,G7UNB1_PSEUP,1.0,1,,,,,,,,,
I1XI51,I1XI51_METNJ,1.0,1,,,,,,,,,
I2CAZ5,I2CAZ5_BACAM,1.0,1,,,,,,,,,
I2C694,I2C694_BACAM,1.0,1,,,,,,,,,
I2BQR0,I2BQR0_PSEFL,1.0,1,,,,,,,,,
I2B0U8,I2B0U8_FRANT,1.0,1,,,,,,,,,
I2A8F9,I2A8F9_9MYCO,1.0,1,,,,,,,,,
I1YFX0,I1YFX0_METFJ,1.0,1,,,,,,,,,
I1XNV1,I1XNV1_AGGAC,1.0,1,,,,,,,,,
I1WTM1,I1WTM1_BURP2,1.0,1,,,,,,,,,
G7URP6,G7URP6_PSEUP,1.0,1,,,,,,,,,
I1WN30,I1WN30_BURP2,1.0,1,,,,,,,,,
I1WMC3,I1WMC3_BURP2,1.0,1,,,,,,,,,
I1S273,I1S273_GIBZE,1.0,1,,,,,,,,,
I1KJR9,I1KJR9_SOYBN,1.0,1,,,,,,,,,
I0YQD1,I0YQD1_9CHLO,1.0,1,,,,,,,,,
I0LI09,I0LI09_CORGK,1.0,1,,,,,,,,,
I0KSI6,I0KSI6_STEMA,1.0,1,,,,,,,,,
I2DGZ8,I2DGZ8_HELPX,1.0,1,,,,,,,,,
I2DQ70,I2DQ70_9BURK,1.0,1,,,,,,,,,
I2DQS4,I2DQS4_9BURK,1.0,1,,,,,,,,,
I2DW02,I2DW02_9BURK,1.0,1,,,,,,,,,
I3TX28,I3TX28_TISMK,1.0,1,,,,,,,,,
I3TW11,I3TW11_TISMK,1.0,1,,,,,,,,,
I3TUF4,I3TUF4_TISMK,1.0,1,,,,,,,,,
I3TQ11,I3TQ11_TISMK,1.0,1,,,,,,,,,
I3NC20,I3NC20_SPETR,1.0,,1,,,,,,,,
I3MZ06,I3MZ06_SPETR,1.0,,1,,,,,,,,
I3MMR9,I3MMR9_SPETR,1.0,,1,,,,,,,,
I3L2G6,I3L2G6_HUMAN,1.0,,1,,,,,,,,
I2GXB4,I2GXB4_TETBL,1.0,1,,,,,,,,,
I2F757,I2F757_9THEM,1.0,1,,,,,,,,,
I2ETU6,I2ETU6_EMTOG,1.0,1,,,,,,,,,
I2EPV3,I2EPV3_EMTOG,1.0,1,,,,,,,,,
I2E1W7,I2E1W7_RHIML,1.0,1,,,,,,,,,
I2DX32,I2DX32_9BURK,1.0,1,,,,,,,,,
I2DWQ9,I2DWQ9_9BURK,1.0,1,,,,,,,,,
I0KMK7,I0KMK7_STEMA,1.0,1,,,,,,,,,
I0KF43,I0KF43_9BACT,1.0,1,,,,,,,,,
I0K5Q4,I0K5Q4_9BACT,1.0,1,,,,,,,,,
I0EIS2,I0EIS2_HELPX,1.0,1,,,,,,,,,
I0DSE0,I0DSE0_PROSM,1.0,1,,,,,,,,,
I0BJM6,I0BJM6_9BACL,1.0,1,,,,,,,,,
I0AJV3,I0AJV3_IGNAJ,1.0,1,,,,,,,,,
H9ZZM3,H9ZZM3_FERFK,1.0,1,,,,,,,,,
H9ZS75,H9ZS75_THETH,1.0,1,,,,,,,,,
H9UXX2,H9UXX2_ECOLX,1.0,1,,,,,,,,,
H9UHN9,H9UHN9_SPIAZ,1.0,1,,,,,,,,,
H9UHN8,H9UHN8_SPIAZ,1.0,1,,,,,,,,,
H9KY72,H9KY72_CALJA,1.0,,1,,,,,,,,
H9KXD0,H9KXD0_CALJA,1.0,,1,,,,,,,,
H9KX55,H9KX55_CALJA,1.0,,1,,,,,,,,
H9KX54,H9KX54_CALJA,1.0,,1,,,,,,,,
H9KX53,H9KX53_CALJA,1.0,,1,,,,,,,,
H9KWR8,H9KWR8_CALJA,1.0,,1,,,,,,,,
H9KWE9,H9KWE9_CALJA,1.0,,1,,,,,,,,
I0E5H4,I0E5H4_HELPX,1.0,1,,,,,,,,,
I0ENY7,I0ENY7_HELC0,1.0,1,,,,,,,,,
I0JR02,I0JR02_HALH3,1.0,1,,,,,,,,,
I0EU26,I0EU26_HELCM,1.0,1,,,,,,,,,
I0JQH6,I0JQH6_HALH3,1.0,1,,,,,,,,,
I0JJ21,I0JJ21_HALH3,1.0,1,,,,,,,,,
I0I6A6,I0I6A6_CALAS,1.0,1,,,,,,,,,
I0HVQ2,I0HVQ2_RUBGI,1.0,1,,,,,,,,,
I0HR77,I0HR77_RUBGI,1.0,1,,,,,,,,,
I0HF40,I0HF40_ACTM4,1.0,1,,,,,,,,,
I0GYD6,I0GYD6_ACTM4,1.0,1,,,,,,,,,
I0GDZ7,I0GDZ7_9BRAD,1.0,1,,,,,,,,,
I0GDF8,I0GDF8_9BRAD,1.0,1,,,,,,,,,
I0GC51,I0GC51_9BRAD,1.0,1,,,,,,,,,
I0FY89,I0FY89_9BRAD,1.0,1,,,,,,,,,
I0FXR0,I0FXR0_9BRAD,1.0,1,,,,,,,,,
I0F9P5,I0F9P5_9BACI,1.0,1,,,,,,,,,
I0F4Z0,I0F4Z0_9BACI,1.0,1,,,,,,,,,
I0EXR6,I0EXR6_HELPX,1.0,1,,,,,,,,,
I3U802,I3U802_ADVKW,1.0,1,,,,,,,,,
I3UCY8,I3UCY8_ADVKW,1.0,1,,,,,,,,,
I3UHD2,I3UHD2_ADVKW,1.0,1,,,,,,,,,
J9S3V4,J9S3V4_9ACTO,1.0,1,,,,,,,,,
J9P2C6,J9P2C6_CANFA,1.0,,1,,,,,,,,
J9JSL7,J9JSL7_ACYPI,1.0,1,,,,,,,,,
J9JIM2,J9JIM2_PIG,1.0,,1,,,,,,,,
J9JHI2,J9JHI2_CANFA,1.0,,1,,,,,,,,
J7SKQ4,J7SKQ4_MORMO,1.0,1,,,,,,,,,
J7R8Y1,J7R8Y1_BORP1,1.0,1,,,,,,,,,
J7QRC9,J7QRC9_BORP1,1.0,1,,,,,,,,,
J7QCE3,J7QCE3_BORP1,1.0,1,,,,,,,,,
J7LSS1,J7LSS1_9MICC,1.0,1,,,,,,,,,
J7LHI1,J7LHI1_NOCAA,1.0,1,,,,,,,,,
J7L1Q2,J7L1Q2_PECCC,1.0,1,,,,,,,,,
J7KW05,J7KW05_PECCC,1.0,1,,,,,,,,,
J7JCM0,J7JCM0_BURCE,1.0,1,,,,,,,,,
J7J9B5,J7J9B5_BURCE,1.0,1,,,,,,,,,
J7J7E3,J7J7E3_BURCE,1.0,1,,,,,,,,,
J9R3J5,J9R3J5_RIEAN,1.0,1,,,,,,,,,
J9TXN2,J9TXN2_BRAPL,1.0,1,,,,,,,,,
J7GB21,J7GB21_ENTCL,1.0,1,,,,,,,,,
J9W6R1,J9W6R1_9MYCO,1.0,1,,,,,,,,,
K0D2P3,K0D2P3_ALTMS,1.0,1,,,,,,,,,
K0D1D7,K0D1D7_ALTMS,1.0,1,,,,,,,,,
K0CZZ1,K0CZZ1_ALTMS,1.0,1,,,,,,,,,
K0CWJ0,K0CWJ0_ALTMS,1.0,1,,,,,,,,,
K0CEZ8,K0CEZ8_ALCDB,1.0,1,,,,,,,,,
K0C9H1,K0C9H1_ALCDB,1.0,1,,,,,,,,,
K0C8G4,K0C8G4_CYCSP,1.0,1,,,,,,,,,
K0BTL4,K0BTL4_ECO1E,1.0,1,,,,,,,,,
K0BAQ4,K0BAQ4_9ARCH,1.0,1,,,,,,,,,
K0BAB4,K0BAB4_9ARCH,1.0,1,,,,,,,,,
J9Z1Q3,J9Z1Q3_9PROT,1.0,1,,,,,,,,,
J9Y9C6,J9Y9C6_ALTMA,1.0,1,,,,,,,,,
J9Y8V5,J9Y8V5_ALTMA,1.0,1,,,,,,,,,
J9Y1U4,J9Y1U4_ALTMA,1.0,1,,,,,,,,,
J9Y1H8,J9Y1H8_ALTMA,1.0,1,,,,,,,,,
J7J3S4,J7J3S4_BURCE,1.0,1,,,,,,,,,
J7GAN2,J7GAN2_ENTCL,1.0,1,,,,,,,,,
I3UMV1,I3UMV1_PSEPU,1.0,1,,,,,,,,,
I4YCM5,I4YCM5_WALSC,1.0,1,,,,,,,,,
I4EWS3,I4EWS3_MODMB,1.0,1,,,,,,,,,
I4EQ90,I4EQ90_MODMB,1.0,1,,,,,,,,,
I4CN59,I4CN59_PSEST,1.0,1,,,,,,,,,
I4BXK4,I4BXK4_ANAMD,1.0,1,,,,,,,,,
I4B857,I4B857_TURPD,1.0,1,,,,,,,,,
I4AMS2,I4AMS2_FLELS,1.0,1,,,,,,,,,
I4ACB9,I4ACB9_DESDJ,1.0,1,,,,,,,,,
I3ZLP1,I3ZLP1_TERRK,1.0,1,,,,,,,,,
I3Z8F4,I3Z8F4_BELBD,1.0,1,,,,,,,,,
I3Z899,I3Z899_BELBD,1.0,1,,,,,,,,,
I3YZH7,I3YZH7_AEQSU,1.0,1,,,,,,,,,
I3YD14,I3YD14_THIV6,1.0,1,,,,,,,,,
I3XQG4,I3XQG4_9CREN,1.0,1,,,,,,,,,
I3X2S9,I3X2S9_RHIFR,1.0,1,,,,,,,,,
I3USR7,I3USR7_PSEPU,1.0,1,,,,,,,,,
I4YAJ0,I4YAJ0_WALSC,1.0,1,,,,,,,,,
I6RDR4,I6RDR4_ENTCL,1.0,1,,,,,,,,,
J7G816,J7G816_ENTCL,1.0,1,,,,,,,,,
I6SF81,I6SF81_ENTCL,1.0,1,,,,,,,,,
J3KKS4,J3KKS4_COCIM,1.0,1,,,,,,,,,
I7JQC9,I7JQC9_9BURK,1.0,1,,,,,,,,,
I7IKY2,I7IKY2_9BURK,1.0,1,,,,,,,,,
I7I2F5,I7I2F5_LEGPN,1.0,1,,,,,,,,,
I7HVH5,I7HVH5_LEGPN,1.0,1,,,,,,,,,
I7EPM1,I7EPM1_PHAG2,1.0,1,,,,,,,,,
I7DV57,I7DV57_PHAIB,1.0,1,,,,,,,,,
I7DTS9,I7DTS9_PHAIB,1.0,1,,,,,,,,,
I7DIX9,I7DIX9_PHAG2,1.0,1,,,,,,,,,
I7C0U0,I7C0U0_PSEPT,1.0,1,,,,,,,,,
I7BK21,I7BK21_NATSJ,1.0,1,,,,,,,,,
I7ATD3,I7ATD3_PSEPT,1.0,1,,,,,,,,,
I7AAX0,I7AAX0_PSEST,1.0,1,,,,,,,,,
I6X9S5,I6X9S5_MYCTU,1.0,1,,,,,,,,,
I6SH43,I6SH43_ENTCL,1.0,1,,,,,,,,,
H9KWE8,H9KWE8_CALJA,1.0,,1,,,,,,,,
H9H7I2,H9H7I2_MONDO,1.0,,1,,,,,,,,
H9H5K9,H9H5K9_MACMU,1.0,,1,,,,,,,,
H0ZIK1,H0ZIK1_TAEGU,1.0,,1,,,,,,,,
H0XBD0,H0XBD0_OTOGA,1.0,,1,,,,,,,,
H0WZP0,H0WZP0_OTOGA,1.0,,1,,,,,,,,
H0VDJ3,H0VDJ3_CAVPO,1.0,,1,,,,,,,,
H0VBC7,H0VBC7_CAVPO,1.0,,1,,,,,,,,
H0V0T5,H0V0T5_CAVPO,1.0,,1,,,,,,,,
H0PWD3,H0PWD3_9RHOO,1.0,1,,,,,,,,,
G9AJN3,G9AJN3_RHIFH,1.0,1,,,,,,,,,
G9AET7,G9AET7_RHIFH,1.0,1,,,,,,,,,
G9AAC1,G9AAC1_RHIFH,1.0,1,,,,,,,,,
G8ZXX5,G8ZXX5_TORDC,1.0,1,,,,,,,,,
G8X4P3,G8X4P3_FLACA,1.0,1,,,,,,,,,
G8WLR9,G8WLR9_KLEOK,1.0,1,,,,,,,,,
G8WKG3,G8WKG3_KLEOK,1.0,1,,,,,,,,,
G8USV7,G8USV7_LEGPN,1.0,1,,,,,,,,,
G8TUG0,G8TUG0_SULAD,1.0,1,,,,,,,,,
H0XKF4,H0XKF4_OTOGA,1.0,,1,,,,,,,,
H0ZIL5,H0ZIL5_TAEGU,1.0,,1,,,,,,,,
G8T9M8,G8T9M8_NIAKG,1.0,1,,,,,,,,,
H2ANG3,H2ANG3_KAZAF,1.0,1,,,,,,,,,
H2MFL5,H2MFL5_ORYLA,1.0,,1,,,,,,,,
H2M6N4,H2M6N4_ORYLA,1.0,,1,,,,,,,,
H2LXP4,H2LXP4_ORYLA,1.0,,1,,,,,,,,
H2LXJ4,H2LXJ4_ORYLA,1.0,,1,,,,,,,,
H2L0B7,H2L0B7_CAEEL,1.0,,1,,,,,,,,
H2L030,H2L030_CAEEL,1.0,,1,,,,,,,,
H2JMB9,H2JMB9_STRHJ,1.0,1,,,,,,,,,
H2JL12,H2JL12_STRHJ,1.0,1,,,,,,,,,
H2JKW9,H2JKW9_STRHJ,1.0,1,,,,,,,,,
H2IZM2,H2IZM2_RAHAC,1.0,1,,,,,,,,,
H2IYF6,H2IYF6_RAHAC,1.0,1,,,,,,,,,
H2IFH9,H2IFH9_VIBSJ,1.0,1,,,,,,,,,
H2IBF6,H2IBF6_VIBSJ,1.0,1,,,,,,,,,
H2G135,H2G135_OCESG,1.0,1,,,,,,,,,
H2FWJ3,H2FWJ3_OCESG,1.0,1,,,,,,,,,
G8TQR9,G8TQR9_NIAKG,1.0,1,,,,,,,,,
G8SFS1,G8SFS1_ACTS5,1.0,1,,,,,,,,,
H2MI15,H2MI15_ORYLA,1.0,,1,,,,,,,,
G8LNK1,G8LNK1_ENTCL,1.0,1,,,,,,,,,
G8LIK4,G8LIK4_ENTCL,1.0,1,,,,,,,,,
G8JR32,G8JR32_ERECY,1.0,1,,,,,,,,,
G8BZA8,G8BZA8_TETPH,1.0,1,,,,,,,,,
G8B047,G8B047_AZOBR,1.0,1,,,,,,,,,
G8AYS9,G8AYS9_AZOBR,1.0,1,,,,,,,,,
G8AYS8,G8AYS8_AZOBR,1.0,1,,,,,,,,,
G8AP99,G8AP99_AZOBR,1.0,1,,,,,,,,,
G8AI17,G8AI17_AZOBR,1.0,1,,,,,,,,,
G7ZQI3,G7ZQI3_STAAU,1.0,1,,,,,,,,,
G7ZH92,G7ZH92_AZOL4,1.0,1,,,,,,,,,
G7Z2N3,G7Z2N3_AZOL4,1.0,1,,,,,,,,,
G7WGZ2,G7WGZ2_DESOD,1.0,1,,,,,,,,,
G7VQ70,G7VQ70_PAETH,1.0,1,,,,,,,,,
G7VCZ8,G7VCZ8_9CREN,1.0,1,,,,,,,,,
G7V8M3,G7V8M3_THELD,1.0,1,,,,,,,,,
G8LJ25,G8LJ25_ENTCL,1.0,1,,,,,,,,,
G8M4G3,G8M4G3_9BURK,1.0,1,,,,,,,,,
G8S7E3,G8S7E3_ACTS5,1.0,1,,,,,,,,,
G8MEW7,G8MEW7_9BURK,1.0,1,,,,,,,,,
G8RHE7,G8RHE7_MYCRN,1.0,1,,,,,,,,,
G8QPH5,G8QPH5_AZOSU,1.0,1,,,,,,,,,
G8QCE8,G8QCE8_PSEFL,1.0,1,,,,,,,,,
G8QBY7,G8QBY7_PSEFL,1.0,1,,,,,,,,,
G8Q9H4,G8Q9H4_PSEFL,1.0,1,,,,,,,,,
G8PPN9,G8PPN9_PSEUV,1.0,1,,,,,,,,,
G8PHJ9,G8PHJ9_PSEUV,1.0,1,,,,,,,,,
G8NY78,G8NY78_GRAMM,1.0,1,,,,,,,,,
G8NXR6,G8NXR6_GRAMM,1.0,1,,,,,,,,,
G8NCN7,G8NCN7_9DEIN,1.0,1,,,,,,,,,
G8MZT5,G8MZT5_GEOTH,1.0,1,,,,,,,,,
G8MK63,G8MK63_9BURK,1.0,1,,,,,,,,,
G8MJG8,G8MJG8_9BURK,1.0,1,,,,,,,,,
G8MJ91,G8MJ91_9BURK,1.0,1,,,,,,,,,
G8MG35,G8MG35_9BURK,1.0,1,,,,,,,,,
H2MHY1,H2MHY1_ORYLA,1.0,,1,,,,,,,,
H2P3U1,H2P3U1_PONAB,1.0,,1,,,,,,,,
H9H482,H9H482_MACMU,1.0,,1,,,,,,,,
H8IPC9,H8IPC9_MYCIA,1.0,1,,,,,,,,,
H8GRU3,H8GRU3_DEIGI,1.0,1,,,,,,,,,
H8EXS7,H8EXS7_MYCTE,1.0,1,,,,,,,,,
H8ET82,H8ET82_MYCTE,1.0,1,,,,,,,,,
H7C1X2,H7C1X2_HUMAN,1.0,,1,,,,,,,,
H6SNL4,H6SNL4_RHOPH,1.0,1,,,,,,,,,
H6SNB3,H6SNB3_RHOPH,1.0,1,,,,,,,,,
H6SNB2,H6SNB2_RHOPH,1.0,1,,,,,,,,,
H6R167,H6R167_NOCCG,1.0,1,,,,,,,,,
H6Q7M9,H6Q7M9_PYROT,1.0,1,,,,,,,,,
H6NLB6,H6NLB6_9BACL,1.0,1,,,,,,,,,
H6MRB4,H6MRB4_GORPV,1.0,1,,,,,,,,,
H6L9C3,H6L9C3_SAPGL,1.0,1,,,,,,,,,
H6L795,H6L795_SAPGL,1.0,1,,,,,,,,,
H3D1N8,H3D1N8_TETNG,1.0,,1,,,,,,,,
H3D1N6,H3D1N6_TETNG,1.0,,1,,,,,,,,
H8H7J7,H8H7J7_HELPX,1.0,1,,,,,,,,,
H8KNM5,H8KNM5_SOLCM,1.0,1,,,,,,,,,
H3CUK6,H3CUK6_TETNG,1.0,,1,,,,,,,,
H8KYA0,H8KYA0_FRAAD,1.0,1,,,,,,,,,
H9H3T3,H9H3T3_MACMU,1.0,,1,,,,,,,,
H9H345,H9H345_MACMU,1.0,,1,,,,,,,,
H9H2T4,H9H2T4_MACMU,1.0,,1,,,,,,,,
H9G7K6,H9G7K6_ANOCA,1.0,,1,,,,,,,,
H9G7G2,H9G7G2_ANOCA,1.0,,1,,,,,,,,
H9ETE7,H9ETE7_MACMU,1.0,1,,,,,,,,,
H8XMV3,H8XMV3_BACAM,1.0,1,,,,,,,,,
H8XJ16,H8XJ16_BACAM,1.0,1,,,,,,,,,
H8X706,H8X706_CANO9,1.0,1,,,,,,,,,
H8X2C9,H8X2C9_CANO9,1.0,1,,,,,,,,,
H8W7U6,H8W7U6_MARHY,1.0,1,,,,,,,,,
H8NW64,H8NW64_RAHAQ,1.0,1,,,,,,,,,
H8NQL2,H8NQL2_RAHAQ,1.0,1,,,,,,,,,
H8NPN3,H8NPN3_RAHAQ,1.0,1,,,,,,,,,
H8MS19,H8MS19_CORCM,1.0,1,,,,,,,,,
H3CUK7,H3CUK7_TETNG,1.0,,1,,,,,,,,
H3C1J4,H3C1J4_TETNG,1.0,,1,,,,,,,,
H2P3U3,H2P3U3_PONAB,1.0,,1,,,,,,,,
H2YDU9,H2YDU9_CIOSA,1.0,,1,,,,,,,,
H2YDU7,H2YDU7_CIOSA,1.0,,1,,,,,,,,
H2XKI1,H2XKI1_CIOIN,1.0,,1,,,,,,,,
H2VCB6,H2VCB6_TAKRU,1.0,,1,,,,,,,,
H2UXU8,H2UXU8_TAKRU,1.0,,1,,,,,,,,
H2UXS6,H2UXS6_TAKRU,1.0,,1,,,,,,,,
H2UXS5,H2UXS5_TAKRU,1.0,,1,,,,,,,,
H2TSS9,H2TSS9_TAKRU,1.0,,1,,,,,,,,
H2TQG0,H2TQG0_TAKRU,1.0,,1,,,,,,,,
H2TQF9,H2TQF9_TAKRU,1.0,,1,,,,,,,,
H2RAF4,H2RAF4_PANTR,1.0,,1,,,,,,,,
H2R9U4,H2R9U4_PANTR,1.0,,1,,,,,,,,
H2R716,H2R716_PANTR,1.0,,1,,,,,,,,
H2QLD6,H2QLD6_PANTR,1.0,,1,,,,,,,,
H2QK37,H2QK37_PANTR,1.0,,1,,,,,,,,
H2P3V1,H2P3V1_PONAB,1.0,,1,,,,,,,,
H2YDU8,H2YDU8_CIOSA,1.0,,1,,,,,,,,
H2YDV0,H2YDV0_CIOSA,1.0,,1,,,,,,,,
H3C188,H3C188_TETNG,1.0,,1,,,,,,,,
H2YEV7,H2YEV7_CIOSA,1.0,,1,,,,,,,,
H3BKA5,H3BKA5_MOUSE,1.0,,1,,,,,,,,
H3B4K7,H3B4K7_LATCH,1.0,,1,,,,,,,,
H3B3P7,H3B3P7_LATCH,1.0,,1,,,,,,,,
H3B3P6,H3B3P6_LATCH,1.0,,1,,,,,,,,
H3B382,H3B382_LATCH,1.0,,1,,,,,,,,
H2ZRY6,H2ZRY6_LATCH,1.0,,1,,,,,,,,
H2ZHA5,H2ZHA5_CIOSA,1.0,,1,,,,,,,,
H2ZHA4,H2ZHA4_CIOSA,1.0,,1,,,,,,,,
H2ZHA3,H2ZHA3_CIOSA,1.0,,1,,,,,,,,
H2Z5T7,H2Z5T7_CIOSA,1.0,,1,,,,,,,,
H2Z5T6,H2Z5T6_CIOSA,1.0,,1,,,,,,,,
H2Z1W6,H2Z1W6_CIOSA,1.0,,1,,,,,,,,
H2YEW0,H2YEW0_CIOSA,1.0,,1,,,,,,,,
H2YEV9,H2YEV9_CIOSA,1.0,,1,,,,,,,,
H2YEV8,H2YEV8_CIOSA,1.0,,1,,,,,,,,
A0A087WNR3,A0A087WNR3_MOUSE,1.0,,1,,,,,,,,
